0 0.028846153846153848 0.5360576923076923 0.055288461538461536 0.15985576923076922
0 0.09254807692307693 0.5192307692307693 0.027644230769230768 0.09014423076923077
0 0.12620192307692307 0.5360576923076923 0.07932692307692307 0.15985576923076922
0 0.23557692307692307 0.5612980769230769 0.0733173076923077 0.1045673076923077
0 0.27283653846153844 0.5396634615384616 0.027644230769230768 0.140625
0 0.2956730769230769 0.5300480769230769 0.02403846153846154 0.13822115384615385
0 0.3449519230769231 0.5300480769230769 0.051682692307692304 0.14182692307692307
0 0.34615384615384615 0.43149038461538464 0.04326923076923077 0.056490384615384616
0 0.40384615384615385 0.46875 0.08052884615384616 0.2848557692307692
0 0.4483173076923077 0.5300480769230769 0.06490384615384616 0.08774038461538461
0 0.48197115384615385 0.4963942307692308 0.02283653846153846 0.07692307692307693
0 0.5096153846153846 0.4987980769230769 0.03245192307692308 0.057692307692307696