0 0.4254807692307692 0.7560096153846154 0.8509615384615384 0.10216346153846154
0 0.06850961538461539 0.578125 0.025240384615384616 0.03365384615384615
0 0.0985576923076923 0.5805288461538461 0.03365384615384615 0.028846153846153848
0 0.3293269230769231 0.6790865384615384 0.02403846153846154 0.027644230769230768
0 0.359375 0.6802884615384616 0.025240384615384616 0.025240384615384616
0 0.36658653846153844 0.5685096153846154 0.014423076923076924 0.04567307692307692
0 0.38100961538461536 0.49038461538461536 0.027644230769230768 0.057692307692307696
0 0.47596153846153844 0.3449519230769231 0.04326923076923077 0.125
0 0.4879807692307692 0.2536057692307692 0.04447115384615385 0.12860576923076922
0 0.5709134615384616 0.20432692307692307 0.07451923076923077 0.16105769230769232
0 0.6153846153846154 0.8317307692307693 0.13341346153846154 0.13822115384615385
0 0.59375 0.2704326923076923 0.05889423076923077 0.0985576923076923
0 0.7043269230769231 0.8028846153846154 0.05889423076923077 0.06971153846153846
0 0.7872596153846154 0.10216346153846154 0.21634615384615385 0.20432692307692307
0 0.8341346153846154 0.14302884615384615 0.31009615384615385 0.2644230769230769
0 0.7920673076923077 0.8569711538461539 0.15865384615384615 0.17067307692307693
0 0.7728365384615384 0.8233173076923077 0.07451923076923077 0.06610576923076923
0 0.8858173076923077 0.7596153846153846 0.038461538461538464 0.06129807692307692
0 0.9423076923076923 0.7391826923076923 0.028846153846153848 0.028846153846153848
0 0.9879807692307693 0.8641826923076923 0.02283653846153846 0.15504807692307693