0 0.2956730769230769 0.6418269230769231 0.025240384615384616 0.08653846153846154
0 0.3233173076923077 0.6310096153846154 0.036057692307692304 0.11057692307692307
0 0.47115384615384615 0.6274038461538461 0.04567307692307692 0.15384615384615385
0 0.4699519230769231 0.6370192307692307 0.03485576923076923 0.1502403846153846
0 0.6141826923076923 0.6382211538461539 0.02403846153846154 0.18389423076923078
0 0.6454326923076923 0.6394230769230769 0.028846153846153848 0.22355769230769232
0 0.6826923076923077 0.6634615384615384 0.054086538461538464 0.24879807692307693
0 0.7572115384615384 0.6430288461538461 0.039663461538461536 0.18389423076923078
0 0.8137019230769231 0.5853365384615384 0.04927884615384615 0.1045673076923077
0 0.8293269230769231 0.5733173076923077 0.06129807692307692 0.11538461538461539
0 0.9158653846153846 0.7067307692307693 0.078125 0.328125
0 0.9543269230769231 0.6862980769230769 0.07451923076923077 0.3329326923076923