0 0.14783653846153846 0.0673076923076923 0.17548076923076922 0.1346153846153846
0 0.4963942307692308 0.016826923076923076 0.026442307692307692 0.03365384615384615
0 0.5216346153846154 0.016826923076923076 0.030048076923076924 0.03365384615384615
0 0.5408653846153846 0.020432692307692308 0.018028846153846152 0.028846153846153848
0 0.5564903846153846 0.055288461538461536 0.05048076923076923 0.04567307692307692
0 0.6105769230769231 0.038461538461538464 0.04326923076923077 0.056490384615384616
0 0.6514423076923077 0.03485576923076923 0.028846153846153848 0.04447115384615385
0 0.6682692307692307 0.03485576923076923 0.037259615384615384 0.04807692307692308
0 0.7415865384615384 0.027644230769230768 0.027644230769230768 0.037259615384615384
0 0.7596153846153846 0.027644230769230768 0.027644230769230768 0.036057692307692304
0 0.8245192307692307 0.02283653846153846 0.016826923076923076 0.02403846153846154
0 0.8882211538461539 0.08533653846153846 0.07451923076923077 0.04567307692307692
0 0.9543269230769231 0.08533653846153846 0.08413461538461539 0.042067307692307696
0 0.984375 0.04326923076923077 0.030048076923076924 0.030048076923076924