0 0.12259615384615384 0.6802884615384616 0.028846153846153848 0.051682692307692304
0 0.17307692307692307 0.7067307692307693 0.04447115384615385 0.12860576923076922
0 0.21514423076923078 0.6694711538461539 0.056490384615384616 0.12259615384615384
0 0.24639423076923078 0.6658653846153846 0.016826923076923076 0.046875
0 0.34975961538461536 0.7632211538461539 0.07932692307692307 0.31490384615384615
0 0.4963942307692308 0.6514423076923077 0.013221153846153846 0.014423076923076924
0 0.5192307692307693 0.6634615384615384 0.026442307692307692 0.042067307692307696
0 0.625 0.7548076923076923 0.08533653846153846 0.18629807692307693
0 0.6730769230769231 0.6838942307692307 0.03485576923076923 0.051682692307692304
0 0.7451923076923077 0.7079326923076923 0.019230769230769232 0.055288461538461536
0 0.8846153846153846 0.6322115384615384 0.05889423076923077 0.18269230769230768
0 0.9507211538461539 0.7115384615384616 0.09615384615384616 0.30528846153846156