0 0.13942307692307693 0.6237980769230769 0.06610576923076923 0.09615384615384616
0 0.20552884615384615 0.6177884615384616 0.026442307692307692 0.07692307692307693
0 0.3245192307692308 0.5673076923076923 0.02403846153846154 0.036057692307692304
0 0.3641826923076923 0.6045673076923077 0.016826923076923076 0.0673076923076923
0 0.40625 0.5901442307692307 0.06610576923076923 0.0625
0 0.4639423076923077 0.5661057692307693 0.02403846153846154 0.06610576923076923
0 0.49278846153846156 0.6081730769230769 0.06009615384615385 0.07091346153846154
0 0.5048076923076923 0.5516826923076923 0.027644230769230768 0.042067307692307696
0 0.5324519230769231 0.5516826923076923 0.038461538461538464 0.03485576923076923
0 0.5865384615384616 0.5637019230769231 0.03245192307692308 0.06009615384615385
0 0.5997596153846154 0.5649038461538461 0.038461538461538464 0.054086538461538464
0 0.6550480769230769 0.6105769230769231 0.03365384615384615 0.054086538461538464
0 0.7127403846153846 0.6021634615384616 0.026442307692307692 0.042067307692307696