2 0.018028846153846152 0.49759615384615385 0.03365384615384615 0.07692307692307693
2 0.06971153846153846 0.4891826923076923 0.015625 0.07211538461538461
2 0.11658653846153846 0.49399038461538464 0.027644230769230768 0.07932692307692307
2 0.2403846153846154 0.49038461538461536 0.020432692307692308 0.05048076923076923
2 0.31490384615384615 0.4807692307692308 0.018028846153846152 0.028846153846153848
2 0.38341346153846156 0.4963942307692308 0.016826923076923076 0.06370192307692307
2 0.42788461538461536 0.5120192307692307 0.021634615384615384 0.07572115384615384
2 0.4807692307692308 0.5084134615384616 0.03125 0.11538461538461539
2 0.5216346153846154 0.4987980769230769 0.03245192307692308 0.11538461538461539
2 0.5456730769230769 0.5132211538461539 0.019230769230769232 0.09134615384615384
2 0.5697115384615384 0.5192307692307693 0.02283653846153846 0.12139423076923077
2 0.65625 0.5180288461538461 0.027644230769230768 0.11658653846153846
2 0.7740384615384616 0.49759615384615385 0.027644230769230768 0.06610576923076923