2 0.05889423076923077 0.7944711538461539 0.056490384615384616 0.11298076923076923
2 0.12379807692307693 0.7896634615384616 0.03485576923076923 0.07451923076923077
2 0.16466346153846154 0.78125 0.042067307692307696 0.08533653846153846
2 0.20673076923076922 0.7872596153846154 0.054086538461538464 0.12740384615384615
2 0.2608173076923077 0.7848557692307693 0.04567307692307692 0.1310096153846154
2 0.3173076923076923 0.7932692307692307 0.0625 0.11778846153846154
2 0.4495192307692308 0.7908653846153846 0.042067307692307696 0.1141826923076923
2 0.48197115384615385 0.7884615384615384 0.042067307692307696 0.11298076923076923
2 0.5300480769230769 0.7872596153846154 0.0625 0.10697115384615384
2 0.5661057692307693 0.7884615384615384 0.05048076923076923 0.11298076923076923
2 0.6081730769230769 0.7872596153846154 0.04447115384615385 0.10817307692307693
2 0.6550480769230769 0.7920673076923077 0.04326923076923077 0.10336538461538461
2 0.6862980769230769 0.7908653846153846 0.038461538461538464 0.10697115384615384
2 0.7728365384615384 0.7884615384615384 0.07451923076923077 0.10697115384615384
2 0.7824519230769231 0.7848557692307693 0.054086538461538464 0.11298076923076923