2 0.021634615384615384 0.8846153846153846 0.04326923076923077 0.1201923076923077
2 0.037259615384615384 0.6706730769230769 0.07451923076923077 0.10817307692307693
2 0.042067307692307696 0.7560096153846154 0.0829326923076923 0.2091346153846154
2 0.0625 0.6153846153846154 0.125 0.1346153846153846
2 0.11899038461538461 0.8317307692307693 0.16466346153846154 0.1622596153846154
2 0.10216346153846154 0.45552884615384615 0.12620192307692307 0.18629807692307693
2 0.14543269230769232 0.5240384615384616 0.1466346153846154 0.1502403846153846
2 0.13221153846153846 0.7487980769230769 0.11658653846153846 0.16105769230769232
2 0.15504807692307693 0.6670673076923077 0.1466346153846154 0.17548076923076922
2 0.12620192307692307 0.6033653846153846 0.04447115384615385 0.06129807692307692
2 0.19110576923076922 0.6009615384615384 0.0733173076923077 0.09375
2 0.21033653846153846 0.4543269230769231 0.09495192307692307 0.1778846153846154
2 0.2091346153846154 0.6225961538461539 0.08774038461538461 0.14423076923076922
2 0.3701923076923077 0.5865384615384616 0.3161057692307692 0.7235576923076923
2 0.48197115384615385 0.9375 0.21995192307692307 0.12259615384615384
2 0.46875 0.859375 0.14182692307692307 0.20673076923076922
2 0.4338942307692308 0.7584134615384616 0.06610576923076923 0.10096153846153846
2 0.4411057692307692 0.6995192307692307 0.04807692307692308 0.07692307692307693
2 0.46033653846153844 0.4266826923076923 0.07451923076923077 0.0889423076923077
2 0.5384615384615384 0.6947115384615384 0.14302884615384615 0.16826923076923078
2 0.5300480769230769 0.5048076923076923 0.09014423076923077 0.14543269230769232
2 0.5661057692307693 0.6009615384615384 0.15144230769230768 0.15384615384615385
2 0.5697115384615384 0.44350961538461536 0.15625 0.15745192307692307
2 0.5625 0.7920673076923077 0.1045673076923077 0.22235576923076922
2 0.5661057692307693 0.9459134615384616 0.05048076923076923 0.054086538461538464
2 0.6045673076923077 0.5432692307692307 0.05048076923076923 0.07932692307692307
2 0.6646634615384616 0.5576923076923077 0.13221153846153846 0.1141826923076923
2 0.6754807692307693 0.671875 0.125 0.1141826923076923
2 0.6766826923076923 0.6141826923076923 0.08653846153846154 0.08173076923076923
2 0.7139423076923077 0.47115384615384615 0.13822115384615385 0.20072115384615385
2 0.71875 0.9423076923076923 0.14302884615384615 0.07932692307692307
2 0.7860576923076923 0.5024038461538461 0.14783653846153846 0.18629807692307693
2 0.8004807692307693 0.625 0.12860576923076922 0.13221153846153846
2 0.8161057692307693 0.6826923076923077 0.11177884615384616 0.09375
2 0.8762019230769231 0.7920673076923077 0.10697115384615384 0.21875
2 0.9182692307692307 0.484375 0.12620192307692307 0.12860576923076922
2 0.9134615384615384 0.5456730769230769 0.09975961538461539 0.1045673076923077
2 0.9338942307692307 0.59375 0.12860576923076922 0.12259615384615384
2 0.9375 0.7283653846153846 0.12139423076923077 0.25841346153846156
2 0.9326923076923077 0.9447115384615384 0.09134615384615384 0.10697115384615384
2 0.96875 0.8112980769230769 0.06009615384615385 0.15504807692307693
2 0.9879807692307693 0.4651442307692308 0.021634615384615384 0.09254807692307693
2 0.9879807692307693 0.9543269230769231 0.021634615384615384 0.052884615384615384