2 0.09254807692307693 0.8329326923076923 0.18509615384615385 0.3317307692307692
2 0.10817307692307693 0.07572115384615384 0.06971153846153846 0.15144230769230768
2 0.11538461538461539 0.27163461538461536 0.06370192307692307 0.34975961538461536
2 0.26322115384615385 0.7259615384615384 0.1346153846153846 0.27163461538461536
2 0.23197115384615385 0.0889423076923077 0.06971153846153846 0.1778846153846154
2 0.31009615384615385 0.8930288461538461 0.1935096153846154 0.2091346153846154
2 0.29447115384615385 0.030048076923076924 0.09615384615384616 0.06009615384615385
2 0.2980769230769231 0.15264423076923078 0.09014423076923077 0.21514423076923078
2 0.3329326923076923 0.6009615384615384 0.07932692307692307 0.38822115384615385
2 0.37740384615384615 0.026442307692307692 0.06370192307692307 0.052884615384615384
2 0.4074519230769231 0.47836538461538464 0.11899038461538461 0.2620192307692308
2 0.44471153846153844 0.4170673076923077 0.14543269230769232 0.21153846153846154
2 0.5060096153846154 0.296875 0.18389423076923078 0.19831730769230768
2 0.47596153846153844 0.1622596153846154 0.09975961538461539 0.21634615384615385
2 0.47836538461538464 0.09615384615384616 0.078125 0.14423076923076922
2 0.49759615384615385 0.9206730769230769 0.10096153846153846 0.15745192307692307
2 0.5252403846153846 0.08173076923076923 0.08533653846153846 0.1622596153846154
2 0.6141826923076923 0.7860576923076923 0.11778846153846154 0.31490384615384615
2 0.6658653846153846 0.6201923076923077 0.16826923076923078 0.33653846153846156
2 0.6225961538461539 0.06009615384615385 0.07211538461538461 0.1201923076923077
2 0.7211538461538461 0.1658653846153846 0.0985576923076923 0.21634615384615385
2 0.7692307692307693 0.31971153846153844 0.17668269230769232 0.24519230769230768
2 0.7836538461538461 0.47475961538461536 0.16105769230769232 0.296875
2 0.7608173076923077 0.1201923076923077 0.0985576923076923 0.17908653846153846
2 0.7896634615384616 0.37740384615384615 0.08173076923076923 0.21754807692307693
2 0.8209134615384616 0.03485576923076923 0.0733173076923077 0.06971153846153846
2 0.8629807692307693 0.1971153846153846 0.08173076923076923 0.265625
2 0.8581730769230769 0.037259615384615384 0.06850961538461539 0.07451923076923077
2 0.8966346153846154 0.10216346153846154 0.042067307692307696 0.11778846153846154
2 0.9567307692307693 0.24519230769230768 0.08533653846153846 0.27524038461538464
2 0.9879807692307693 0.3798076923076923 0.02283653846153846 0.06610576923076923