2 0.10096153846153846 0.6490384615384616 0.038461538461538464 0.19591346153846154
2 0.20552884615384615 0.6478365384615384 0.054086538461538464 0.20552884615384615
2 0.1875 0.5661057692307693 0.01201923076923077 0.04807692307692308
2 0.23677884615384615 0.6370192307692307 0.036057692307692304 0.203125
2 0.27403846153846156 0.6454326923076923 0.054086538461538464 0.20793269230769232
2 0.33413461538461536 0.6526442307692307 0.025240384615384616 0.11298076923076923
2 0.3798076923076923 0.6262019230769231 0.04567307692307692 0.19591346153846154
2 0.5192307692307693 0.5661057692307693 0.24519230769230768 0.0829326923076923
2 0.47115384615384615 0.6598557692307693 0.07211538461538461 0.18028846153846154
2 0.5685096153846154 0.6370192307692307 0.054086538461538464 0.14783653846153846
2 0.6069711538461539 0.6610576923076923 0.03245192307692308 0.12620192307692307
2 0.6274038461538461 0.6418269230769231 0.025240384615384616 0.13221153846153846
2 0.6538461538461539 0.5564903846153846 0.016826923076923076 0.07211538461538461
2 0.6778846153846154 0.6033653846153846 0.03365384615384615 0.16346153846153846
2 0.7079326923076923 0.6129807692307693 0.052884615384615384 0.21033653846153846
2 0.7367788461538461 0.5793269230769231 0.021634615384615384 0.11177884615384616
2 0.7536057692307693 0.5612980769230769 0.010817307692307692 0.03125
2 0.7680288461538461 0.6165865384615384 0.039663461538461536 0.17067307692307693
2 0.90625 0.6129807692307693 0.03485576923076923 0.09014423076923077
2 0.9699519230769231 0.7391826923076923 0.057692307692307696 0.5204326923076923