2 0.24278846153846154 0.6802884615384616 0.07211538461538461 0.2932692307692308
2 0.042067307692307696 0.7235576923076923 0.08413461538461539 0.5504807692307693
2 0.12379807692307693 0.5973557692307693 0.018028846153846152 0.07211538461538461
2 0.14302884615384615 0.6213942307692307 0.028846153846153848 0.12980769230769232
2 0.18389423076923078 0.6766826923076923 0.07932692307692307 0.2848557692307692
2 0.21033653846153846 0.5877403846153846 0.025240384615384616 0.06009615384615385
2 0.36177884615384615 0.6598557692307693 0.08173076923076923 0.21995192307692307
2 0.36538461538461536 0.6418269230769231 0.07451923076923077 0.234375
2 0.4110576923076923 0.5889423076923077 0.020432692307692308 0.0733173076923077
2 0.4266826923076923 0.5997596153846154 0.016826923076923076 0.039663461538461536
2 0.4338942307692308 0.5793269230769231 0.018028846153846152 0.046875
2 0.640625 0.6213942307692307 0.039663461538461536 0.14182692307692307
2 0.6622596153846154 0.5817307692307693 0.014423076923076924 0.07211538461538461
2 0.6862980769230769 0.609375 0.04447115384615385 0.15625
2 0.7271634615384616 0.6069711538461539 0.04447115384615385 0.14302884615384615
2 0.7487980769230769 0.5853365384615384 0.016826923076923076 0.08173076923076923
2 0.828125 0.6971153846153846 0.13942307692307693 0.4266826923076923
2 0.7860576923076923 0.6021634615384616 0.040865384615384616 0.14182692307692307
2 0.9230769230769231 0.6935096153846154 0.10216346153846154 0.40865384615384615