2 0.2512019230769231 0.6033653846153846 0.04927884615384615 0.14903846153846154
2 0.07091346153846154 0.6189903846153846 0.06129807692307692 0.2127403846153846
2 0.1658653846153846 0.5697115384615384 0.018028846153846152 0.09495192307692307
2 0.18870192307692307 0.5793269230769231 0.015625 0.09134615384615384
2 0.2980769230769231 0.5949519230769231 0.025240384615384616 0.10216346153846154
2 0.3762019230769231 0.5925480769230769 0.02403846153846154 0.14182692307692307
2 0.4026442307692308 0.6117788461538461 0.021634615384615384 0.125
2 0.4362980769230769 0.6370192307692307 0.036057692307692304 0.15625
2 0.5012019230769231 0.6574519230769231 0.0985576923076923 0.22235576923076922
2 0.5745192307692307 0.6670673076923077 0.036057692307692304 0.20192307692307693
2 0.6129807692307693 0.6574519230769231 0.03485576923076923 0.1971153846153846
2 0.6682692307692307 0.6009615384615384 0.020432692307692308 0.1502403846153846
2 0.6995192307692307 0.6165865384615384 0.02283653846153846 0.15144230769230768
2 0.7319711538461539 0.6105769230769231 0.01201923076923077 0.11778846153846154
2 0.75 0.6298076923076923 0.021634615384615384 0.1310096153846154
2 0.8149038461538461 0.59375 0.026442307692307692 0.1201923076923077