2 0.12860576923076922 0.4567307692307692 0.15384615384615385 0.24519230769230768
2 0.13942307692307693 0.4951923076923077 0.06490384615384616 0.25240384615384615
2 0.1935096153846154 0.43990384615384615 0.13341346153846154 0.24158653846153846
2 0.24519230769230768 0.45913461538461536 0.12860576923076922 0.2644230769230769
2 0.3088942307692308 0.4579326923076923 0.1346153846153846 0.25841346153846156
2 0.3918269230769231 0.6069711538461539 0.0985576923076923 0.28966346153846156
2 0.5060096153846154 0.5829326923076923 0.09615384615384616 0.28725961538461536
2 0.7127403846153846 0.44591346153846156 0.054086538461538464 0.24519230769230768
2 0.7752403846153846 0.4495192307692308 0.06370192307692307 0.24879807692307693
2 0.8257211538461539 0.4014423076923077 0.037259615384615384 0.16706730769230768
2 0.8401442307692307 0.44350961538461536 0.04927884615384615 0.2668269230769231
2 0.8954326923076923 0.4411057692307692 0.06370192307692307 0.26802884615384615