2 0.28846153846153844 0.5973557692307693 0.2608173076923077 0.5
2 0.021634615384615384 0.5060096153846154 0.04326923076923077 0.22115384615384615
2 0.028846153846153848 0.33774038461538464 0.04927884615384615 0.11778846153846154
2 0.04567307692307692 0.3125 0.038461538461538464 0.13341346153846154
2 0.0733173076923077 0.3137019230769231 0.027644230769230768 0.08774038461538461
2 0.10817307692307693 0.7560096153846154 0.06490384615384616 0.12980769230769232
2 0.2247596153846154 0.7932692307692307 0.028846153846153848 0.09495192307692307
2 0.2824519230769231 0.31009615384615385 0.03245192307692308 0.12379807692307693
2 0.3088942307692308 0.31009615384615385 0.02283653846153846 0.13701923076923078
2 0.31009615384615385 0.8137019230769231 0.02403846153846154 0.07451923076923077
2 0.44471153846153844 0.3713942307692308 0.11658653846153846 0.21514423076923078
2 0.45913461538461536 0.38461538461538464 0.08653846153846154 0.23076923076923078
2 0.5949519230769231 0.703125 0.234375 0.5564903846153846
2 0.8834134615384616 0.37740384615384615 0.030048076923076924 0.1346153846153846
2 0.9194711538461539 0.4014423076923077 0.04807692307692308 0.19230769230769232
2 0.9723557692307693 0.3858173076923077 0.021634615384615384 0.11298076923076923