2 0.7139423076923077 0.7451923076923077 0.08774038461538461 0.11899038461538461
2 0.31971153846153844 0.765625 0.4495192307692308 0.20192307692307693
2 0.6466346153846154 0.7091346153846154 0.03485576923076923 0.07692307692307693
2 0.6850961538461539 0.7091346153846154 0.042067307692307696 0.0733173076923077
2 0.7259615384615384 0.7067307692307693 0.036057692307692304 0.05048076923076923
2 0.7692307692307693 0.6947115384615384 0.046875 0.06009615384615385
2 0.7980769230769231 0.6995192307692307 0.04567307692307692 0.07091346153846154
2 0.8377403846153846 0.7608173076923077 0.054086538461538464 0.19110576923076922
2 0.8401442307692307 0.6826923076923077 0.056490384615384616 0.051682692307692304
2 0.8389423076923077 0.6478365384615384 0.03485576923076923 0.07932692307692307
2 0.8725961538461539 0.703125 0.04807692307692308 0.08173076923076923
2 0.9002403846153846 0.7680288461538461 0.07091346153846154 0.18990384615384615
2 0.8858173076923077 0.6550480769230769 0.037259615384615384 0.0733173076923077
2 0.921875 0.7151442307692307 0.037259615384615384 0.07451923076923077
2 0.9423076923076923 0.7067307692307693 0.05889423076923077 0.06610576923076923
2 0.9543269230769231 0.671875 0.037259615384615384 0.12259615384615384
2 0.9879807692307693 0.6682692307692307 0.020432692307692308 0.125