2 0.6225961538461539 0.3713942307692308 0.055288461538461536 0.18629807692307693
2 0.03365384615384615 0.4639423076923077 0.05889423076923077 0.19110576923076922
2 0.11778846153846154 0.5865384615384616 0.08052884615384616 0.25841346153846156
2 0.15264423076923078 0.13822115384615385 0.055288461538461536 0.20793269230769232
2 0.19951923076923078 0.5240384615384616 0.055288461538461536 0.125
2 0.19831730769230768 0.41346153846153844 0.03125 0.10817307692307693
2 0.25961538461538464 0.4735576923076923 0.039663461538461536 0.13822115384615385
2 0.27283653846153844 0.38221153846153844 0.04567307692307692 0.1346153846153846
2 0.32091346153846156 0.7151442307692307 0.09615384615384616 0.4831730769230769
2 0.4098557692307692 0.5036057692307693 0.0673076923076923 0.28725961538461536
2 0.5240384615384616 0.42908653846153844 0.06009615384615385 0.2668269230769231
2 0.578125 0.5012019230769231 0.109375 0.37259615384615385