2 0.31490384615384615 0.49278846153846156 0.09014423076923077 0.43028846153846156
2 0.2439903846153846 0.45913461538461536 0.09975961538461539 0.41586538461538464
2 0.35096153846153844 0.4423076923076923 0.056490384615384616 0.34615384615384615
2 0.39903846153846156 0.45913461538461536 0.11899038461538461 0.45552884615384615
2 0.3641826923076923 0.25841346153846156 0.03365384615384615 0.06610576923076923
2 0.4411057692307692 0.4026442307692308 0.0625 0.2932692307692308
2 0.46153846153846156 0.390625 0.05048076923076923 0.2932692307692308
2 0.5 0.4026442307692308 0.08413461538461539 0.2704326923076923
2 0.5456730769230769 0.3629807692307692 0.051682692307692304 0.20192307692307693
2 0.5637019230769231 0.3557692307692308 0.056490384615384616 0.20673076923076922
2 0.6862980769230769 0.3425480769230769 0.057692307692307696 0.23557692307692307
2 0.7512019230769231 0.3125 0.05048076923076923 0.18389423076923078
2 0.7932692307692307 0.29086538461538464 0.042067307692307696 0.140625
2 0.8810096153846154 0.28966346153846156 0.051682692307692304 0.1875
2 0.9543269230769231 0.2800480769230769 0.04807692307692308 0.15985576923076922
2 0.9831730769230769 0.2800480769230769 0.03245192307692308 0.13221153846153846
2 0.9951923076923077 0.23918269230769232 0.007211538461538462 0.03485576923076923