2 0.009615384615384616 0.49158653846153844 0.019230769230769232 0.04326923076923077
2 0.028846153846153848 0.5 0.030048076923076924 0.03485576923076923
2 0.10697115384615384 0.5060096153846154 0.078125 0.08052884615384616
2 0.15985576923076922 0.5060096153846154 0.02283653846153846 0.06971153846153846
2 0.33533653846153844 0.5 0.3629807692307692 0.125
2 0.6358173076923077 0.5072115384615384 0.2512019230769231 0.13822115384615385
2 0.6923076923076923 0.5132211538461539 0.03365384615384615 0.12620192307692307
2 0.7223557692307693 0.5192307692307693 0.036057692307692304 0.15144230769230768
2 0.7716346153846154 0.48677884615384615 0.03365384615384615 0.07091346153846154
2 0.8389423076923077 0.5132211538461539 0.0625 0.2548076923076923
2 0.9038461538461539 0.5108173076923077 0.09375 0.2920673076923077
2 0.9627403846153846 0.4411057692307692 0.04326923076923077 0.052884615384615384