2 0.0985576923076923 0.5829326923076923 0.04927884615384615 0.1778846153846154
2 0.15985576923076922 0.7824519230769231 0.06490384615384616 0.29086538461538464
2 0.19230769230769232 0.6862980769230769 0.040865384615384616 0.1466346153846154
2 0.21033653846153846 0.30408653846153844 0.009615384615384616 0.052884615384615384
2 0.23677884615384615 0.48677884615384615 0.027644230769230768 0.08052884615384616
2 0.28125 0.7692307692307693 0.06610576923076923 0.1935096153846154
2 0.2548076923076923 0.27403846153846156 0.01201923076923077 0.052884615384615384
2 0.25961538461538464 0.35336538461538464 0.018028846153846152 0.08052884615384616
2 0.27163461538461536 0.3112980769230769 0.014423076923076924 0.057692307692307696
2 0.2920673076923077 0.3173076923076923 0.013221153846153846 0.07211538461538461
2 0.45913461538461536 0.27163461538461536 0.007211538461538462 0.056490384615384616
2 0.4675480769230769 0.6574519230769231 0.02403846153846154 0.17548076923076922
2 0.7487980769230769 0.484375 0.02403846153846154 0.11298076923076923
2 0.7680288461538461 0.22235576923076922 0.009615384615384616 0.09254807692307693
2 0.7848557692307693 0.3557692307692308 0.020432692307692308 0.056490384615384616