2 0.5649038461538461 0.7788461538461539 0.09134615384615384 0.23197115384615385
2 0.3942307692307692 0.7055288461538461 0.025240384615384616 0.1935096153846154
2 0.41586538461538464 0.7079326923076923 0.021634615384615384 0.16466346153846154
2 0.4411057692307692 0.7019230769230769 0.042067307692307696 0.15985576923076922
2 0.45913461538461536 0.6370192307692307 0.018028846153846152 0.025240384615384616
2 0.6995192307692307 0.7536057692307693 0.025240384615384616 0.05048076923076923
2 0.6995192307692307 0.7956730769230769 0.018028846153846152 0.027644230769230768
2 0.7127403846153846 0.6394230769230769 0.040865384615384616 0.0889423076923077
2 0.7355769230769231 0.7668269230769231 0.016826923076923076 0.03245192307692308
2 0.7367788461538461 0.8209134615384616 0.018028846153846152 0.025240384615384616
2 0.7596153846153846 0.7512019230769231 0.02403846153846154 0.04807692307692308
2 0.7584134615384616 0.7920673076923077 0.020432692307692308 0.028846153846153848
2 0.7932692307692307 0.5697115384615384 0.01201923076923077 0.01201923076923077
2 0.7956730769230769 0.7620192307692307 0.014423076923076924 0.027644230769230768
2 0.796875 0.8149038461538461 0.015625 0.028846153846153848
2 0.8173076923076923 0.5973557692307693 0.015625 0.018028846153846152
2 0.8389423076923077 0.6502403846153846 0.015625 0.019230769230769232
2 0.8389423076923077 0.5685096153846154 0.014423076923076924 0.020432692307692308