2 0.5685096153846154 0.8509615384615384 0.16706730769230768 0.2932692307692308
2 0.08774038461538461 0.6105769230769231 0.10697115384615384 0.18509615384615385
2 0.09615384615384616 0.4855769230769231 0.06850961538461539 0.1971153846153846
2 0.41346153846153844 0.4387019230769231 0.07211538461538461 0.2608173076923077
2 0.46274038461538464 0.41225961538461536 0.03125 0.24759615384615385
2 0.4855769230769231 0.4879807692307692 0.07692307692307693 0.3173076923076923
2 0.6550480769230769 0.38221153846153844 0.04927884615384615 0.16826923076923078
2 0.7019230769230769 0.7475961538461539 0.09735576923076923 0.4170673076923077
2 0.7752403846153846 0.7283653846153846 0.10576923076923077 0.5420673076923077
2 0.8713942307692307 0.7427884615384616 0.15504807692307693 0.5132211538461539
2 0.9459134615384616 0.5901442307692307 0.10576923076923077 0.2692307692307692
2 0.9495192307692307 0.8016826923076923 0.0985576923076923 0.3942307692307692