2 0.07091346153846154 0.6742788461538461 0.14182692307692307 0.6502403846153846
2 0.16105769230769232 0.7043269230769231 0.15504807692307693 0.5901442307692307
2 0.2980769230769231 0.6875 0.12740384615384615 0.6237980769230769
2 0.34975961538461536 0.6274038461538461 0.1045673076923077 0.7391826923076923
2 0.45552884615384615 0.6310096153846154 0.10096153846153846 0.7367788461538461
2 0.5384615384615384 0.4519230769230769 0.09735576923076923 0.7848557692307693
2 0.5721153846153846 0.5841346153846154 0.11057692307692307 0.71875
2 0.6466346153846154 0.6021634615384616 0.09134615384615384 0.6117788461538461
2 0.7019230769230769 0.5576923076923077 0.08774038461538461 0.5925480769230769
2 0.7439903846153846 0.5168269230769231 0.07572115384615384 0.5757211538461539
2 0.75 0.24519230769230768 0.078125 0.23317307692307693
2 0.8004807692307693 0.4831730769230769 0.06971153846153846 0.5576923076923077
2 0.8497596153846154 0.47716346153846156 0.06971153846153846 0.47716346153846156
2 0.8834134615384616 0.2403846153846154 0.0733173076923077 0.18509615384615385
2 0.890625 0.45913461538461536 0.054086538461538464 0.44591346153846156
2 0.9302884615384616 0.4495192307692308 0.07451923076923077 0.44471153846153844
2 0.9783653846153846 0.4074519230769231 0.038461538461538464 0.4206730769230769