2 0.765625 0.6262019230769231 0.29086538461538464 0.7199519230769231
2 0.09615384615384616 0.5024038461538461 0.14783653846153846 0.4735576923076923
2 0.21033653846153846 0.6141826923076923 0.2860576923076923 0.703125
2 0.13701923076923078 0.4795673076923077 0.0625 0.3942307692307692
2 0.32211538461538464 0.5132211538461539 0.15985576923076922 0.4855769230769231
2 0.4651442307692308 0.5528846153846154 0.22235576923076922 0.59375
2 0.39663461538461536 0.35697115384615385 0.027644230769230768 0.030048076923076924
2 0.5637019230769231 0.5120192307692307 0.1466346153846154 0.4987980769230769
2 0.5264423076923077 0.3112980769230769 0.03125 0.042067307692307696
2 0.6911057692307693 0.484375 0.11538461538461539 0.42788461538461536
2 0.7211538461538461 0.3401442307692308 0.09495192307692307 0.10817307692307693