2 0.2091346153846154 0.49759615384615385 0.11899038461538461 0.41947115384615385
2 0.03365384615384615 0.42788461538461536 0.0673076923076923 0.4170673076923077
2 0.14543269230769232 0.6009615384615384 0.22355769230769232 0.14302884615384615
2 0.08653846153846154 0.4170673076923077 0.07692307692307693 0.33653846153846156
2 0.17548076923076922 0.5889423076923077 0.13822115384615385 0.051682692307692304
2 0.34975961538461536 0.5132211538461539 0.14182692307692307 0.43990384615384615
2 0.40384615384615385 0.5048076923076923 0.09014423076923077 0.35216346153846156
2 0.4495192307692308 0.5264423076923077 0.0625 0.3088942307692308
2 0.5240384615384616 0.5276442307692307 0.1346153846153846 0.3557692307692308
2 0.5528846153846154 0.5132211538461539 0.12379807692307693 0.3701923076923077
2 0.7019230769230769 0.4987980769230769 0.15745192307692307 0.4026442307692308
2 0.7980769230769231 0.5132211538461539 0.12379807692307693 0.3858173076923077
2 0.8653846153846154 0.5300480769230769 0.14302884615384615 0.38221153846153844
2 0.9326923076923077 0.49399038461538464 0.12379807692307693 0.39302884615384615