2 0.078125 0.5420673076923077 0.026442307692307692 0.11658653846153846
2 0.09735576923076923 0.5805288461538461 0.01201923076923077 0.055288461538461536
2 0.11658653846153846 0.5829326923076923 0.039663461538461536 0.04447115384615385
2 0.12620192307692307 0.5721153846153846 0.04447115384615385 0.0733173076923077
2 0.15504807692307693 0.5865384615384616 0.02283653846153846 0.04326923076923077
2 0.16706730769230768 0.5889423076923077 0.020432692307692308 0.051682692307692304
2 0.18389423076923078 0.5913461538461539 0.018028846153846152 0.042067307692307696
2 0.20072115384615385 0.5769230769230769 0.019230769230769232 0.020432692307692308
2 0.2127403846153846 0.5925480769230769 0.028846153846153848 0.04807692307692308
2 0.24158653846153846 0.5877403846153846 0.03485576923076923 0.052884615384615384
2 0.2608173076923077 0.5913461538461539 0.019230769230769232 0.052884615384615384
2 0.3016826923076923 0.5913461538461539 0.03125 0.04807692307692308
2 0.3473557692307692 0.6117788461538461 0.06009615384615385 0.026442307692307692
2 0.33413461538461536 0.5769230769230769 0.020432692307692308 0.030048076923076924
2 0.3401442307692308 0.5925480769230769 0.016826923076923076 0.03125
2 0.36177884615384615 0.59375 0.025240384615384616 0.03485576923076923
2 0.37740384615384615 0.6081730769230769 0.02283653846153846 0.056490384615384616
2 0.4050480769230769 0.6105769230769231 0.026442307692307692 0.051682692307692304
2 0.4326923076923077 0.609375 0.030048076923076924 0.04807692307692308
2 0.4519230769230769 0.6105769230769231 0.014423076923076924 0.04326923076923077
2 0.49759615384615385 0.6129807692307693 0.030048076923076924 0.051682692307692304
2 0.4987980769230769 0.5889423076923077 0.013221153846153846 0.018028846153846152
2 0.5120192307692307 0.5961538461538461 0.01201923076923077 0.06850961538461539
2 0.5300480769230769 0.6165865384615384 0.016826923076923076 0.037259615384615384
2 0.5360576923076923 0.5829326923076923 0.02283653846153846 0.046875
2 0.5516826923076923 0.6237980769230769 0.036057692307692304 0.039663461538461536
2 0.5853365384615384 0.6177884615384616 0.03485576923076923 0.037259615384615384
2 0.6045673076923077 0.6237980769230769 0.025240384615384616 0.051682692307692304
2 0.6213942307692307 0.6105769230769231 0.016826923076923076 0.013221153846153846
2 0.6298076923076923 0.6286057692307693 0.021634615384615384 0.037259615384615384
2 0.6370192307692307 0.546875 0.018028846153846152 0.04326923076923077
2 0.6526442307692307 0.6081730769230769 0.020432692307692308 0.03365384615384615
2 0.6502403846153846 0.6334134615384616 0.013221153846153846 0.037259615384615384
2 0.6646634615384616 0.6021634615384616 0.01201923076923077 0.03125
2 0.6670673076923077 0.5396634615384616 0.018028846153846152 0.05048076923076923
2 0.6754807692307693 0.6274038461538461 0.026442307692307692 0.042067307692307696
2 0.6983173076923077 0.6057692307692307 0.02403846153846154 0.09134615384615384
2 0.7716346153846154 0.6201923076923077 0.016826923076923076 0.08052884615384616
2 0.7824519230769231 0.6141826923076923 0.01201923076923077 0.06850961538461539
2 0.7992788461538461 0.6237980769230769 0.02403846153846154 0.0829326923076923