2 0.006009615384615385 0.9014423076923077 0.01201923076923077 0.038461538461538464
2 0.025240384615384616 0.9447115384615384 0.04927884615384615 0.04807692307692308
2 0.07692307692307693 0.5793269230769231 0.15384615384615385 0.3269230769230769
2 0.1346153846153846 0.9759615384615384 0.054086538461538464 0.04567307692307692
2 0.1466346153846154 0.7439903846153846 0.038461538461538464 0.15625
2 0.25 0.5216346153846154 0.21394230769230768 0.28125
2 0.1875 0.9519230769230769 0.04927884615384615 0.09375
2 0.22235576923076922 0.8461538461538461 0.11778846153846154 0.06370192307692307
2 0.20552884615384615 0.7896634615384616 0.06850961538461539 0.10817307692307693
2 0.23798076923076922 0.9507211538461539 0.07692307692307693 0.037259615384615384
2 0.33774038461538464 0.9615384615384616 0.24759615384615385 0.07451923076923077
2 0.31971153846153844 0.8485576923076923 0.054086538461538464 0.06129807692307692
2 0.3545673076923077 0.7079326923076923 0.052884615384615384 0.14543269230769232
2 0.3581730769230769 0.8173076923076923 0.052884615384615384 0.10697115384615384
2 0.4519230769230769 0.5024038461538461 0.19951923076923078 0.24278846153846154
2 0.38100961538461536 0.7836538461538461 0.04326923076923077 0.055288461538461536
2 0.3870192307692308 0.9290865384615384 0.04567307692307692 0.0625
2 0.42427884615384615 0.8064903846153846 0.06850961538461539 0.07091346153846154
2 0.4675480769230769 0.7860576923076923 0.06129807692307692 0.0829326923076923
2 0.47475961538461536 0.8569711538461539 0.05889423076923077 0.04447115384615385
2 0.5108173076923077 0.7403846153846154 0.06850961538461539 0.04447115384615385
2 0.5408653846153846 0.8173076923076923 0.0829326923076923 0.04447115384615385
2 0.5745192307692307 0.8377403846153846 0.125 0.04447115384615385
2 0.6117788461538461 0.9795673076923077 0.16346153846153846 0.039663461538461536
2 0.5673076923076923 0.8810096153846154 0.0733173076923077 0.042067307692307696
2 0.6370192307692307 0.4879807692307692 0.18870192307692307 0.23798076923076922
2 0.5637019230769231 0.7908653846153846 0.025240384615384616 0.018028846153846152
2 0.6682692307692307 0.8293269230769231 0.037259615384615384 0.06610576923076923
2 0.6911057692307693 0.7728365384615384 0.039663461538461536 0.037259615384615384
2 0.7139423076923077 0.5456730769230769 0.039663461538461536 0.1346153846153846
2 0.7800480769230769 0.9651442307692307 0.13822115384615385 0.06850961538461539
2 0.7439903846153846 0.7596153846153846 0.04326923076923077 0.038461538461538464
2 0.8605769230769231 0.43990384615384615 0.2776442307692308 0.20673076923076922
2 0.8245192307692307 0.9026442307692307 0.08774038461538461 0.05048076923076923
2 0.8209134615384616 0.9543269230769231 0.07692307692307693 0.07572115384615384
2 0.875 0.5108173076923077 0.06370192307692307 0.13701923076923078
2 0.8822115384615384 0.9050480769230769 0.054086538461538464 0.1875