2 0.7259615384615384 0.5769230769230769 0.17307692307692307 0.5841346153846154
2 0.014423076923076924 0.16105769230769232 0.028846153846153848 0.09134615384615384
2 0.018028846153846152 0.2980769230769231 0.036057692307692304 0.18269230769230768
2 0.03245192307692308 0.10576923076923077 0.051682692307692304 0.1466346153846154
2 0.11177884615384616 0.5036057692307693 0.17908653846153846 0.5372596153846154
2 0.06850961538461539 0.2692307692307692 0.07451923076923077 0.11778846153846154
2 0.057692307692307696 0.056490384615384616 0.04326923076923077 0.11298076923076923
2 0.05889423076923077 0.203125 0.028846153846153848 0.06490384615384616
2 0.10216346153846154 0.109375 0.08413461538461539 0.15865384615384615
2 0.1814903846153846 0.5072115384615384 0.1658653846153846 0.44471153846153844
2 0.125 0.18509615384615385 0.04567307692307692 0.10697115384615384
2 0.18389423076923078 0.09375 0.08173076923076923 0.11538461538461539
2 0.17427884615384615 0.2247596153846154 0.04567307692307692 0.12259615384615384
2 0.21153846153846154 0.2620192307692308 0.06610576923076923 0.12620192307692307
2 0.21875 0.04807692307692308 0.04927884615384615 0.09495192307692307
2 0.24879807692307693 0.11778846153846154 0.08533653846153846 0.1502403846153846
2 0.23798076923076922 0.20432692307692307 0.030048076923076924 0.07572115384615384
2 0.25841346153846156 0.2776442307692308 0.04807692307692308 0.08774038461538461
2 0.2824519230769231 0.21875 0.06610576923076923 0.14182692307692307
2 0.31971153846153844 0.07451923076923077 0.10697115384615384 0.14783653846153846
2 0.3293269230769231 0.26802884615384615 0.09134615384615384 0.11057692307692307
2 0.3473557692307692 0.038461538461538464 0.05048076923076923 0.07572115384615384
2 0.39302884615384615 0.2692307692307692 0.05889423076923077 0.10697115384615384
2 0.4362980769230769 0.13942307692307693 0.11778846153846154 0.27884615384615385
2 0.5384615384615384 0.4699519230769231 0.2800480769230769 0.49158653846153844
2 0.5300480769230769 0.6478365384615384 0.25961538461538464 0.20072115384615385
2 0.4495192307692308 0.27884615384615385 0.04927884615384615 0.1045673076923077
2 0.4723557692307692 0.22235576923076922 0.04567307692307692 0.11778846153846154
2 0.48197115384615385 0.13701923076923078 0.040865384615384616 0.10096153846153846
2 0.5276442307692307 0.2403846153846154 0.06610576923076923 0.14302884615384615
2 0.5288461538461539 0.13701923076923078 0.052884615384615384 0.09375
2 0.5336538461538461 0.07091346153846154 0.026442307692307692 0.06971153846153846
2 0.5805288461538461 0.203125 0.052884615384615384 0.07211538461538461
2 0.6911057692307693 0.24519230769230768 0.07091346153846154 0.15264423076923078
2 0.7548076923076923 0.20432692307692307 0.06009615384615385 0.16466346153846154
2 0.7896634615384616 0.2644230769230769 0.06370192307692307 0.10697115384615384
2 0.8966346153846154 0.23557692307692307 0.040865384615384616 0.10817307692307693
2 0.9399038461538461 0.2776442307692308 0.07572115384615384 0.21754807692307693
2 0.9807692307692307 0.17427884615384615 0.037259615384615384 0.055288461538461536