2 0.21875 0.5649038461538461 0.10576923076923077 0.3112980769230769
2 0.38100961538461536 0.6694711538461539 0.16706730769230768 0.28725961538461536
2 0.36899038461538464 0.30408653846153844 0.1141826923076923 0.19230769230769232
2 0.4987980769230769 0.6394230769230769 0.08774038461538461 0.3269230769230769
2 0.5889423076923077 0.5709134615384616 0.056490384615384616 0.23076923076923078
2 0.6237980769230769 0.6165865384615384 0.054086538461538464 0.13701923076923078
2 0.6478365384615384 0.4735576923076923 0.02283653846153846 0.07211538461538461
2 0.6514423076923077 0.40384615384615385 0.025240384615384616 0.04807692307692308
2 0.6610576923076923 0.7151442307692307 0.020432692307692308 0.04807692307692308
2 0.6850961538461539 0.40625 0.06370192307692307 0.2548076923076923
2 0.7235576923076923 0.3701923076923077 0.020432692307692308 0.06009615384615385
2 0.7752403846153846 0.5649038461538461 0.08533653846153846 0.34134615384615385
2 0.7524038461538461 0.29927884615384615 0.025240384615384616 0.06009615384615385
2 0.7704326923076923 0.29447115384615385 0.03245192307692308 0.04807692307692308