2 0.4795673076923077 0.6033653846153846 0.07572115384615384 0.3112980769230769
2 0.12139423076923077 0.49278846153846156 0.028846153846153848 0.0889423076923077
2 0.1502403846153846 0.5697115384615384 0.07091346153846154 0.15384615384615385
2 0.1778846153846154 0.5324519230769231 0.04447115384615385 0.09735576923076923
2 0.21514423076923078 0.48677884615384615 0.03485576923076923 0.10216346153846154
2 0.24519230769230768 0.5012019230769231 0.04927884615384615 0.11778846153846154
2 0.28365384615384615 0.6057692307692307 0.09014423076923077 0.26322115384615385
2 0.2764423076923077 0.5108173076923077 0.03485576923076923 0.03485576923076923
2 0.35216346153846156 0.6213942307692307 0.09975961538461539 0.28846153846153844
2 0.36658653846153844 0.4795673076923077 0.056490384615384616 0.11899038461538461
2 0.41225961538461536 0.6081730769230769 0.10096153846153846 0.2620192307692308
2 0.43028846153846156 0.5108173076923077 0.057692307692307696 0.18629807692307693
2 0.5228365384615384 0.5600961538461539 0.04326923076923077 0.2932692307692308
2 0.5588942307692307 0.5733173076923077 0.06850961538461539 0.31850961538461536
2 0.5925480769230769 0.5600961538461539 0.04807692307692308 0.2848557692307692
2 0.6502403846153846 0.6262019230769231 0.13341346153846154 0.28365384615384615
2 0.6358173076923077 0.5384615384615384 0.07091346153846154 0.26322115384615385
2 0.7271634615384616 0.5649038461538461 0.02403846153846154 0.12740384615384615
2 0.7536057692307693 0.5709134615384616 0.03485576923076923 0.1310096153846154
2 0.7920673076923077 0.5829326923076923 0.04927884615384615 0.17067307692307693
2 0.8185096153846154 0.5600961538461539 0.026442307692307692 0.13942307692307693
2 0.8545673076923077 0.6081730769230769 0.06129807692307692 0.1310096153846154
2 0.8533653846153846 0.5492788461538461 0.037259615384615384 0.10576923076923077