2 0.6213942307692307 0.7752403846153846 0.07091346153846154 0.3701923076923077
2 0.18389423076923078 0.4026442307692308 0.09495192307692307 0.09375
2 0.6045673076923077 0.32572115384615385 0.7115384615384616 0.23918269230769232
2 0.33413461538461536 0.5588942307692307 0.08774038461538461 0.44591346153846156
2 0.4699519230769231 0.7079326923076923 0.018028846153846152 0.057692307692307696
2 0.5108173076923077 0.6838942307692307 0.06129807692307692 0.109375
2 0.5673076923076923 0.6634615384615384 0.051682692307692304 0.11298076923076923
2 0.7415865384615384 0.6983173076923077 0.11658653846153846 0.47716346153846156
2 0.8257211538461539 0.5576923076923077 0.02283653846153846 0.08653846153846154
2 0.8269230769230769 0.6887019230769231 0.02403846153846154 0.18629807692307693
2 0.9579326923076923 0.7487980769230769 0.07692307692307693 0.1935096153846154
2 0.9855769230769231 0.8004807692307693 0.027644230769230768 0.16466346153846154