2 0.04807692307692308 0.6105769230769231 0.09615384615384616 0.33533653846153844
2 0.08052884615384616 0.6141826923076923 0.06850961538461539 0.27524038461538464
2 0.13341346153846154 0.5973557692307693 0.0733173076923077 0.25961538461538464
2 0.18389423076923078 0.6009615384615384 0.07211538461538461 0.2620192307692308
2 0.23197115384615385 0.5432692307692307 0.06490384615384616 0.18629807692307693
2 0.31490384615384615 0.5252403846153846 0.07211538461538461 0.09975961538461539
2 0.34615384615384615 0.5180288461538461 0.056490384615384616 0.10096153846153846
2 0.5288461538461539 0.37259615384615385 0.1045673076923077 0.21394230769230768
2 0.6658653846153846 0.36778846153846156 0.109375 0.21754807692307693
2 0.8197115384615384 0.43509615384615385 0.10096153846153846 0.21514423076923078
2 0.8810096153846154 0.3894230769230769 0.11298076923076923 0.21033653846153846