2 0.19110576923076922 0.8461538461538461 0.38221153846153844 0.30528846153846156
2 0.18269230769230768 0.6045673076923077 0.051682692307692304 0.265625
2 0.22956730769230768 0.6069711538461539 0.04807692307692308 0.24519230769230768
2 0.28125 0.6129807692307693 0.052884615384615384 0.234375
2 0.30528846153846156 0.5997596153846154 0.03365384615384615 0.24519230769230768
2 0.3293269230769231 0.5949519230769231 0.037259615384615384 0.2247596153846154
2 0.3629807692307692 0.5925480769230769 0.0673076923076923 0.25240384615384615
2 0.44350961538461536 0.625 0.04807692307692308 0.25600961538461536
2 0.49278846153846156 0.6153846153846154 0.08413461538461539 0.2764423076923077
2 0.7367788461538461 0.8413461538461539 0.43509615384615385 0.31490384615384615
2 0.5408653846153846 0.6045673076923077 0.040865384615384616 0.23677884615384615
2 0.5877403846153846 0.5925480769230769 0.06129807692307692 0.23317307692307693
2 0.6237980769230769 0.6274038461538461 0.040865384615384616 0.24158653846153846
2 0.6550480769230769 0.6105769230769231 0.057692307692307696 0.2692307692307692
2 0.703125 0.5949519230769231 0.057692307692307696 0.24639423076923078