2 0.4723557692307692 0.5492788461538461 0.3942307692307692 0.11298076923076923
2 0.3076923076923077 0.6790865384615384 0.051682692307692304 0.1622596153846154
2 0.4879807692307692 0.6213942307692307 0.3942307692307692 0.26802884615384615
2 0.3317307692307692 0.7403846153846154 0.054086538461538464 0.21394230769230768
2 0.3581730769230769 0.6189903846153846 0.037259615384615384 0.11899038461538461
2 0.40865384615384615 0.7487980769230769 0.06370192307692307 0.22956730769230768
2 0.4387019230769231 0.7067307692307693 0.037259615384615384 0.17067307692307693
2 0.45913461538461536 0.6346153846153846 0.030048076923076924 0.14903846153846154
2 0.49399038461538464 0.6225961538461539 0.03365384615384615 0.12620192307692307
2 0.5757211538461539 0.7475961538461539 0.057692307692307696 0.21634615384615385
2 0.6586538461538461 0.7403846153846154 0.06370192307692307 0.22956730769230768
2 0.7668269230769231 0.7668269230769231 0.08533653846153846 0.2091346153846154
2 0.7524038461538461 0.6526442307692307 0.05048076923076923 0.12860576923076922
2 0.8557692307692307 0.7463942307692307 0.04807692307692308 0.21394230769230768
2 0.8990384615384616 0.6911057692307693 0.051682692307692304 0.19110576923076922
2 0.9182692307692307 0.7992788461538461 0.051682692307692304 0.15985576923076922