2 0.19230769230769232 0.5240384615384616 0.0829326923076923 0.2692307692307692
2 0.2403846153846154 0.5384615384615384 0.04567307692307692 0.2608173076923077
2 0.2824519230769231 0.5192307692307693 0.06009615384615385 0.2536057692307692
2 0.31850961538461536 0.5228365384615384 0.042067307692307696 0.25
2 0.359375 0.5228365384615384 0.040865384615384616 0.2247596153846154
2 0.41947115384615385 0.5276442307692307 0.05048076923076923 0.22115384615384615
2 0.4675480769230769 0.5216346153846154 0.052884615384615384 0.22235576923076922
2 0.5 0.5240384615384616 0.037259615384615384 0.2247596153846154
2 0.5709134615384616 0.5144230769230769 0.05889423076923077 0.16105769230769232
2 0.6394230769230769 0.5204326923076923 0.04927884615384615 0.19471153846153846
2 0.6935096153846154 0.5180288461538461 0.025240384615384616 0.17548076923076922
2 0.7283653846153846 0.5348557692307693 0.05048076923076923 0.1935096153846154
2 0.7692307692307693 0.5300480769230769 0.03245192307692308 0.16346153846153846
2 0.8088942307692307 0.5252403846153846 0.04927884615384615 0.18870192307692307
2 0.8605769230769231 0.5264423076923077 0.040865384615384616 0.16105769230769232
2 0.9074519230769231 0.5216346153846154 0.028846153846153848 0.16105769230769232