2 0.09014423076923077 0.5877403846153846 0.14182692307692307 0.5228365384615384
2 0.1346153846153846 0.5108173076923077 0.04326923076923077 0.2608173076923077
2 0.23677884615384615 0.6009615384615384 0.0985576923076923 0.4254807692307692
2 0.3317307692307692 0.4675480769230769 0.02283653846153846 0.09375
2 0.3701923076923077 0.6165865384615384 0.09975961538461539 0.4206730769230769
2 0.5733173076923077 0.6286057692307693 0.12740384615384615 0.49158653846153844
2 0.6418269230769231 0.5492788461538461 0.04326923076923077 0.25600961538461536
2 0.6706730769230769 0.4675480769230769 0.016826923076923076 0.09014423076923077
2 0.7007211538461539 0.65625 0.0733173076923077 0.47716346153846156
2 0.8112980769230769 0.47716346153846156 0.03485576923076923 0.14543269230769232
2 0.9375 0.5264423076923077 0.05048076923076923 0.21754807692307693
2 0.9675480769230769 0.5204326923076923 0.057692307692307696 0.23317307692307693