2 0.008413461538461538 0.5769230769230769 0.016826923076923076 0.0889423076923077
2 0.1935096153846154 0.5757211538461539 0.027644230769230768 0.09735576923076923
2 0.421875 0.5985576923076923 0.03485576923076923 0.14423076923076922
2 0.44350961538461536 0.5877403846153846 0.036057692307692304 0.125
2 0.5192307692307693 0.5841346153846154 0.04807692307692308 0.15264423076923078
2 0.640625 0.6045673076923077 0.039663461538461536 0.16826923076923078
2 0.6814903846153846 0.6153846153846154 0.038461538461538464 0.16105769230769232
2 0.7415865384615384 0.5841346153846154 0.03245192307692308 0.13942307692307693
2 0.7692307692307693 0.6177884615384616 0.055288461538461536 0.19230769230769232
2 0.8810096153846154 0.5985576923076923 0.046875 0.15985576923076922
2 0.9206730769230769 0.5961538461538461 0.04447115384615385 0.17908653846153846
2 0.9387019230769231 0.5901442307692307 0.030048076923076924 0.16466346153846154
2 0.9819711538461539 0.6129807692307693 0.03485576923076923 0.21875