2 0.8737980769230769 0.43028846153846156 0.06971153846153846 0.20192307692307693
2 0.009615384615384616 0.296875 0.019230769230769232 0.06370192307692307
2 0.018028846153846152 0.31490384615384615 0.028846153846153848 0.08052884615384616
2 0.04927884615384615 0.2980769230769231 0.026442307692307692 0.10817307692307693
2 0.07572115384615384 0.26802884615384615 0.02283653846153846 0.03365384615384615
2 0.08173076923076923 0.3161057692307692 0.03125 0.06971153846153846
2 0.11298076923076923 0.32091346153846156 0.027644230769230768 0.08173076923076923
2 0.13701923076923078 0.3329326923076923 0.010817307692307692 0.021634615384615384
2 0.14783653846153846 0.30528846153846156 0.027644230769230768 0.10336538461538461
2 0.1971153846153846 0.30288461538461536 0.03125 0.0985576923076923
2 0.23557692307692307 0.28966346153846156 0.02283653846153846 0.052884615384615384
2 0.2403846153846154 0.31850961538461536 0.025240384615384616 0.06009615384615385
2 0.2548076923076923 0.3329326923076923 0.03365384615384615 0.078125
2 0.3112980769230769 0.3088942307692308 0.028846153846153848 0.09375
2 0.33052884615384615 0.3762019230769231 0.06129807692307692 0.2644230769230769
2 0.43509615384615385 0.4651442307692308 0.2247596153846154 0.3004807692307692
2 0.49158653846153844 0.36778846153846156 0.051682692307692304 0.1935096153846154
2 0.6670673076923077 0.3629807692307692 0.06610576923076923 0.13822115384615385
2 0.7271634615384616 0.4074519230769231 0.08653846153846154 0.19831730769230768
2 0.7451923076923077 0.28125 0.016826923076923076 0.051682692307692304
2 0.8076923076923077 0.39903846153846156 0.08173076923076923 0.18870192307692307
2 0.8641826923076923 0.3016826923076923 0.030048076923076924 0.08052884615384616
2 0.8954326923076923 0.2776442307692308 0.016826923076923076 0.055288461538461536
2 0.9134615384615384 0.2776442307692308 0.02403846153846154 0.06129807692307692
2 0.9543269230769231 0.3161057692307692 0.028846153846153848 0.07211538461538461
2 0.9819711538461539 0.3161057692307692 0.030048076923076924 0.06370192307692307