2 0.8028846153846154 0.6598557692307693 0.056490384615384616 0.296875
2 0.016826923076923076 0.625 0.016826923076923076 0.06490384615384616
2 0.027644230769230768 0.6346153846153846 0.014423076923076924 0.06610576923076923
2 0.046875 0.6225961538461539 0.015625 0.06370192307692307
2 0.31850961538461536 0.30408653846153844 0.020432692307692308 0.051682692307692304
2 0.3557692307692308 0.28365384615384615 0.038461538461538464 0.06610576923076923
2 0.45072115384615385 0.5564903846153846 0.040865384615384616 0.11298076923076923
2 0.5564903846153846 0.6838942307692307 0.03245192307692308 0.2127403846153846
2 0.5769230769230769 0.6586538461538461 0.040865384615384616 0.24519230769230768
2 0.6045673076923077 0.6670673076923077 0.036057692307692304 0.22716346153846154
2 0.6394230769230769 0.6550480769230769 0.038461538461538464 0.23918269230769232
2 0.7115384615384616 0.6826923076923077 0.03485576923076923 0.24879807692307693