2 0.01201923076923077 0.36658653846153844 0.02283653846153846 0.09134615384615384
2 0.1141826923076923 0.34975961538461536 0.18269230769230768 0.12259615384615384
2 0.1201923076923077 0.4891826923076923 0.0733173076923077 0.17067307692307693
2 0.19591346153846154 0.5697115384615384 0.08653846153846154 0.21754807692307693
2 0.22115384615384615 0.49038461538461536 0.078125 0.18629807692307693
2 0.23798076923076922 0.34134615384615385 0.030048076923076924 0.11899038461538461
2 0.26802884615384615 0.5721153846153846 0.06610576923076923 0.19471153846153846
2 0.2764423076923077 0.4795673076923077 0.08173076923076923 0.14783653846153846
2 0.5757211538461539 0.36778846153846156 0.6370192307692307 0.19591346153846154
2 0.3161057692307692 0.47716346153846156 0.051682692307692304 0.18269230769230768
2 0.3545673076923077 0.5084134615384616 0.078125 0.2548076923076923
2 0.41466346153846156 0.5048076923076923 0.078125 0.21995192307692307
2 0.43149038461538464 0.48677884615384615 0.09615384615384616 0.19230769230769232
2 0.48677884615384615 0.5036057692307693 0.0889423076923077 0.2283653846153846
2 0.5985576923076923 0.4855769230769231 0.08533653846153846 0.23317307692307693
2 0.609375 0.4807692307692308 0.07451923076923077 0.26322115384615385
2 0.6646634615384616 0.5132211538461539 0.10096153846153846 0.203125
2 0.7007211538461539 0.4891826923076923 0.0829326923076923 0.21995192307692307
2 0.7716346153846154 0.43990384615384615 0.09254807692307693 0.26322115384615385
2 0.8858173076923077 0.47836538461538464 0.09014423076923077 0.18990384615384615
2 0.9302884615384616 0.9699519230769231 0.09615384615384616 0.057692307692307696
2 0.9014423076923077 0.33774038461538464 0.025240384615384616 0.14302884615384615
2 0.9302884615384616 0.34375 0.028846153846153848 0.1502403846153846