2 0.1875 0.9074519230769231 0.11778846153846154 0.1814903846153846
2 0.17668269230769232 0.4951923076923077 0.046875 0.10216346153846154
2 0.16826923076923078 0.40625 0.025240384615384616 0.057692307692307696
2 0.2127403846153846 0.8004807692307693 0.09375 0.15745192307692307
2 0.2980769230769231 0.4675480769230769 0.03125 0.039663461538461536
2 0.3737980769230769 0.8341346153846154 0.07572115384615384 0.12860576923076922
2 0.38822115384615385 0.9350961538461539 0.1045673076923077 0.12620192307692307
2 0.45552884615384615 0.8028846153846154 0.06370192307692307 0.1141826923076923
2 0.5 0.7728365384615384 0.038461538461538464 0.13942307692307693
2 0.5805288461538461 0.5456730769230769 0.05889423076923077 0.07451923076923077
2 0.5817307692307693 0.6466346153846154 0.05048076923076923 0.11899038461538461
2 0.6826923076923077 0.8461538461538461 0.11778846153846154 0.1502403846153846
2 0.6838942307692307 0.5360576923076923 0.05048076923076923 0.07692307692307693
2 0.7536057692307693 0.6526442307692307 0.06610576923076923 0.10216346153846154
2 0.8822115384615384 0.8209134615384616 0.08653846153846154 0.14903846153846154