2 0.06971153846153846 0.17067307692307693 0.13942307692307693 0.34134615384615385
2 0.2764423076923077 0.22115384615384615 0.109375 0.4014423076923077
2 0.36177884615384615 0.15384615384615385 0.10216346153846154 0.30528846153846156
2 0.421875 0.22956730769230768 0.15384615384615385 0.4579326923076923
2 0.49158653846153844 0.15144230769230768 0.019230769230769232 0.17548076923076922
2 0.5108173076923077 0.17548076923076922 0.03365384615384615 0.20673076923076922
2 0.6478365384615384 0.18629807692307693 0.08052884615384616 0.18870192307692307
2 0.7115384615384616 0.28846153846153844 0.17908653846153846 0.234375
2 0.7043269230769231 0.11298076923076923 0.06490384615384616 0.0985576923076923
2 0.8100961538461539 0.20552884615384615 0.06850961538461539 0.1971153846153846
2 0.9447115384615384 0.19471153846153846 0.10697115384615384 0.34134615384615385