2 0.2764423076923077 0.16947115384615385 0.052884615384615384 0.1045673076923077
2 0.31850961538461536 0.2608173076923077 0.0889423076923077 0.13581730769230768
2 0.3954326923076923 0.12620192307692307 0.03365384615384615 0.07932692307692307
2 0.421875 0.1658653846153846 0.036057692307692304 0.07091346153846154
2 0.49038461538461536 0.24158653846153846 0.08052884615384616 0.12139423076923077
2 0.5108173076923077 0.13822115384615385 0.051682692307692304 0.07932692307692307
2 0.5673076923076923 0.33052884615384615 0.07091346153846154 0.140625
2 0.5733173076923077 0.14903846153846154 0.016826923076923076 0.037259615384615384
2 0.6081730769230769 0.13822115384615385 0.042067307692307696 0.07091346153846154
2 0.6346153846153846 0.23677884615384615 0.07451923076923077 0.12139423076923077
2 0.7127403846153846 0.14302884615384615 0.04447115384615385 0.140625
2 0.7776442307692307 0.296875 0.08774038461538461 0.15264423076923078
2 0.7716346153846154 0.23197115384615385 0.06850961538461539 0.11538461538461539
2 0.7704326923076923 0.16826923076923078 0.055288461538461536 0.0733173076923077
2 0.8329326923076923 0.15985576923076922 0.03245192307692308 0.04807692307692308
2 0.8786057692307693 0.21875 0.04807692307692308 0.09014423076923077
2 0.9879807692307693 0.1875 0.021634615384615384 0.027644230769230768