2 0.013221153846153846 0.3737980769230769 0.026442307692307692 0.19471153846153846
2 0.019230769230769232 0.6742788461538461 0.038461538461538464 0.38100961538461536
2 0.015625 0.3629807692307692 0.021634615384615384 0.19831730769230768
2 0.04326923076923077 0.36658653846153844 0.051682692307692304 0.20673076923076922
2 0.07932692307692307 0.6850961538461539 0.11899038461538461 0.4723557692307692
2 0.06971153846153846 0.36899038461538464 0.027644230769230768 0.18389423076923078
2 0.09495192307692307 0.3701923076923077 0.04326923076923077 0.18629807692307693
2 0.11538461538461539 0.36778846153846156 0.037259615384615384 0.1875
2 0.1310096153846154 0.35096153846153844 0.03245192307692308 0.1622596153846154
2 0.1875 0.35096153846153844 0.039663461538461536 0.16947115384615385
2 0.1875 0.3137019230769231 0.03365384615384615 0.09014423076923077
2 0.19951923076923078 0.38461538461538464 0.054086538461538464 0.18629807692307693
2 0.35336538461538464 0.37259615384615385 0.042067307692307696 0.1875
2 0.44591346153846156 0.37259615384615385 0.052884615384615384 0.20072115384615385
2 0.5709134615384616 0.6466346153846154 0.10576923076923077 0.4579326923076923
2 0.6370192307692307 0.6286057692307693 0.09375 0.4206730769230769
2 0.7235576923076923 0.6538461538461539 0.06610576923076923 0.43990384615384615
2 0.8954326923076923 0.6382211538461539 0.0733173076923077 0.390625
2 0.9399038461538461 0.6009615384615384 0.08413461538461539 0.4326923076923077