2 0.05889423076923077 0.3641826923076923 0.11778846153846154 0.6682692307692307
2 0.13341346153846154 0.27163461538461536 0.2668269230769231 0.5432692307692307
2 0.17067307692307693 0.10697115384615384 0.09735576923076923 0.2127403846153846
2 0.3125 0.17668269230769232 0.07692307692307693 0.35336538461538464
2 0.3557692307692308 0.18990384615384615 0.04807692307692308 0.27283653846153844
2 0.3701923076923077 0.20552884615384615 0.039663461538461536 0.21995192307692307
2 0.40024038461538464 0.15745192307692307 0.055288461538461536 0.31490384615384615
2 0.44711538461538464 0.171875 0.021634615384615384 0.11538461538461539
2 0.46274038461538464 0.18629807692307693 0.018028846153846152 0.08774038461538461
2 0.4951923076923077 0.19110576923076922 0.018028846153846152 0.06610576923076923
2 0.6177884615384616 0.34375 0.17067307692307693 0.6862980769230769
2 0.7872596153846154 0.38822115384615385 0.23197115384615385 0.7764423076923077
2 0.9014423076923077 0.09495192307692307 0.07692307692307693 0.18990384615384615
2 0.9675480769230769 0.23197115384615385 0.06370192307692307 0.4639423076923077
2 0.9747596153846154 0.30288461538461536 0.04567307692307692 0.6057692307692307