2 0.010817307692307692 0.7355769230769231 0.021634615384615384 0.04326923076923077
2 0.014423076923076924 0.7524038461538461 0.028846153846153848 0.057692307692307696
2 0.06610576923076923 0.8846153846153846 0.09735576923076923 0.2283653846153846
2 0.06009615384615385 0.7920673076923077 0.07692307692307693 0.1814903846153846
2 0.0673076923076923 0.7752403846153846 0.04807692307692308 0.13221153846153846
2 0.2608173076923077 0.8137019230769231 0.054086538461538464 0.14543269230769232
2 0.2980769230769231 0.8137019230769231 0.055288461538461536 0.13221153846153846
2 0.36778846153846156 0.8088942307692307 0.037259615384615384 0.12379807692307693
2 0.4026442307692308 0.8064903846153846 0.040865384615384616 0.10216346153846154
2 0.5336538461538461 0.5805288461538461 0.21514423076923078 0.7367788461538461
2 0.5384615384615384 0.8341346153846154 0.039663461538461536 0.24879807692307693
2 0.5492788461538461 0.7872596153846154 0.04567307692307692 0.12860576923076922
2 0.546875 0.7632211538461539 0.037259615384615384 0.07091346153846154
2 0.7788461538461539 0.7632211538461539 0.054086538461538464 0.1658653846153846
2 0.8329326923076923 0.7740384615384616 0.030048076923076924 0.15745192307692307
2 0.8786057692307693 0.8197115384615384 0.052884615384615384 0.23557692307692307
2 0.953125 0.9110576923076923 0.0889423076923077 0.13942307692307693