2 0.018028846153846152 0.5588942307692307 0.036057692307692304 0.1658653846153846
2 0.019230769230769232 0.47475961538461536 0.038461538461538464 0.09615384615384616
2 0.055288461538461536 0.59375 0.08774038461538461 0.14302884615384615
2 0.08052884615384616 0.4795673076923077 0.051682692307692304 0.0829326923076923
2 0.19471153846153846 0.390625 0.125 0.2247596153846154
2 0.15625 0.35697115384615385 0.030048076923076924 0.24519230769230768
2 0.25721153846153844 0.38100961538461536 0.08533653846153846 0.16826923076923078
2 0.32091346153846156 0.34615384615384615 0.09735576923076923 0.21153846153846154
2 0.8413461538461539 0.4074519230769231 0.11298076923076923 0.18870192307692307
2 0.8858173076923077 0.3894230769230769 0.10576923076923077 0.2403846153846154
2 0.9314903846153846 0.4026442307692308 0.12259615384615384 0.20552884615384615