2 0.5612980769230769 0.4411057692307692 0.08173076923076923 0.1045673076923077
2 0.3329326923076923 0.46634615384615385 0.13822115384615385 0.04807692307692308
2 0.38100961538461536 0.7896634615384616 0.0733173076923077 0.09735576923076923
2 0.41586538461538464 0.14302884615384615 0.1045673076923077 0.0889423076923077
2 0.4879807692307692 0.44350961538461536 0.109375 0.0985576923076923
2 0.47115384615384615 0.7992788461538461 0.07091346153846154 0.08533653846153846
2 0.5180288461538461 0.7848557692307693 0.11298076923076923 0.10096153846153846
2 0.5216346153846154 0.1310096153846154 0.09975961538461539 0.11658653846153846
2 0.5600961538461539 0.7884615384615384 0.04927884615384615 0.10576923076923077
2 0.6346153846153846 0.8028846153846154 0.109375 0.10096153846153846
2 0.7560096153846154 0.8617788461538461 0.09134615384615384 0.09014423076923077