2 0.21875 0.5961538461538461 0.2692307692307692 0.7704326923076923
2 0.042067307692307696 0.5925480769230769 0.08413461538461539 0.8100961538461539
2 0.47716346153846156 0.4519230769230769 0.20192307692307693 0.7043269230769231
2 0.5625 0.4567307692307692 0.046875 0.17067307692307693
2 0.6550480769230769 0.5913461538461539 0.17067307692307693 0.4963942307692308
2 0.6610576923076923 0.4014423076923077 0.03485576923076923 0.11057692307692307
2 0.6959134615384616 0.5144230769230769 0.07091346153846154 0.23798076923076922
2 0.7079326923076923 0.40625 0.03125 0.07091346153846154
2 0.7668269230769231 0.47475961538461536 0.0673076923076923 0.24639423076923078
2 0.7980769230769231 0.46274038461538464 0.038461538461538464 0.23798076923076922
2 0.8293269230769231 0.3942307692307692 0.05048076923076923 0.0733173076923077
2 0.8305288461538461 0.5084134615384616 0.051682692307692304 0.22115384615384615
2 0.8737980769230769 0.4375 0.04807692307692308 0.2127403846153846
2 0.8629807692307693 0.36538461538461536 0.02403846153846154 0.03485576923076923
2 0.9278846153846154 0.4987980769230769 0.14182692307692307 0.9975961538461539
2 0.9122596153846154 0.3581730769230769 0.03485576923076923 0.042067307692307696