2 0.09134615384615384 0.7872596153846154 0.1045673076923077 0.15504807692307693
2 0.16826923076923078 0.703125 0.2932692307692308 0.3161057692307692
2 0.07932692307692307 0.6995192307692307 0.07211538461538461 0.09375
2 0.14903846153846154 0.84375 0.07211538461538461 0.051682692307692304
2 0.15625 0.7223557692307693 0.056490384615384616 0.10336538461538461
2 0.234375 0.7331730769230769 0.07451923076923077 0.13822115384615385
2 0.3389423076923077 0.6009615384615384 0.03485576923076923 0.09375
2 0.4230769230769231 0.6466346153846154 0.08173076923076923 0.10336538461538461
2 0.46875 0.5528846153846154 0.046875 0.08533653846153846
2 0.49038461538461536 0.5961538461538461 0.05889423076923077 0.05048076923076923
2 0.5432692307692307 0.5204326923076923 0.052884615384615384 0.0625
2 0.7920673076923077 0.3112980769230769 0.05048076923076923 0.08774038461538461