2 0.9314903846153846 0.5516826923076923 0.078125 0.34975961538461536
2 0.4699519230769231 0.5805288461538461 0.8509615384615384 0.46033653846153844
2 0.08413461538461539 0.6358173076923077 0.07451923076923077 0.3293269230769231
2 0.18028846153846154 0.6466346153846154 0.07451923076923077 0.3245192307692308
2 0.2283653846153846 0.6382211538461539 0.06850961538461539 0.3425480769230769
2 0.2956730769230769 0.6262019230769231 0.0733173076923077 0.3088942307692308
2 0.35336538461538464 0.5997596153846154 0.06610576923076923 0.3161057692307692
2 0.421875 0.578125 0.057692307692307696 0.3088942307692308
2 0.46634615384615385 0.5697115384615384 0.05889423076923077 0.30649038461538464
2 0.5132211538461539 0.5600961538461539 0.055288461538461536 0.30649038461538464
2 0.5961538461538461 0.5697115384615384 0.057692307692307696 0.3016826923076923
2 0.6418269230769231 0.5661057692307693 0.046875 0.29086538461538464
2 0.7067307692307693 0.5504807692307693 0.06009615384615385 0.29447115384615385
2 0.7463942307692307 0.5576923076923077 0.05889423076923077 0.29447115384615385
2 0.7920673076923077 0.5600961538461539 0.07932692307692307 0.3389423076923077
2 0.8629807692307693 0.5480769230769231 0.06610576923076923 0.30528846153846156