2 0.15384615384615385 0.6766826923076923 0.23918269230769232 0.5084134615384616
2 0.3329326923076923 0.6995192307692307 0.08653846153846154 0.28365384615384615
2 0.44711538461538464 0.4050480769230769 0.06850961538461539 0.14783653846153846
2 0.49038461538461536 0.5805288461538461 0.06490384615384616 0.30288461538461536
2 0.5721153846153846 0.7307692307692307 0.11298076923076923 0.27884615384615385
2 0.5564903846153846 0.35336538461538464 0.051682692307692304 0.11778846153846154
2 0.5901442307692307 0.5144230769230769 0.04447115384615385 0.1201923076923077
2 0.6514423076923077 0.59375 0.05889423076923077 0.27283653846153844
2 0.7079326923076923 0.7283653846153846 0.08052884615384616 0.27283653846153844
2 0.8112980769230769 0.6959134615384616 0.07932692307692307 0.2548076923076923
2 0.8677884615384616 0.625 0.04447115384615385 0.12860576923076922
2 0.9002403846153846 0.7235576923076923 0.06370192307692307 0.28365384615384615
2 0.9314903846153846 0.703125 0.06971153846153846 0.25240384615384615