2 0.5144230769230769 0.3112980769230769 0.0829326923076923 0.1622596153846154
2 0.09975961538461539 0.7644230769230769 0.19951923076923078 0.4675480769230769
2 0.051682692307692304 0.2800480769230769 0.0889423076923077 0.5480769230769231
2 0.12259615384615384 0.13942307692307693 0.2283653846153846 0.27884615384615385
2 0.24519230769230768 0.3798076923076923 0.32091346153846156 0.47115384615384615
2 0.11057692307692307 0.10216346153846154 0.039663461538461536 0.05889423076923077
2 0.21754807692307693 0.6610576923076923 0.1814903846153846 0.4098557692307692
2 0.3425480769230769 0.4026442307692308 0.09495192307692307 0.2283653846153846
2 0.3954326923076923 0.2536057692307692 0.07572115384615384 0.23317307692307693
2 0.6262019230769231 0.35096153846153844 0.10576923076923077 0.15625
2 0.6598557692307693 0.3786057692307692 0.15384615384615385 0.28846153846153844
2 0.7175480769230769 0.43149038461538464 0.22115384615384615 0.3870192307692308
2 0.8858173076923077 0.6189903846153846 0.22716346153846154 0.49399038461538464