2 0.3581730769230769 0.6045673076923077 0.11057692307692307 0.3713942307692308
2 0.03365384615384615 0.5973557692307693 0.027644230769230768 0.10336538461538461
2 0.06129807692307692 0.6009615384615384 0.038461538461538464 0.13942307692307693
2 0.08653846153846154 0.5432692307692307 0.016826923076923076 0.057692307692307696
2 0.12740384615384615 0.5889423076923077 0.08413461538461539 0.203125
2 0.16105769230769232 0.5805288461538461 0.036057692307692304 0.11899038461538461
2 0.1971153846153846 0.59375 0.08413461538461539 0.25600961538461536
2 0.2512019230769231 0.6033653846153846 0.052884615384615384 0.16105769230769232
2 0.390625 0.6033653846153846 0.05048076923076923 0.20072115384615385
2 0.49158653846153844 0.5685096153846154 0.15264423076923078 0.24519230769230768
2 0.6213942307692307 0.6394230769230769 0.24278846153846154 0.5492788461538461
2 0.5600961538461539 0.5432692307692307 0.021634615384615384 0.08774038461538461
2 0.6935096153846154 0.6418269230769231 0.046875 0.2668269230769231
2 0.7788461538461539 0.6598557692307693 0.14543269230769232 0.1814903846153846
2 0.9206730769230769 0.6358173076923077 0.15504807692307693 0.44591346153846156