2 0.05889423076923077 0.2283653846153846 0.11778846153846154 0.07572115384615384
2 0.06370192307692307 0.8677884615384616 0.06850961538461539 0.06850961538461539
2 0.07692307692307693 0.8930288461538461 0.08052884615384616 0.07932692307692307
2 0.1658653846153846 0.8413461538461539 0.052884615384615384 0.11057692307692307
2 0.14783653846153846 0.25 0.015625 0.038461538461538464
2 0.15504807692307693 0.28125 0.019230769230769232 0.0829326923076923
2 0.203125 0.26322115384615385 0.025240384615384616 0.0985576923076923
2 0.21995192307692307 0.41466346153846156 0.015625 0.028846153846153848
2 0.25240384615384615 0.2776442307692308 0.03485576923076923 0.09975961538461539
2 0.27524038461538464 0.8389423076923077 0.056490384615384616 0.08653846153846154
2 0.38100961538461536 0.8233173076923077 0.08173076923076923 0.08774038461538461
2 0.4699519230769231 0.828125 0.07451923076923077 0.08052884615384616
2 0.46634615384615385 0.8533653846153846 0.039663461538461536 0.04807692307692308
2 0.6346153846153846 0.2848557692307692 0.22596153846153846 0.09134615384615384
2 0.5288461538461539 0.4375 0.010817307692307692 0.007211538461538462
2 0.5420673076923077 0.43990384615384615 0.007211538461538462 0.010817307692307692
2 0.5649038461538461 0.4423076923076923 0.018028846153846152 0.019230769230769232
2 0.5793269230769231 0.44711538461538464 0.002403846153846154 0.008413461538461538
2 0.5925480769230769 0.4483173076923077 0.018028846153846152 0.03125
2 0.6045673076923077 0.4579326923076923 0.014423076923076924 0.02283653846153846
2 0.6225961538461539 0.45913461538461536 0.015625 0.019230769230769232
2 0.6574519230769231 0.4651442307692308 0.014423076923076924 0.02403846153846154
2 0.671875 0.48197115384615385 0.037259615384615384 0.046875
2 0.6790865384615384 0.7824519230769231 0.037259615384615384 0.06129807692307692
2 0.7079326923076923 0.8197115384615384 0.0673076923076923 0.0985576923076923
2 0.7019230769230769 0.5192307692307693 0.03365384615384615 0.051682692307692304
2 0.7163461538461539 0.7127403846153846 0.04326923076923077 0.046875
2 0.7223557692307693 0.5432692307692307 0.046875 0.055288461538461536
2 0.7680288461538461 0.8004807692307693 0.052884615384615384 0.09375
2 0.7740384615384616 0.5552884615384616 0.0625 0.038461538461538464
2 0.7584134615384616 0.3449519230769231 0.016826923076923076 0.028846153846153848
2 0.7668269230769231 0.703125 0.030048076923076924 0.027644230769230768
2 0.7836538461538461 0.7487980769230769 0.057692307692307696 0.08774038461538461
2 0.7704326923076923 0.28846153846153844 0.021634615384615384 0.05889423076923077
2 0.7800480769230769 0.3425480769230769 0.026442307692307692 0.02403846153846154
2 0.7944711538461539 0.6634615384615384 0.052884615384615384 0.07211538461538461
2 0.7860576923076923 0.5276442307692307 0.020432692307692308 0.04447115384615385
2 0.8112980769230769 0.7127403846153846 0.042067307692307696 0.06009615384615385
2 0.8076923076923077 0.5841346153846154 0.025240384615384616 0.051682692307692304
2 0.8425480769230769 0.6057692307692307 0.05889423076923077 0.05048076923076923
2 0.8605769230769231 0.32211538461538464 0.09254807692307693 0.08653846153846154
2 0.8497596153846154 0.6923076923076923 0.05048076923076923 0.07451923076923077
2 0.8581730769230769 0.6009615384615384 0.021634615384615384 0.036057692307692304
2 0.8894230769230769 0.3605769230769231 0.028846153846153848 0.05889423076923077
2 0.921875 0.3629807692307692 0.02403846153846154 0.057692307692307696
2 0.9338942307692307 0.28846153846153844 0.016826923076923076 0.04447115384615385
2 0.9423076923076923 0.28966346153846156 0.03245192307692308 0.04326923076923077
2 0.9459134615384616 0.32211538461538464 0.02403846153846154 0.056490384615384616
2 0.9975961538461539 0.3401442307692308 0.002403846153846154 0.037259615384615384