2 0.2644230769230769 0.7548076923076923 0.051682692307692304 0.25841346153846156
2 0.5 0.7740384615384616 0.9987980769230769 0.38221153846153844
2 0.08413461538461539 0.3858173076923077 0.02403846153846154 0.056490384615384616
2 0.23798076923076922 0.43990384615384615 0.026442307692307692 0.04447115384615385
2 0.3233173076923077 0.30649038461538464 0.021634615384615384 0.09014423076923077
2 0.3401442307692308 0.3016826923076923 0.016826923076923076 0.07932692307692307
2 0.37259615384615385 0.3016826923076923 0.018028846153846152 0.0829326923076923
2 0.3954326923076923 0.2956730769230769 0.016826923076923076 0.07091346153846154
2 0.49158653846153844 0.40625 0.030048076923076924 0.04807692307692308
2 0.5240384615384616 0.4074519230769231 0.03125 0.04927884615384615
2 0.7932692307692307 0.7728365384615384 0.09014423076923077 0.453125
2 0.9182692307692307 0.40865384615384615 0.037259615384615384 0.055288461538461536
2 0.9495192307692307 0.41466346153846156 0.028846153846153848 0.056490384615384616
2 0.9447115384615384 0.28846153846153844 0.018028846153846152 0.08533653846153846
2 0.9675480769230769 0.28125 0.025240384615384616 0.07932692307692307