2 0.35336538461538464 0.6370192307692307 0.07572115384615384 0.328125
2 0.4879807692307692 0.5877403846153846 0.9759615384615384 0.38221153846153844
2 0.04807692307692308 0.6610576923076923 0.06490384615384616 0.25600961538461536
2 0.10096153846153846 0.6358173076923077 0.051682692307692304 0.2824519230769231
2 0.15264423076923078 0.640625 0.054086538461538464 0.27884615384615385
2 0.20673076923076922 0.6442307692307693 0.04927884615384615 0.2764423076923077
2 0.2512019230769231 0.6418269230769231 0.042067307692307696 0.2800480769230769
2 0.29927884615384615 0.6466346153846154 0.056490384615384616 0.27163461538461536
2 0.40625 0.6478365384615384 0.040865384615384616 0.25721153846153844
2 0.44350961538461536 0.6490384615384616 0.037259615384615384 0.2608173076923077
2 0.4879807692307692 0.6418269230769231 0.04927884615384615 0.2848557692307692
2 0.5396634615384616 0.6478365384615384 0.055288461538461536 0.2776442307692308
2 0.5961538461538461 0.6322115384615384 0.055288461538461536 0.28846153846153844
2 0.6322115384615384 0.6430288461538461 0.038461538461538464 0.2536057692307692
2 0.6622596153846154 0.6550480769230769 0.06490384615384616 0.28365384615384615
2 0.7055288461538461 0.640625 0.052884615384615384 0.28725961538461536
2 0.7487980769230769 0.6490384615384616 0.056490384615384616 0.24519230769230768
2 0.7800480769230769 0.6490384615384616 0.036057692307692304 0.24639423076923078
2 0.8173076923076923 0.6526442307692307 0.042067307692307696 0.26322115384615385
2 0.8629807692307693 0.6454326923076923 0.052884615384615384 0.25240384615384615
2 0.8882211538461539 0.6454326923076923 0.025240384615384616 0.24879807692307693
2 0.9314903846153846 0.6370192307692307 0.056490384615384616 0.2692307692307692
2 0.9278846153846154 0.6466346153846154 0.04447115384615385 0.25600961538461536
2 0.9819711538461539 0.6502403846153846 0.03485576923076923 0.31850961538461536