2 0.16105769230769232 0.09014423076923077 0.32091346153846156 0.08052884615384616
2 0.1935096153846154 0.030048076923076924 0.03485576923076923 0.052884615384615384
2 0.3329326923076923 0.27524038461538464 0.19951923076923078 0.5492788461538461
2 0.2536057692307692 0.03485576923076923 0.03365384615384615 0.06971153846153846
2 0.2800480769230769 0.037259615384615384 0.02403846153846154 0.06370192307692307
2 0.3629807692307692 0.03125 0.019230769230769232 0.0625
2 0.39903846153846156 0.037259615384615384 0.052884615384615384 0.07451923076923077
2 0.4014423076923077 0.11778846153846154 0.02283653846153846 0.07091346153846154
2 0.5120192307692307 0.36658653846153844 0.21514423076923078 0.7331730769230769
2 0.6334134615384616 0.042067307692307696 0.13942307692307693 0.08413461538461539
2 0.5997596153846154 0.11057692307692307 0.021634615384615384 0.057692307692307696
2 0.6454326923076923 0.09375 0.030048076923076924 0.15384615384615385
2 0.7079326923076923 0.171875 0.06009615384615385 0.25600961538461536