2 0.028846153846153848 0.19230769230769232 0.037259615384615384 0.12139423076923077
2 0.03365384615384615 0.3173076923076923 0.04567307692307692 0.17427884615384615
2 0.06610576923076923 0.41346153846153844 0.06370192307692307 0.2283653846153846
2 0.08413461538461539 0.19110576923076922 0.057692307692307696 0.16947115384615385
2 0.11057692307692307 0.45913461538461536 0.07091346153846154 0.22355769230769232
2 0.14302884615384615 0.3137019230769231 0.07572115384615384 0.18870192307692307
2 0.16826923076923078 0.5697115384615384 0.0985576923076923 0.3293269230769231
2 0.15144230769230768 0.1814903846153846 0.055288461538461536 0.17427884615384615
2 0.1935096153846154 0.6334134615384616 0.13221153846153846 0.2920673076923077
2 0.24519230769230768 0.7199519230769231 0.13341346153846154 0.3088942307692308
2 0.21394230769230768 0.14423076923076922 0.04567307692307692 0.1310096153846154
2 0.2283653846153846 0.4254807692307692 0.07572115384615384 0.21754807692307693
2 0.22716346153846154 0.21634615384615385 0.03485576923076923 0.09254807692307693
2 0.2536057692307692 0.4963942307692308 0.08173076923076923 0.2403846153846154
2 0.3293269230769231 0.8713942307692307 0.17668269230769232 0.22596153846153846
2 0.27403846153846156 0.30649038461538464 0.057692307692307696 0.21754807692307693
2 0.30528846153846156 0.28846153846153844 0.0625 0.23557692307692307
2 0.31971153846153844 0.578125 0.07572115384615384 0.2920673076923077
2 0.3605769230769231 0.6550480769230769 0.10096153846153846 0.3245192307692308
2 0.3641826923076923 0.30408653846153844 0.04927884615384615 0.2091346153846154
2 0.4074519230769231 0.33774038461538464 0.05889423076923077 0.21394230769230768
2 0.5072115384615384 0.8209134615384616 0.18509615384615385 0.3269230769230769
2 0.49278846153846156 0.40384615384615385 0.0673076923076923 0.265625
2 0.5480769230769231 0.46875 0.07211538461538461 0.26802884615384615
2 0.6574519230769231 0.4230769230769231 0.08173076923076923 0.24278846153846154
2 0.7463942307692307 0.6153846153846154 0.10216346153846154 0.31009615384615385
2 0.7307692307692307 0.4266826923076923 0.06610576923076923 0.16346153846153846
2 0.8449519230769231 0.6057692307692307 0.10697115384615384 0.3016826923076923
2 0.9050480769230769 0.5372596153846154 0.06610576923076923 0.2247596153846154
2 0.9182692307692307 0.38100961538461536 0.07091346153846154 0.12740384615384615
2 0.9711538461538461 0.3798076923076923 0.037259615384615384 0.08533653846153846