2 0.06370192307692307 0.6610576923076923 0.12740384615384615 0.3798076923076923
2 0.10697115384615384 0.5228365384615384 0.039663461538461536 0.12259615384615384
2 0.14423076923076922 0.6322115384615384 0.10336538461538461 0.29086538461538464
2 0.140625 0.4879807692307692 0.07451923076923077 0.06009615384615385
2 0.203125 0.5925480769230769 0.09735576923076923 0.24759615384615385
2 0.22235576923076922 0.5709134615384616 0.07932692307692307 0.24879807692307693
2 0.3858173076923077 0.53125 0.042067307692307696 0.20793269230769232
2 0.47115384615384615 0.6213942307692307 0.1814903846153846 0.34134615384615385
2 0.4230769230769231 0.53125 0.027644230769230768 0.1971153846153846
2 0.44350961538461536 0.53125 0.04326923076923077 0.20793269230769232
2 0.5384615384615384 0.6009615384615384 0.09254807692307693 0.2860576923076923
2 0.5348557692307693 0.5024038461538461 0.02283653846153846 0.11057692307692307
2 0.5504807692307693 0.5120192307692307 0.036057692307692304 0.21514423076923078
2 0.6057692307692307 0.5252403846153846 0.036057692307692304 0.21995192307692307
2 0.6298076923076923 0.5288461538461539 0.04567307692307692 0.23557692307692307
2 0.6298076923076923 0.5504807692307693 0.03125 0.24278846153846154
2 0.6586538461538461 0.5456730769230769 0.04447115384615385 0.24759615384615385
2 0.8401442307692307 0.5408653846153846 0.039663461538461536 0.27163461538461536
2 0.8533653846153846 0.5709134615384616 0.06490384615384616 0.36899038461538464