2 0.06610576923076923 0.6430288461538461 0.051682692307692304 0.2620192307692308
2 0.1310096153846154 0.6466346153846154 0.1045673076923077 0.2932692307692308
2 0.22235576923076922 0.6802884615384616 0.10697115384615384 0.34134615384615385
2 0.30408653846153844 0.6790865384615384 0.06129807692307692 0.3581730769230769
2 0.38461538461538464 0.7560096153846154 0.11538461538461539 0.39903846153846156
2 0.4495192307692308 0.6502403846153846 0.08052884615384616 0.2548076923076923
2 0.5108173076923077 0.6442307692307693 0.1045673076923077 0.23197115384615385
2 0.6129807692307693 0.6165865384615384 0.0889423076923077 0.2704326923076923
2 0.6802884615384616 0.6213942307692307 0.04927884615384615 0.19591346153846154
2 0.7139423076923077 0.6021634615384616 0.07211538461538461 0.2692307692307692
2 0.7920673076923077 0.6394230769230769 0.038461538461538464 0.20432692307692307
2 0.828125 0.6574519230769231 0.0829326923076923 0.27884615384615385
2 0.8834134615384616 0.5913461538461539 0.04807692307692308 0.17067307692307693
2 0.9170673076923077 0.6923076923076923 0.09375 0.3137019230769231
2 0.9795673076923077 0.7728365384615384 0.038461538461538464 0.1622596153846154