2 0.7403846153846154 0.6586538461538461 0.1201923076923077 0.6069711538461539
2 0.004807692307692308 0.5552884615384616 0.009615384615384616 0.05889423076923077
2 0.016826923076923076 0.5552884615384616 0.013221153846153846 0.05048076923076923
2 0.026442307692307692 0.5552884615384616 0.019230769230769232 0.05889423076923077
2 0.39663461538461536 0.5012019230769231 0.04927884615384615 0.14903846153846154
2 0.48677884615384615 0.6598557692307693 0.11899038461538461 0.4855769230769231
2 0.5516826923076923 0.6538461538461539 0.09134615384615384 0.4375
2 0.5877403846153846 0.5612980769230769 0.025240384615384616 0.057692307692307696
2 0.8125 0.6021634615384616 0.016826923076923076 0.057692307692307696
2 0.8497596153846154 0.7211538461538461 0.036057692307692304 0.11057692307692307
2 0.859375 0.5336538461538461 0.030048076923076924 0.22956730769230768
2 0.9038461538461539 0.6442307692307693 0.09615384615384616 0.5168269230769231