2 0.008413461538461538 0.6947115384615384 0.016826923076923076 0.0625
2 0.028846153846153848 0.7608173076923077 0.03245192307692308 0.18269230769230768
2 0.10336538461538461 0.6418269230769231 0.1201923076923077 0.3449519230769231
2 0.15745192307692307 0.5841346153846154 0.04567307692307692 0.12379807692307693
2 0.17548076923076922 0.6117788461538461 0.08173076923076923 0.140625
2 0.23677884615384615 0.6526442307692307 0.07572115384615384 0.2608173076923077
2 0.3016826923076923 0.6586538461538461 0.06971153846153846 0.24278846153846154
2 0.3701923076923077 0.6622596153846154 0.0733173076923077 0.25841346153846156
2 0.44471153846153844 0.6634615384615384 0.09014423076923077 0.2824519230769231
2 0.49399038461538464 0.6646634615384616 0.054086538461538464 0.24759615384615385
2 0.5084134615384616 0.6141826923076923 0.038461538461538464 0.13701923076923078
2 0.5456730769230769 0.6862980769230769 0.08413461538461539 0.24879807692307693
2 0.6009615384615384 0.6838942307692307 0.06971153846153846 0.23557692307692307
2 0.6502403846153846 0.7103365384615384 0.06009615384615385 0.17427884615384615
2 0.6622596153846154 0.6838942307692307 0.026442307692307692 0.1346153846153846
2 0.7079326923076923 0.7019230769230769 0.04927884615384615 0.14423076923076922
2 0.734375 0.703125 0.02283653846153846 0.13221153846153846
2 0.7439903846153846 0.6862980769230769 0.027644230769230768 0.12620192307692307
2 0.78125 0.7091346153846154 0.04567307692307692 0.12259615384615384
2 0.8100961538461539 0.6887019230769231 0.025240384615384616 0.10817307692307693
2 0.9543269230769231 0.7524038461538461 0.009615384615384616 0.05048076923076923
2 0.9639423076923077 0.75 0.010817307692307692 0.052884615384615384
2 0.9879807692307693 0.7512019230769231 0.01201923076923077 0.055288461538461536