2 0.40024038461538464 0.7908653846153846 0.054086538461538464 0.11057692307692307
2 0.01201923076923077 0.7115384615384616 0.02403846153846154 0.09375
2 0.052884615384615384 0.6382211538461539 0.036057692307692304 0.08413461538461539
2 0.08653846153846154 0.640625 0.021634615384615384 0.078125
2 0.1141826923076923 0.7235576923076923 0.028846153846153848 0.04927884615384615
2 0.13221153846153846 0.7043269230769231 0.02283653846153846 0.042067307692307696
2 0.14302884615384615 0.640625 0.02283653846153846 0.0673076923076923
2 0.14903846153846154 0.6995192307692307 0.018028846153846152 0.04447115384615385
2 0.1971153846153846 0.6274038461538461 0.019230769230769232 0.07451923076923077
2 0.6009615384615384 0.546875 0.796875 0.22355769230769232
2 0.21514423076923078 0.6286057692307693 0.014423076923076924 0.07692307692307693
2 0.28365384615384615 0.6850961538461539 0.026442307692307692 0.03245192307692308
2 0.8016826923076923 0.7860576923076923 0.07091346153846154 0.14423076923076922
2 0.7920673076923077 0.6189903846153846 0.037259615384615384 0.12980769230769232
2 0.8185096153846154 0.6382211538461539 0.051682692307692304 0.16105769230769232
2 0.9326923076923077 0.7536057692307693 0.13341346153846154 0.056490384615384616