2 0.06850961538461539 0.7980769230769231 0.018028846153846152 0.03245192307692308
2 0.109375 0.8016826923076923 0.010817307692307692 0.026442307692307692
2 0.43149038461538464 0.828125 0.014423076923076924 0.07451923076923077
2 0.49158653846153844 0.8305288461538461 0.02403846153846154 0.11057692307692307
2 0.5336538461538461 0.8461538461538461 0.037259615384615384 0.11057692307692307
2 0.5528846153846154 0.828125 0.02403846153846154 0.078125
2 0.6237980769230769 0.8413461538461539 0.020432692307692308 0.09254807692307693
2 0.6370192307692307 0.8401442307692307 0.008413461538461538 0.08653846153846154
2 0.6826923076923077 0.8485576923076923 0.03245192307692308 0.11057692307692307
2 0.7007211538461539 0.8137019230769231 0.007211538461538462 0.037259615384615384
2 0.7091346153846154 0.8317307692307693 0.006009615384615385 0.078125
2 0.8052884615384616 0.9314903846153846 0.07932692307692307 0.13581730769230768
2 0.8774038461538461 0.921875 0.17427884615384615 0.15384615384615385
2 0.9699519230769231 0.8930288461538461 0.057692307692307696 0.21153846153846154