2 0.5168269230769231 0.5084134615384616 0.0733173076923077 0.17668269230769232
2 0.06490384615384616 0.7620192307692307 0.12860576923076922 0.375
2 0.14903846153846154 0.6850961538461539 0.07091346153846154 0.19831730769230768
2 0.21754807692307693 0.7992788461538461 0.18028846153846154 0.40024038461538464
2 0.18870192307692307 0.5841346153846154 0.04326923076923077 0.0625
2 0.2824519230769231 0.5817307692307693 0.036057692307692304 0.09495192307692307
2 0.35336538461538464 0.8521634615384616 0.1045673076923077 0.29447115384615385
2 0.3293269230769231 0.5997596153846154 0.04447115384615385 0.14543269230769232
2 0.38822115384615385 0.6742788461538461 0.04807692307692308 0.0829326923076923
2 0.42427884615384615 0.5985576923076923 0.052884615384615384 0.11057692307692307
2 0.4567307692307692 0.5961538461538461 0.051682692307692304 0.10216346153846154
2 0.5216346153846154 0.8016826923076923 0.17067307692307693 0.3942307692307692
2 0.5324519230769231 0.7560096153846154 0.1778846153846154 0.21153846153846154
2 0.5685096153846154 0.5721153846153846 0.03485576923076923 0.09134615384615384
2 0.6081730769230769 0.5985576923076923 0.03485576923076923 0.12860576923076922
2 0.6995192307692307 0.6153846153846154 0.054086538461538464 0.17908653846153846
2 0.7740384615384616 0.6574519230769231 0.04326923076923077 0.1875
2 0.84375 0.6983173076923077 0.10576923076923077 0.22235576923076922
2 0.8701923076923077 0.5480769230769231 0.03245192307692308 0.06370192307692307
2 0.9387019230769231 0.5769230769230769 0.038461538461538464 0.13822115384615385