2 0.051682692307692304 0.3713942307692308 0.038461538461538464 0.1346153846153846
2 0.17668269230769232 0.5997596153846154 0.22596153846153846 0.7992788461538461
2 0.31009615384615385 0.5949519230769231 0.08653846153846154 0.5132211538461539
2 0.4014423076923077 0.6454326923076923 0.15384615384615385 0.671875
2 0.49038461538461536 0.5733173076923077 0.07451923076923077 0.45072115384615385
2 0.6009615384615384 0.6201923076923077 0.16706730769230768 0.7584134615384616
2 0.640625 0.5625 0.052884615384615384 0.3942307692307692
2 0.7259615384615384 0.5853365384615384 0.054086538461538464 0.47475961538461536
2 0.8100961538461539 0.6382211538461539 0.14182692307692307 0.7223557692307693
2 0.8581730769230769 0.5600961538461539 0.07211538461538461 0.4230769230769231
2 0.9495192307692307 0.6237980769230769 0.0985576923076923 0.65625