2 0.19831730769230768 0.6454326923076923 0.27283653846153844 0.38461538461538464
2 0.054086538461538464 0.40865384615384615 0.10697115384615384 0.17908653846153846
2 0.07451923076923077 0.5829326923076923 0.14783653846153846 0.3004807692307692
2 0.18990384615384615 0.40625 0.17067307692307693 0.19110576923076922
2 0.46033653846153844 0.6021634615384616 0.23076923076923078 0.296875
2 0.6526442307692307 0.8028846153846154 0.31490384615384615 0.2644230769230769
2 0.5853365384615384 0.5324519230769231 0.14302884615384615 0.2920673076923077
2 0.6466346153846154 0.49278846153846156 0.12740384615384615 0.13942307692307693
2 0.7800480769230769 0.5733173076923077 0.20793269230769232 0.36778846153846156
2 0.8762019230769231 0.7704326923076923 0.24639423076923078 0.37259615384615385
2 0.9206730769230769 0.46033653846153844 0.15625 0.2848557692307692