2 0.1141826923076923 0.8882211538461539 0.04807692307692308 0.17307692307692307
2 0.15625 0.9026442307692307 0.04326923076923077 0.10336538461538461
2 0.22355769230769232 0.8665865384615384 0.04326923076923077 0.1971153846153846
2 0.2644230769230769 0.8461538461538461 0.05048076923076923 0.20192307692307693
2 0.33653846153846156 0.8461538461538461 0.052884615384615384 0.20793269230769232
2 0.3737980769230769 0.7524038461538461 0.03245192307692308 0.09975961538461539
2 0.4026442307692308 0.8569711538461539 0.039663461538461536 0.18028846153846154
2 0.4110576923076923 0.7007211538461539 0.038461538461538464 0.12620192307692307
2 0.4326923076923077 0.78125 0.042067307692307696 0.16826923076923078
2 0.4519230769230769 0.7115384615384616 0.04807692307692308 0.14423076923076922
2 0.47716346153846156 0.7043269230769231 0.030048076923076924 0.15144230769230768
2 0.5036057692307693 0.7151442307692307 0.06009615384615385 0.16706730769230768
2 0.5673076923076923 0.8689903846153846 0.03245192307692308 0.08774038461538461
2 0.8689903846153846 0.8641826923076923 0.038461538461538464 0.11538461538461539
2 0.8930288461538461 0.8822115384615384 0.026442307692307692 0.10697115384615384