2 0.5012019230769231 0.45913461538461536 0.06490384615384616 0.3401442307692308
2 0.020432692307692308 0.27403846153846156 0.040865384615384616 0.1310096153846154
2 0.09615384615384616 0.6045673076923077 0.19230769230769232 0.5925480769230769
2 0.055288461538461536 0.36538461538461536 0.037259615384615384 0.19831730769230768
2 0.13221153846153846 0.4807692307692308 0.06129807692307692 0.3233173076923077
2 0.19110576923076922 0.6057692307692307 0.056490384615384616 0.15504807692307693
2 0.17668269230769232 0.4735576923076923 0.025240384615384616 0.09134615384615384
2 0.203125 0.4831730769230769 0.02283653846153846 0.05889423076923077
2 0.24519230769230768 0.42788461538461536 0.036057692307692304 0.17067307692307693
2 0.27524038461538464 0.4963942307692308 0.057692307692307696 0.2776442307692308
2 0.3004807692307692 0.578125 0.06610576923076923 0.13942307692307693
2 0.3557692307692308 0.5817307692307693 0.04447115384615385 0.11057692307692307
2 0.39663461538461536 0.5733173076923077 0.04326923076923077 0.10817307692307693
2 0.40024038461538464 0.453125 0.051682692307692304 0.19471153846153846
2 0.4098557692307692 0.5264423076923077 0.028846153846153848 0.07932692307692307
2 0.4387019230769231 0.5600961538461539 0.05048076923076923 0.11658653846153846
2 0.46274038461538464 0.5516826923076923 0.03365384615384615 0.11057692307692307
2 0.5793269230769231 0.5564903846153846 0.06971153846153846 0.125
2 0.5721153846153846 0.4182692307692308 0.038461538461538464 0.13341346153846154
2 0.6069711538461539 0.40384615384615385 0.03245192307692308 0.056490384615384616
2 0.6814903846153846 0.4987980769230769 0.15985576923076922 0.49399038461538464
2 0.6334134615384616 0.38100961538461536 0.039663461538461536 0.13341346153846154
2 0.7572115384615384 0.484375 0.04447115384615385 0.20673076923076922
2 0.7860576923076923 0.4543269230769231 0.03365384615384615 0.23677884615384615
2 0.8641826923076923 0.47836538461538464 0.04567307692307692 0.18509615384615385
2 0.8713942307692307 0.3713942307692308 0.042067307692307696 0.09014423076923077
2 0.9110576923076923 0.44591346153846156 0.04807692307692308 0.25
2 0.9495192307692307 0.45072115384615385 0.04927884615384615 0.2439903846153846
2 0.9807692307692307 0.44471153846153844 0.03365384615384615 0.2644230769230769