2 0.6850961538461539 0.5060096153846154 0.07451923076923077 0.4519230769230769
2 0.05048076923076923 0.6334134615384616 0.10096153846153846 0.2860576923076923
2 0.0733173076923077 0.6225961538461539 0.11658653846153846 0.25600961538461536
2 0.10216346153846154 0.4963942307692308 0.0889423076923077 0.39302884615384615
2 0.2091346153846154 0.5216346153846154 0.10336538461538461 0.4423076923076923
2 0.3004807692307692 0.5120192307692307 0.10216346153846154 0.43149038461538464
2 0.4206730769230769 0.41346153846153844 0.13701923076923078 0.6442307692307693
2 0.5576923076923077 0.4411057692307692 0.14423076923076922 0.6057692307692307
2 0.7560096153846154 0.5060096153846154 0.07091346153846154 0.42788461538461536
2 0.8221153846153846 0.4951923076923077 0.0733173076923077 0.4375
2 0.9314903846153846 0.5901442307692307 0.1346153846153846 0.3161057692307692