2 0.03245192307692308 0.6081730769230769 0.04447115384615385 0.1466346153846154
2 0.265625 0.6310096153846154 0.06971153846153846 0.1971153846153846
2 0.33413461538461536 0.5528846153846154 0.0889423076923077 0.09254807692307693
2 0.3233173076923077 0.5829326923076923 0.04326923076923077 0.1141826923076923
2 0.375 0.6346153846153846 0.06850961538461539 0.19110576923076922
2 0.40384615384615385 0.6286057692307693 0.046875 0.18028846153846154
2 0.40625 0.5685096153846154 0.03245192307692308 0.08774038461538461
2 0.4567307692307692 0.5697115384615384 0.026442307692307692 0.12980769230769232
2 0.47596153846153844 0.5685096153846154 0.010817307692307692 0.13942307692307693
2 0.48677884615384615 0.5384615384615384 0.016826923076923076 0.08052884615384616
2 0.5036057692307693 0.5637019230769231 0.026442307692307692 0.12139423076923077
2 0.6418269230769231 0.59375 0.040865384615384616 0.18629807692307693
2 0.6694711538461539 0.5865384615384616 0.018028846153846152 0.16706730769230768
2 0.6814903846153846 0.6045673076923077 0.021634615384615384 0.17908653846153846
2 0.7512019230769231 0.6213942307692307 0.06610576923076923 0.1971153846153846