2 0.036057692307692304 0.6310096153846154 0.04447115384615385 0.1814903846153846
2 0.06370192307692307 0.6177884615384616 0.019230769230769232 0.15384615384615385
2 0.08173076923076923 0.6189903846153846 0.04567307692307692 0.15745192307692307
2 0.10697115384615384 0.6081730769230769 0.026442307692307692 0.12139423076923077
2 0.12379807692307693 0.6069711538461539 0.018028846153846152 0.11177884615384616
2 0.3112980769230769 0.5757211538461539 0.013221153846153846 0.07932692307692307
2 0.32572115384615385 0.5745192307692307 0.010817307692307692 0.0829326923076923
2 0.33413461538461536 0.5769230769230769 0.015625 0.07091346153846154
2 0.39903846153846156 0.5661057692307693 0.054086538461538464 0.06490384615384616
2 0.46274038461538464 0.5841346153846154 0.08774038461538461 0.10096153846153846
2 0.5793269230769231 0.6201923076923077 0.1658653846153846 0.1778846153846154
2 0.7115384615384616 0.5733173076923077 0.0985576923076923 0.10697115384615384
2 0.8798076923076923 0.5961538461538461 0.10697115384615384 0.15625