2 0.1141826923076923 0.4543269230769231 0.021634615384615384 0.08653846153846154
2 0.1346153846153846 0.453125 0.026442307692307692 0.10096153846153846
2 0.15144230769230768 0.453125 0.014423076923076924 0.09375
2 0.20432692307692307 0.78125 0.11177884615384616 0.23557692307692307
2 0.18028846153846154 0.45072115384615385 0.025240384615384616 0.0889423076923077
2 0.24158653846153846 0.47115384615384615 0.037259615384615384 0.1141826923076923
2 0.3112980769230769 0.8233173076923077 0.1346153846153846 0.25841346153846156
2 0.28365384615384615 0.7103365384615384 0.06490384615384616 0.16346153846153846
2 0.27163461538461536 0.4699519230769231 0.036057692307692304 0.13341346153846154
2 0.3137019230769231 0.44711538461538464 0.020432692307692308 0.08173076923076923
2 0.4326923076923077 0.7247596153846154 0.07692307692307693 0.23197115384615385
2 0.5012019230769231 0.7836538461538461 0.20673076923076922 0.2824519230769231
2 0.4098557692307692 0.4579326923076923 0.01201923076923077 0.07211538461538461
2 0.43149038461538464 0.4495192307692308 0.025240384615384616 0.06129807692307692
2 0.45072115384615385 0.44711538461538464 0.018028846153846152 0.07692307692307693
2 0.4951923076923077 0.45552884615384615 0.019230769230769232 0.0733173076923077
2 0.515625 0.44591346153846156 0.016826923076923076 0.09254807692307693
2 0.5552884615384616 0.45072115384615385 0.016826923076923076 0.07932692307692307
2 0.578125 0.4495192307692308 0.025240384615384616 0.08052884615384616
2 0.6298076923076923 0.4519230769230769 0.016826923076923076 0.07692307692307693
2 0.6682692307692307 0.4579326923076923 0.010817307692307692 0.057692307692307696
2 0.7091346153846154 0.45552884615384615 0.016826923076923076 0.06971153846153846
2 0.7367788461538461 0.44711538461538464 0.014423076923076924 0.07692307692307693
2 0.7536057692307693 0.43990384615384615 0.01201923076923077 0.06971153846153846
2 0.7764423076923077 0.453125 0.020432692307692308 0.0733173076923077
2 0.8028846153846154 0.44711538461538464 0.016826923076923076 0.08653846153846154
2 0.9110576923076923 0.453125 0.015625 0.06610576923076923
2 0.9471153846153846 0.44711538461538464 0.015625 0.08533653846153846