2 0.078125 0.6105769230769231 0.037259615384615384 0.12379807692307693
2 0.12740384615384615 0.6081730769230769 0.03485576923076923 0.12259615384615384
2 0.4951923076923077 0.6778846153846154 0.04927884615384615 0.19471153846153846
2 0.5480769230769231 0.5504807692307693 0.013221153846153846 0.0673076923076923
2 0.5745192307692307 0.5588942307692307 0.01201923076923077 0.0673076923076923
2 0.5997596153846154 0.5913461538461539 0.021634615384615384 0.08413461538461539
2 0.6550480769230769 0.5673076923076923 0.021634615384615384 0.06009615384615385
2 0.7091346153846154 0.6009615384615384 0.015625 0.0829326923076923
2 0.7259615384615384 0.6057692307692307 0.016826923076923076 0.08052884615384616
2 0.7680288461538461 0.6057692307692307 0.02283653846153846 0.0733173076923077
2 0.7980769230769231 0.6105769230769231 0.027644230769230768 0.0673076923076923
2 0.8197115384615384 0.6117788461538461 0.02403846153846154 0.08653846153846154
2 0.8365384615384616 0.6262019230769231 0.020432692307692308 0.019230769230769232
2 0.9675480769230769 0.5709134615384616 0.020432692307692308 0.030048076923076924
2 0.9855769230769231 0.5685096153846154 0.025240384615384616 0.019230769230769232