2 0.10817307692307693 0.5949519230769231 0.10697115384615384 0.203125
2 0.19591346153846154 0.7007211538461539 0.13341346153846154 0.3425480769230769
2 0.18028846153846154 0.7620192307692307 0.06009615384615385 0.13581730769230768
2 0.17307692307692307 0.4326923076923077 0.016826923076923076 0.06850961538461539
2 0.22355769230769232 0.8100961538461539 0.052884615384615384 0.14302884615384615
2 0.2439903846153846 0.4651442307692308 0.014423076923076924 0.056490384615384616
2 0.2776442307692308 0.671875 0.04927884615384615 0.140625
2 0.2932692307692308 0.515625 0.07451923076923077 0.1045673076923077
2 0.3161057692307692 0.6442307692307693 0.11057692307692307 0.19471153846153846
2 0.3004807692307692 0.6478365384615384 0.03485576923076923 0.17548076923076922
2 0.3269230769230769 0.8737980769230769 0.0733173076923077 0.20552884615384615
2 0.35336538461538464 0.6490384615384616 0.03485576923076923 0.18990384615384615
2 0.42427884615384615 0.6358173076923077 0.04326923076923077 0.17067307692307693
2 0.44350961538461536 0.8966346153846154 0.07451923076923077 0.20432692307692307
2 0.4699519230769231 0.625 0.03125 0.11658653846153846
2 0.49399038461538464 0.5024038461538461 0.025240384615384616 0.12740384615384615
2 0.5649038461538461 0.8990384615384616 0.12139423076923077 0.17427884615384615
2 0.6237980769230769 0.6526442307692307 0.18389423076923078 0.18389423076923078
2 0.5805288461538461 0.6466346153846154 0.03485576923076923 0.15264423076923078
2 0.5877403846153846 0.5108173076923077 0.046875 0.1310096153846154
2 0.7992788461538461 0.6959134615384616 0.39663461538461536 0.4362980769230769
2 0.6947115384615384 0.8701923076923077 0.06370192307692307 0.171875
2 0.6899038461538461 0.6766826923076923 0.046875 0.15384615384615385
2 0.6995192307692307 0.5600961538461539 0.06009615384615385 0.10817307692307693
2 0.7836538461538461 0.8341346153846154 0.07932692307692307 0.1875
2 0.7848557692307693 0.6706730769230769 0.06850961538461539 0.16466346153846154
2 0.8257211538461539 0.8365384615384616 0.0889423076923077 0.17908653846153846
2 0.8894230769230769 0.6995192307692307 0.038461538461538464 0.15384615384615385
2 0.9362980769230769 0.5108173076923077 0.018028846153846152 0.054086538461538464
2 0.9735576923076923 0.765625 0.04567307692307692 0.1502403846153846
2 0.9615384615384616 0.5132211538461539 0.015625 0.054086538461538464