2 0.08774038461538461 0.8161057692307693 0.17548076923076922 0.3629807692307692
2 0.07091346153846154 0.5108173076923077 0.04927884615384615 0.12980769230769232
2 0.14783653846153846 0.8762019230769231 0.15384615384615385 0.24519230769230768
2 0.09975961538461539 0.6274038461538461 0.051682692307692304 0.203125
2 0.21153846153846154 0.421875 0.06850961538461539 0.21634615384615385
2 0.3161057692307692 0.4326923076923077 0.06971153846153846 0.1971153846153846
2 0.47836538461538464 0.8737980769230769 0.13822115384615385 0.25
2 0.6935096153846154 0.3245192307692308 0.1971153846153846 0.5240384615384616
2 0.8629807692307693 0.5865384615384616 0.05048076923076923 0.2620192307692308
2 0.8882211538461539 0.44591346153846156 0.057692307692307696 0.0733173076923077
2 0.90625 0.5997596153846154 0.09615384615384616 0.2536057692307692