2 0.36899038461538464 0.6105769230769231 0.1935096153846154 0.2764423076923077
2 0.010817307692307692 0.49399038461538464 0.021634615384615384 0.1778846153846154
2 0.02403846153846154 0.5348557692307693 0.02403846153846154 0.055288461538461536
2 0.1201923076923077 0.5444711538461539 0.06009615384615385 0.054086538461538464
2 0.16826923076923078 0.546875 0.037259615384615384 0.03485576923076923
2 0.22596153846153846 0.5384615384615384 0.051682692307692304 0.109375
2 0.25 0.5552884615384616 0.05048076923076923 0.109375
2 0.3137019230769231 0.5360576923076923 0.057692307692307696 0.08533653846153846
2 0.32572115384615385 0.5588942307692307 0.019230769230769232 0.03125
2 0.3485576923076923 0.5649038461538461 0.046875 0.03125
2 0.48197115384615385 0.5733173076923077 0.055288461538461536 0.04567307692307692
2 0.5625 0.546875 0.09735576923076923 0.14543269230769232
2 0.6646634615384616 0.5480769230769231 0.09375 0.12740384615384615
2 0.890625 0.625 0.10697115384615384 0.14302884615384615
2 0.953125 0.6346153846153846 0.09134615384615384 0.13942307692307693