0 0.1338709671875 1 0.15 0.9935483875 0.1645161296875 0.9956989249999999 0.1790322578125 0.9752688171875 0.2241935484375 0.956989246875 0.22661290312500001 0.947311828125 0.22338709687499997 0.9150537640625 0.23064516093749998 0.8752688171875 0.2290322578125 0.838709678125 0.22177419375000001 0.8279569890625 0.21532258125 0.8086021499999999 0.20161290312500002 0.8075268812499999 0.1911290328125 0.8215053765624999 0.1629032265625 0.8129032265625 0.1508064515625 0.8258064515625 0.13870967812499999 0.8612903218750001 0.1274193546875 0.8731182796875 0.0758064515625 0.8838709671875 0.05967741875 0.8978494625 0.0258064515625 0.9720430109375 0.0258064515625 0.9870967734375 0.033064515625 1 0.1338709671875 1
0 0.9008064515624999 0.7591397843750001 0.8870967734375 0.7591397843750001 0.87822580625 0.7677419359375001 0.8741935484375001 0.7849462359375 0.8741935484375001 0.8741935484375001 0.886290321875 0.8903225812500001 0.9620967734375 0.9053763437500001 0.966935484375 0.8935483874999999 0.9685483874999999 0.8698924734375 0.9580645156250001 0.7892473125 0.95 0.758064515625 0.938709678125 0.7483870968749999 0.9322580640625 0.7483870968749999 0.9008064515624999 0.7591397843750001
0 0.2758064515625 0.5752688171875 0.2629032265625 0.60322580625 0.2604838703125 0.647311828125 0.25322580625 0.6698924734375 0.25080645156250003 0.6956989250000001 0.2540322578125 0.70107526875 0.283064515625 0.7182795703125 0.31693548437499997 0.7290322578125 0.3274193546875 0.7279569890625 0.3322580640625 0.7215053765625 0.33467741875 0.7021505375 0.32983870937500004 0.5870967734375 0.326612903125 0.5795698921875 0.3193548390625 0.5752688171875 0.3024193546875 0.5838709671875 0.29516129062499996 0.5741935484375 0.2911290328125 0.5602150531250001 0.2879032265625 0.5602150531250001 0.2758064515625 0.5752688171875
0 0.3556451609375 0.60967741875 0.3508064515625 0.6182795703124999 0.35 0.7 0.35322580625 0.7225806453125 0.36290322656249996 0.7333333328125 0.4088709671875 0.741935484375 0.4185483875 0.7322580640624999 0.420161290625 0.69139785 0.416935484375 0.6236559140625 0.40967741875 0.6064516125 0.40080645156249994 0.604301075 0.3556451609375 0.60967741875
0 0.1508064515625 0.6064516125 0.1443548390625 0.6182795703124999 0.1379032265625 0.656989246875 0.13870967812499999 0.745161290625 0.1411290328125 0.753763440625 0.15 0.761290321875 0.1629032265625 0.753763440625 0.188709678125 0.749462365625 0.19677419375 0.7344086015625 0.198387096875 0.6333333328124999 0.1935483875 0.6053763437499999 0.1895161296875 0.6 0.1838709671875 0.6 0.1508064515625 0.6064516125
0 0.6306451609375 0.6021505375 0.6274193546875 0.6150537640625 0.625 0.6612903218749999 0.6274193546875 0.7172043015625 0.6306451609375 0.7225806453125 0.6379032265625 0.7247311828125 0.673387096875 0.7258064515625 0.683064515625 0.7225806453125 0.6935483875 0.70967741875 0.6943548390625 0.6795698921875 0.6879032265625 0.6279569890625 0.6725806453125001 0.6010752687500001 0.6411290328125 0.595698925 0.6306451609375 0.6021505375
0 0.5879032265624999 0.049462365625 0.5935483875 0.1279569890625 0.5870967734375 0.159139784375 0.5854838703125 0.20322580625 0.591935484375 0.3172043015625 0.5903225812499999 0.3752688171875 0.6064516125 0.5311827953125 0.6064516125 0.640860215625 0.62177419375 0.6935483875 0.6258064515624999 0.6182795703124999 0.6233870968749999 0.6086021500000001 0.62177419375 0.5182795703124999 0.62822580625 0.50752688125 0.645161290625 0.5064516125 0.6540322578125 0.5193548390625 0.6588709671874999 0.546236559375 0.6629032265625 0.5935483875 0.6604838703125 0.6838709671875 0.6669354843749999 0.7139784953125 0.6725806453125001 0.7193548390625 0.683064515625 0.70967741875 0.68467741875 0.7021505375 0.6854838703125 0.662365590625 0.6814516125 0.6172043015625001 0.6838709671875 0.6129032265625 0.7008064515625 0.6086021500000001 0.701612903125 0.554838709375 0.6975806453125 0.47419354843750006 0.6879032265625 0.39247311875 0.6879032265625 0.3139784953125 0.6758064515625 0.254838709375 0.6645161296875 0.2279569890625 0.6556451609375 0.19032258124999998 0.65322580625 0.154838709375 0.6435483875 0.10967741875 0.64032258125 0.051612903125 0.63467741875 0.040860215625 0.6185483875 0.039784946875 0.608064515625 0.030107526562499997 0.595161290625 0.0290322578125 0.5879032265624999 0.049462365625
0 0.5637096781250001 0.7827956984375 0.5620967734375 0.8139784953125 0.5693548390625 0.8301075265625 0.5975806453125 0.8258064515625 0.65322580625 0.8311827953125001 0.6588709671874999 0.8290322578125 0.6629032265625 0.8215053765624999 0.6661290328125 0.7838709671874999 0.658064515625 0.7720430109375 0.6185483875 0.7752688171875 0.5943548390625 0.7709677421875 0.5822580640624999 0.7752688171875 0.5693548390625 0.7677419359375001 0.5637096781250001 0.7827956984375
0 0.5346774187500001 1 0.5395161296875 0.9870967734375 0.5395161296875 0.9580645156250001 0.538709678125 0.9193548390625 0.5338709671874999 0.9064516125000001 0.5177419359375001 0.9075268812499999 0.5064516125 0.8978494625 0.470161290625 0.8924731187500001 0.4564516125 0.8838709671875 0.43709677343750003 0.8806451609374999 0.388709678125 0.8860215046875 0.36532258125 0.9 0.3572580640625 0.9139784953125 0.3588709671875 0.962365590625 0.366935484375 0.9698924734375 0.395161290625 0.9806451609375 0.4556451609375 0.9849462359375 0.48064516093750004 0.9924731187500001 0.508064515625 0.9924731187500001 0.5185483875 1 0.5346774187500001 1
0 0.266935484375 0.89462365625 0.27177419375 0.9139784953125 0.27177419375 0.9365591390624999 0.26532258125 0.9870967734375 0.3040322578125 0.9978494625 0.3104838703125 0.9741935484375001 0.304838709375 0.9053763437500001 0.29677419375 0.89139785 0.275 0.8849462359375 0.266935484375 0.89462365625
0 0.570161290625 0.6354838703125 0.5661290328125 0.648387096875 0.5661290328125 0.7344086015625 0.5709677421875 0.741935484375 0.60967741875 0.7440860218750001 0.6177419359375 0.7354838703125 0.6193548390625 0.7258064515625 0.6104838703125 0.645161290625 0.604838709375 0.6311827953125 0.5830645156250001 0.6247311828125001 0.570161290625 0.6354838703125