0 0.47890625 0.2541666671875 0.478125 0.26527777812500003 0.48359375 0.334722221875 0.478125 0.372222221875 0.478125 0.40694444374999994 0.4859375 0.43055555625 0.490625 0.459722221875 0.496875 0.46388888906250003 0.50078125 0.44305555625000004 0.503125 0.3166666671875 0.4953125 0.26805555625 0.49609375 0.2541666671875 0.4828125 0.2486111109375 0.47890625 0.2541666671875
0 0.51875 0.29444444375 0.51484375 0.3111111109375 0.51328125 0.36666666718749996 0.51796875 0.38055555625 0.51171875 0.43194444374999996 0.51328125 0.4916666671875 0.509375 0.5097222218749999 0.51484375 0.51805555625 0.53359375 0.5208333328125 0.57578125 0.51944444375 0.5875 0.5138888890625 0.59296875 0.502777778125 0.58359375 0.4861111109375 0.58359375 0.46666666718750005 0.5921875 0.4611111109375 0.59296875 0.45416666718750004 0.57578125 0.434722221875 0.57109375 0.4236111109375 0.55703125 0.35 0.55546875 0.3013888890625 0.54765625 0.290277778125 0.52890625 0.290277778125 0.51875 0.29444444375
0 0.5171875 0.3875 0.51328125 0.39444444375 0.51640625 0.434722221875 0.50703125 0.46805555625000006 0.5125 0.48055555625 0.50625 0.502777778125 0.5078125 0.5097222218749999 0.53515625 0.5166666671875 0.6328125 0.51805555625 0.64140625 0.5083333328124999 0.64453125 0.4513888890625 0.63203125 0.425 0.609375 0.43333333281249997 0.5703125 0.43194444374999996 0.55625 0.3986111109375 0.54453125 0.3875 0.528125 0.38333333281250004 0.5171875 0.3875
0 0.61796875 0.365277778125 0.6140625 0.4125 0.61875 0.4291666671875 0.634375 0.44166666718750003 0.640625 0.4125 0.640625 0.36944444375 0.63671875 0.3583333328125 0.63046875 0.35555555625 0.61796875 0.365277778125
0 0.6765625 0.45 0.67421875 0.49444444374999996 0.68359375 0.527777778125 0.6953125 0.5416666671875 0.703125 0.522222221875 0.7328125 0.5166666671875 0.73984375 0.5083333328124999 0.73984375 0.502777778125 0.734375 0.48194444374999995 0.7234375 0.48333333281249996 0.71796875 0.4763888890625 0.70703125 0.45277777812500003 0.7015625 0.41944444374999995 0.69375 0.4138888890625 0.6765625 0.45
0 0.22578125 0.46666666718750005 0.221875 0.50555555625 0.23515625 0.515277778125 0.25390625 0.5097222218749999 0.259375 0.49583333281249997 0.25625 0.46805555625000006 0.24765625 0.45555555625000005 0.2359375 0.45277777812500003 0.22578125 0.46666666718750005
0 0.48515625 0.19305555624999998 0.484375 0.20277777812500003 0.490625 0.222222221875 0.49453125 0.222222221875 0.5 0.20555555625 0.5 0.190277778125 0.490625 0.1861111109375 0.48515625 0.19305555624999998
1 0.31796875 0.0736111109375 0.2765625 0.072222221875 0.265625 0.077777778125 0.25703125 0.09444444375 0.253125 0.1125 0.25078125 0.15972222187500001 0.23984375 0.19444444375 0.2296875 0.2125 0.23046875 0.22638888906250001 0.26953125 0.25694444375000003 0.31640625 0.2736111109375 0.34296875 0.2736111109375 0.35625 0.2916666671875 0.3671875 0.2986111109375 0.3859375 0.3 0.40859375 0.2875 0.42109375 0.2666666671875 0.425 0.24722222187499998 0.4234375 0.1888888890625 0.43203125 0.1541666671875 0.43359375 0.12361111093749999 0.4203125 0.1041666671875 0.41328125 0.0791666671875 0.39140625 0.06527777812499999 0.3734375 0.0638888890625 0.31796875 0.0736111109375
1 0.54921875 0 0.553125 0.015277778124999999 0.5421875 0.0486111109375 0.540625 0.13194444375 0.5390625 0.15277777812499999 0.52890625 0.17916666718750002 0.53125 0.2 0.5546875 0.22777777812500002 0.58515625 0.23472222187499997 0.60625 0.24722222187499998 0.61875 0.24305555625 0.6609375 0.24583333281250003 0.67109375 0.2388888890625 0.68359375 0.2138888890625 0.6890625 0.1833333328125 0.68125 0.0625 0.675 0.04305555625 0.6734375 0.022222221875 0.6625 0.0166666671875 0.6453125 0.01805555625 0.61796875 0.04444444375 0.60625 0.0388888890625 0.590625 0.015277778124999999 0.596875 0 0.54921875 0
1 0.02890625 0.061111110937500004 0.01953125 0.0736111109375 0.02734375 0.0875 0.02734375 0.1 0.01953125 0.11388888906250001 0.0203125 0.1263888890625 0.0328125 0.175 0.046875 0.197222221875 0.0453125 0.23055555625 0.0875 0.2736111109375 0.10078125 0.28194444375 0.1140625 0.27777777812500004 0.12421875 0.2638888890625 0.1296875 0.2388888890625 0.14921875 0.19444444375 0.14375 0.16805555625 0.125 0.15277777812499999 0.1203125 0.13888888906250002 0.11953125 0.125 0.12734375 0.10694444375 0.13125 0.084722221875 0.12734375 0.07638888906249999 0.1125 0.0666666671875 0.08515625 0.05694444375 0.05703125 0.054166667187499996 0.02890625 0.061111110937500004
1 0.74609375 0.027777778125000003 0.71484375 0.040277778125000004 0.709375 0.05 0.71015625 0.1041666671875 0.715625 0.127777778125 0.72890625 0.15555555625 0.7421875 0.24583333281250003 0.75546875 0.2736111109375 0.7578125 0.2888888890625 0.77265625 0.2958333328125 0.80703125 0.29722222187499997 0.8140625 0.290277778125 0.8125 0.26805555625 0.81953125 0.225 0.82109375 0.165277778125 0.828125 0.140277778125 0.8265625 0.0388888890625 0.821875 0.03194444375 0.80078125 0.0236111109375 0.7828125 0.022222221875 0.74609375 0.027777778125000003