0 0.261290321875 0.293367346875 0.2677419359375 0.3341836734375 0.25967741875 0.3775510203125 0.2661290328125 0.43367346875 0.2870967734375 0.494897959375 0.29032258125 0.55867346875 0.30322580625 0.5637755109375 0.3290322578125 0.602040815625 0.354838709375 0.6071428578125 0.35967741875 0.543367346875 0.35322580625 0.5 0.36612903281250003 0.47193877500000003 0.36612903281250003 0.446428571875 0.35 0.3137755109375 0.3370967734375 0.2755102046875 0.29032258125 0.26020408125 0.261290321875 0.293367346875
0 0.2258064515625 0.6173469390624999 0.2177419359375 0.6454081625 0.2241935484375 0.6887755109375 0.23709677343750002 0.706632653125 0.2822580640625 0.7142857140625 0.301612903125 0.7015306125 0.3677419359375 0.6938775515625 0.36612903281250003 0.6454081625 0.3435483875 0.6096938781250001 0.24516129062499997 0.591836734375 0.2258064515625 0.6173469390624999
0 0.4564516125 0.543367346875 0.46129032187499996 0.61479591875 0.55967741875 0.6122448984375 0.5758064515625 0.5994897953125 0.5758064515625 0.543367346875 0.5677419359375 0.533163265625 0.49032258124999994 0.533163265625 0.4564516125 0.543367346875
0 0.40161290312500003 0.3265306125 0.395161290625 0.3494897953125 0.41774193593750003 0.3928571421875 0.4661290328125 0.41836734687500005 0.47741935468749996 0.3928571421875 0.48064516093750004 0.359693878125 0.48870967812500005 0.3545918375 0.491935484375 0.31887755156250003 0.451612903125 0.30357142812500004 0.40161290312500003 0.3265306125
0 0.48870967812500005 0.3928571421875 0.48870967812500005 0.408163265625 0.49516129062500003 0.41326530625 0.5129032265625 0.4056122453125 0.50967741875 0.375 0.50322580625 0.36734693906250004 0.48870967812500005 0.3928571421875
0 0.45967741875 0.2525510203125 0.458064515625 0.2908163265625 0.4693548390625 0.30357142812500004 0.49516129062500003 0.30867346875 0.5887096781250001 0.30357142812500004 0.595161290625 0.293367346875 0.59677419375 0.255102040625 0.5854838703125 0.2142857140625 0.5677419359375 0.19132653125000001 0.5177419359375001 0.1709183671875 0.45967741875 0.2525510203125
0 0.7822580640625 0.40306122499999997 0.7790322578125 0.42346938749999996 0.8064516125000001 0.5 0.7822580640625 0.5076530609375001 0.7758064515624999 0.5204081625 0.808064515625 0.5535714281249999 0.8322580640625 0.5510204078125 0.845161290625 0.505102040625 0.8435483874999999 0.44387755156250003 0.8354838703125 0.42602040781249995 0.7935483875 0.397959184375 0.7822580640625 0.40306122499999997
0 0.7129032265624999 0.5306122453125 0.70967741875 0.5739795921875 0.7564516125 0.581632653125 0.7661290328125 0.5739795921875 0.761290321875 0.5255102046875 0.7290322578125 0.522959184375 0.7129032265624999 0.5306122453125
0 0.44354838750000003 0.6173469390624999 0.43387096718749996 0.7015306125 0.45 0.7142857140625 0.695161290625 0.7091836734375 0.7129032265624999 0.6938775515625 0.711290321875 0.668367346875 0.6854838703125 0.625 0.5677419359375 0.6096938781250001 0.44354838750000003 0.6173469390624999
0 0.6209677421875 0.3290816328125 0.601612903125 0.375 0.601612903125 0.4005102046875 0.6564516125 0.44387755156250003 0.698387096875 0.446428571875 0.7161290328125001 0.375 0.7 0.3265306125 0.6790322578125 0.32142857187499996 0.6209677421875 0.3290816328125
0 0.388709678125 0.51020408125 0.40322580625000004 0.5408163265625 0.41774193593750003 0.533163265625 0.43064516093750005 0.5535714281249999 0.44677419374999994 0.5535714281249999 0.451612903125 0.5076530609375001 0.44677419374999994 0.4974489796875 0.391935484375 0.47193877500000003 0.388709678125 0.51020408125
0 0.5064516125 0.5076530609375001 0.4564516125 0.5025510203125 0.451612903125 0.5153061218749999 0.4629032265625 0.533163265625 0.5612903218749999 0.533163265625 0.5854838703125 0.5255102046875 0.7629032265625 0.528061225 0.7838709671874999 0.51020408125 0.75 0.4923469390625 0.6967741937499999 0.4923469390625 0.5064516125 0.5076530609375001