0 0.032751092187500004 0.071428571875 0.028384279687500003 0.09340659375 0.01091703125 0.10622710625000001 0.008733625 0.128205128125 0.013100435937499998 0.1391941390625 0.050218340625 0.1575091578125 0.098253275 0.2179487171875 0.10043668125 0.23076923124999998 0.07641921406249999 0.2619047625 0.07641921406249999 0.2985347984375 0.08951964999999999 0.3205128203125 0.098253275 0.327838828125 0.159388646875 0.3241758234375 0.1681222703125 0.33150183125 0.1681222703125 0.346153846875 0.148471615625 0.3553113546875 0.1288209609375 0.34249084218750003 0.1135371171875 0.34249084218750003 0.09170305625 0.3553113546875 0.0938864625 0.3699633703125 0.0655021828125 0.3736263734375 0.052401746875 0.390109890625 0.0349344984375 0.390109890625 0.0262008734375 0.4102564109375 0.0218340609375 0.3956043953125 0.013100435937499998 0.39377289375 0.019650654687499998 0.4322344328125 0.008733625 0.45238095312500004 0.013100435937499998 0.48534798593749995 0.041484715625 0.509157509375 0.043668121875 0.45604395625 0.052401746875 0.4487179484375 0.0742358078125 0.5164835171875 0.08951964999999999 0.5018315015625 0.11572052343749999 0.4981684984375 0.137554584375 0.50549450625 0.148471615625 0.51831501875 0.1703056765625 0.51831501875 0.18995633125 0.55677655625 0.2096069875 0.5604395609374999 0.294759825 0.5512820515625 0.3187772921875 0.565934065625 0.344978165625 0.5457875453125001 0.351528384375 0.53113553125 0.362445415625 0.4798534796875 0.39519650624999997 0.40659340625 0.3842794765625 0.3919413921875 0.45414847187499996 0.384615384375 0.46724890781250006 0.3479853484375 0.4868995640625 0.3296703296875 0.48908296875 0.2820512828125 0.45414847187499996 0.2582417578125 0.44759825312499996 0.24542124531249998 0.449781659375 0.21978022031250002 0.46724890781250006 0.20146520156249997 0.4301310046875 0.1703296703125 0.4192139734375 0.1739926734375 0.4126637546875 0.1648351640625 0.42794759843749997 0.102564103125 0.39737991250000004 0.0860805859375 0.3668122265625 0.0915750921875 0.251091703125 0.0860805859375 0.23144104843750002 0.0769230765625 0.0633187765625 0.0641025640625 0.032751092187500004 0.071428571875
0 0.2139737984375 0 0.22707423593749998 0.0641025640625 0.2685589515625 0.06593406562500001 0.2816593890625 0.060439560937500005 0.28820960625 0.06593406562500001 0.3820960703125 0.0695970703125 0.4126637546875 0.0860805859375 0.45414847187499996 0.084249084375 0.4868995640625 0.06593406562500001 0.48253275156250003 0.0128205125 0.45851528437500005 0.0146520140625 0.4235807859375 0 0.3799126640625 0 0.38646288281249996 0.0146520140625 0.3668122265625 0.0201465203125 0.362445415625 0 0.2139737984375 0
0 0.5043668125 0 0.49126637500000003 0.0695970703125 0.5 0.11355311406249999 0.5196506546874999 0.1263736265625 0.5655021828125 0.13369963437500001 0.648471615625 0.128205128125 0.648471615625 0.10989010937499999 0.6266375546875 0.102564103125 0.6222707421875 0.0512820515625 0.6026200875 0.009157509375000001 0.58951965 0 0.5043668125 0
0 0.0262008734375 0 0.015283842187499999 0.0293040296875 0.0218340609375 0.0512820515625 0.037117904687499995 0.0641025640625 0.187772925 0.078754578125 0.2096069875 0.078754578125 0.2227074234375 0.0695970703125 0.22707423593749998 0.034798534375 0.21834061093749998 0 0.098253275 0 0.0873362453125 0.016483517187499998 0.07641921406249999 0.016483517187499998 0.048034934375 0 0.0262008734375 0
0 0.058951965625000005 0.5164835171875 0.037117904687499995 0.5146520140625 0.008733625 0.5421245421875 0.0065502187500000005 0.55677655625 0.0218340609375 0.5732600734375 0.00218340625 0.6355311359375 0.032751092187500004 0.6575091578125 0.052401746875 0.653846153125 0.137554584375 0.6703296703125 0.141921396875 0.6355311359375 0.1244541484375 0.6080586078125 0.1179039296875 0.5732600734375 0.139737990625 0.5512820515625 0.150655021875 0.525641025 0.0807860265625 0.5073260078125 0.058951965625000005 0.5164835171875
0 0.5262008734375 0.283882784375 0.5174672484375 0.3369963375 0.49126637500000003 0.3772893765625 0.5 0.4175824171875 0.5283842796875 0.43589743593749997 0.6331877734375 0.43956043906250003 0.641921396875 0.34249084218750003 0.6331877734375 0.2820512828125 0.6135371171874999 0.274725275 0.539301309375 0.274725275 0.5262008734375 0.283882784375
0 0.50218340625 0.54395604375 0.49344978125 0.5641025640625 0.49344978125 0.633699634375 0.508733625 0.6666666671875 0.5698689953125 0.6703296703125 0.5851528390625 0.633699634375 0.60480349375 0.6446886453125 0.659388646875 0.6446886453125 0.6724890828125 0.6355311359375 0.6746724890625 0.553113553125 0.659388646875 0.53113553125 0.5807860265625 0.5366300359375 0.5349344984375 0.53113553125 0.50218340625 0.54395604375
0 0.746724890625 0.4450549453125 0.740174671875 0.474358975 0.744541484375 0.5824175828125 0.7707423578125 0.5934065937499999 0.812227075 0.5934065937499999 0.8318777296875 0.5622710625 0.8253275109375 0.45604395625 0.8078602625 0.4377289375 0.7641921390624999 0.43406593437499996 0.746724890625 0.4450549453125
0 0.7314410484375 0.234432234375 0.7008733625 0.2490842484375 0.6855895203125 0.274725275 0.6812227078124999 0.37179487187500004 0.6637554578125 0.42490842500000003 0.69650655 0.4761904765625 0.6921397375 0.4981684984375 0.7379912656250001 0.5 0.746724890625 0.5073260078125 0.759825328125 0.49450549375 0.7663755453125 0.47069597031250004 0.759825328125 0.3736263734375 0.7751091703124999 0.3516483515625 0.7707423578125 0.34249084218750003 0.757641921875 0.34981684999999996 0.744541484375 0.2179487171875 0.7314410484375 0.234432234375
0 0.6812227078124999 0.3113553109375 0.6703056765625 0.39377289375 0.659388646875 0.4102564109375 0.641921396875 0.4175824171875 0.6222707421875 0.46520146562500003 0.6266375546875 0.48168498125000003 0.6069869 0.5 0.6135371171874999 0.5073260078125 0.6834061140625 0.5109890109374999 0.69650655 0.503663003125 0.68995633125 0.3956043953125 0.6943231437499999 0.2820512828125 0.6812227078124999 0.3113553109375
0 0.6331877734375 0.2765567765625 0.6310043671875001 0.28571428593750003 0.6310043671875001 0.40293040312499995 0.646288209375 0.4304029296875 0.6724890828125 0.43406593437499996 0.6855895203125 0.42673992656250004 0.6921397375 0.39743589687499997 0.687772925 0.2765567765625 0.650655021875 0.26923076875 0.6331877734375 0.2765567765625
0 0.7008733625 0.5329670328125 0.69868995625 0.553113553125 0.70305676875 0.633699634375 0.751091703125 0.633699634375 0.759825328125 0.6227106234375 0.759825328125 0.5915750921875 0.742358078125 0.5384615390625 0.7358078609375001 0.527472528125 0.7117903937500001 0.5238095234375 0.7008733625 0.5329670328125
0 0.4301310046875 0.47802197812499997 0.4148471609375 0.49267399218749997 0.401746725 0.5366300359375 0.401746725 0.609890109375 0.4170305671875 0.6446886453125 0.443231440625 0.646520146875 0.46724890781250006 0.6611721609375001 0.49344978125 0.5934065937499999 0.4956331875 0.5622710625 0.48253275156250003 0.5457875453125001 0.4694323140625 0.4761904765625 0.456331878125 0.47069597031250004 0.4301310046875 0.47802197812499997
0 1 0.10073259999999999 0.9781659390625 0.0879120875 0.8864628828125 0.0769230765625 0.8755458515625 0.0860805859375 0.849344978125 0.08974358906249999 0.812227075 0.11538461562499999 0.89956331875 0.12454212499999999 1 0.12271062343750001 1 0.10073259999999999