3 0.5390625 0.38125 0.621875 0.7625
3 0.13359375 0.48125 0.2453125 0.26875
3 0.94375 0.4640625 0.1125 0.196875
3 0.83828125 0.49453125 0.1625 0.1875
3 0.09375 0.340625 0.1875 0.1375
3 0.06796875 0.22421875 0.1359375 0.1515625
3 0.17890625 0.20078125 0.175 0.1375
3 0.209375 0.26875 0.1765625 0.134375
3 0.8828125 0.32734375 0.1984375 0.1375
3 0.91015625 0.2515625 0.1296875 0.1359375
3 0.79140625 0.165625 0.165625 0.1375
3 0.66953125 0.1640625 0.1640625 0.159375
3 0.58125 0.18671875 0.1171875 0.1421875
3 0.44375 0.55 0.14375 0.16875