2 0.027644230769230768 0.5120192307692307 0.055288461538461536 0.38461538461538464
2 0.03365384615384615 0.48197115384615385 0.056490384615384616 0.40024038461538464
2 0.13822115384615385 0.5492788461538461 0.26322115384615385 0.7199519230769231
2 0.07451923076923077 0.5973557692307693 0.054086538461538464 0.16706730769230768
2 0.07692307692307693 0.27283653846153844 0.040865384615384616 0.051682692307692304
2 0.2091346153846154 0.41346153846153844 0.06850961538461539 0.3269230769230769
2 0.2439903846153846 0.47475961538461536 0.056490384615384616 0.32572115384615385
2 0.38221153846153844 0.5492788461538461 0.32211538461538464 0.8966346153846154
2 0.45552884615384615 0.4050480769230769 0.028846153846153848 0.15384615384615385
2 0.4807692307692308 0.44711538461538464 0.040865384615384616 0.23317307692307693
2 0.5096153846153846 0.43990384615384615 0.06129807692307692 0.25961538461538464
2 0.6237980769230769 0.5204326923076923 0.15865384615384615 0.6899038461538461
2 0.8052884615384616 0.5024038461538461 0.3870192307692308 0.9915865384615384
2 0.703125 0.4675480769230769 0.09615384615384616 0.5108173076923077
2 0.9819711538461539 0.2548076923076923 0.03365384615384615 0.06370192307692307