2 0.9038461538461539 0.43990384615384615 0.06850961538461539 0.26322115384615385
2 0.11057692307692307 0.6286057692307693 0.08413461538461539 0.13341346153846154
2 0.16466346153846154 0.4014423076923077 0.03365384615384615 0.10697115384615384
2 0.1971153846153846 0.6634615384615384 0.09134615384615384 0.203125
2 0.22716346153846154 0.38341346153846156 0.03245192307692308 0.09975961538461539
2 0.28846153846153844 0.3449519230769231 0.04567307692307692 0.06971153846153846
2 0.3545673076923077 0.8004807692307693 0.07932692307692307 0.23798076923076922
2 0.34375 0.38100961538461536 0.03245192307692308 0.14783653846153846
2 0.47475961538461536 0.28365384615384615 0.02283653846153846 0.052884615384615384
2 0.4963942307692308 0.35216346153846156 0.019230769230769232 0.06129807692307692
2 0.5997596153846154 0.734375 0.11658653846153846 0.19471153846153846
2 0.640625 0.4266826923076923 0.06971153846153846 0.10336538461538461
2 0.6334134615384616 0.28725961538461536 0.03485576923076923 0.06971153846153846
2 0.6911057692307693 0.4326923076923077 0.039663461538461536 0.09134615384615384
2 0.7199519230769231 0.47475961538461536 0.09254807692307693 0.11057692307692307
2 0.7860576923076923 0.5913461538461539 0.06971153846153846 0.11778846153846154
2 0.8461538461538461 0.31490384615384615 0.021634615384615384 0.037259615384615384