2 0.8149038461538461 0.7908653846153846 0.07211538461538461 0.27884615384615385
2 0.07211538461538461 0.7608173076923077 0.04447115384615385 0.15504807692307693
2 0.17427884615384615 0.7944711538461539 0.04807692307692308 0.19110576923076922
2 0.3641826923076923 0.7836538461538461 0.04447115384615385 0.1935096153846154
2 0.3858173076923077 0.7752403846153846 0.026442307692307692 0.18028846153846154
2 0.4387019230769231 0.7740384615384616 0.052884615384615384 0.21514423076923078
2 0.5348557692307693 0.8341346153846154 0.056490384615384616 0.14783653846153846
2 0.5949519230769231 0.7824519230769231 0.040865384615384616 0.11538461538461539
2 0.6490384615384616 0.7728365384615384 0.037259615384615384 0.21634615384615385
2 0.6911057692307693 0.7860576923076923 0.054086538461538464 0.23798076923076922
2 0.7367788461538461 0.78125 0.08413461538461539 0.2800480769230769