2 0.21394230769230768 0.703125 0.030048076923076924 0.03245192307692308
2 0.27524038461538464 0.6838942307692307 0.03365384615384615 0.05889423076923077
2 0.4110576923076923 0.6262019230769231 0.02283653846153846 0.056490384615384616
2 0.48677884615384615 0.8581730769230769 0.040865384615384616 0.08653846153846154
2 0.4831730769230769 0.9110576923076923 0.019230769230769232 0.028846153846153848
2 0.5637019230769231 0.6045673076923077 0.020432692307692308 0.025240384615384616
2 0.5649038461538461 0.6502403846153846 0.019230769230769232 0.03125
2 0.6394230769230769 0.5769230769230769 0.027644230769230768 0.03245192307692308
2 0.6694711538461539 0.5913461538461539 0.018028846153846152 0.037259615384615384
2 0.7283653846153846 0.6033653846153846 0.04567307692307692 0.11177884615384616
2 0.8137019230769231 0.6826923076923077 0.036057692307692304 0.0673076923076923
2 0.8810096153846154 0.8954326923076923 0.11658653846153846 0.20793269230769232
2 0.9014423076923077 0.6802884615384616 0.051682692307692304 0.07932692307692307
2 0.9579326923076923 0.6875 0.020432692307692308 0.054086538461538464
2 0.9867788461538461 0.6478365384615384 0.02403846153846154 0.07451923076923077