2 0.5 0.8004807692307693 0.9987980769230769 0.39663461538461536
2 0.08052884615384616 0.44471153846153844 0.019230769230769232 0.125
2 0.1141826923076923 0.4074519230769231 0.008413461538461538 0.036057692307692304
2 0.14903846153846154 0.4483173076923077 0.06490384615384616 0.12740384615384615
2 0.12860576923076922 0.4495192307692308 0.020432692307692308 0.12139423076923077
2 0.15745192307692307 0.4519230769230769 0.01201923076923077 0.09735576923076923
2 0.19471153846153846 0.46153846153846156 0.038461538461538464 0.09615384615384616
2 0.22596153846153846 0.4543269230769231 0.021634615384615384 0.10697115384615384
2 0.27403846153846156 0.6141826923076923 0.10336538461538461 0.40625
2 0.25 0.40865384615384615 0.027644230769230768 0.0829326923076923
2 0.3473557692307692 0.6021634615384616 0.07932692307692307 0.3317307692307692
2 0.5949519230769231 0.5600961538461539 0.38341346153846156 0.25721153846153844
2 0.8461538461538461 0.5949519230769231 0.30649038461538464 0.11538461538461539
2 0.7944711538461539 0.5072115384615384 0.026442307692307692 0.09375
2 0.8942307692307693 0.5420673076923077 0.14783653846153846 0.08653846153846154
2 0.9831730769230769 0.5360576923076923 0.028846153846153848 0.0673076923076923