2 0.1814903846153846 0.4362980769230769 0.12379807692307693 0.35336538461538464
2 0.2980769230769231 0.4411057692307692 0.09014423076923077 0.34375
2 0.3557692307692308 0.5564903846153846 0.1971153846153846 0.390625
2 0.3088942307692308 0.29447115384615385 0.078125 0.16105769230769232
2 0.44591346153846156 0.4723557692307692 0.12620192307692307 0.42788461538461536
2 0.45913461538461536 0.21995192307692307 0.06490384615384616 0.109375
2 0.4699519230769231 0.24278846153846154 0.06009615384615385 0.22235576923076922
2 0.5408653846153846 0.23918269230769232 0.051682692307692304 0.16826923076923078
2 0.5576923076923077 0.2548076923076923 0.078125 0.16105769230769232
2 0.6045673076923077 0.32211538461538464 0.08653846153846154 0.33774038461538464
2 0.6814903846153846 0.49158653846153844 0.23918269230769232 0.3449519230769231
2 0.6802884615384616 0.2608173076923077 0.06129807692307692 0.24879807692307693
2 0.8882211538461539 0.40625 0.16706730769230768 0.19230769230769232