2 0.2283653846153846 0.6141826923076923 0.07091346153846154 0.27403846153846156
2 0.019230769230769232 0.4795673076923077 0.038461538461538464 0.14182692307692307
2 0.13822115384615385 0.9387019230769231 0.2764423076923077 0.11778846153846154
2 0.5 0.04326923076923077 0.9987980769230769 0.08533653846153846
2 0.5 0.2620192307692308 0.9987980769230769 0.28725961538461536
2 0.11177884615384616 0.46634615384615385 0.06009615384615385 0.16706730769230768
2 0.31850961538461536 0.6165865384615384 0.06610576923076923 0.22115384615384615
2 0.3786057692307692 0.6117788461538461 0.07091346153846154 0.24278846153846154
2 0.6466346153846154 0.6526442307692307 0.06129807692307692 0.28365384615384615
2 0.7572115384615384 0.5997596153846154 0.056490384615384616 0.20673076923076922
2 0.7740384615384616 0.6766826923076923 0.056490384615384616 0.25841346153846156
2 0.7992788461538461 0.7331730769230769 0.06370192307692307 0.29086538461538464
2 0.8449519230769231 0.7403846153846154 0.08653846153846154 0.30288461538461536
2 0.9158653846153846 0.9278846153846154 0.09254807692307693 0.14182692307692307