2 0.009615384615384616 0.34615384615384615 0.019230769230769232 0.0889423076923077
2 0.02403846153846154 0.16947115384615385 0.020432692307692308 0.055288461538461536
2 0.06490384615384616 0.30408653846153844 0.04927884615384615 0.10817307692307693
2 0.07211538461538461 0.12620192307692307 0.039663461538461536 0.03125
2 0.09735576923076923 0.13341346153846154 0.009615384615384616 0.020432692307692308
2 0.1045673076923077 0.1310096153846154 0.013221153846153846 0.02403846153846154
2 0.13701923076923078 0.37740384615384615 0.03365384615384615 0.12259615384615384
2 0.16947115384615385 0.296875 0.025240384615384616 0.08774038461538461
2 0.1814903846153846 0.31490384615384615 0.026442307692307692 0.10336538461538461
2 0.20552884615384615 0.22235576923076922 0.02403846153846154 0.055288461538461536
2 0.25721153846153844 0.2860576923076923 0.027644230769230768 0.09375
2 0.2644230769230769 0.36899038461538464 0.03245192307692308 0.10096153846153846
2 0.2848557692307692 0.3233173076923077 0.026442307692307692 0.09375
2 0.2980769230769231 0.20432692307692307 0.018028846153846152 0.055288461538461536
2 0.31009615384615385 0.31009615384615385 0.02283653846153846 0.0889423076923077
2 0.3389423076923077 0.43990384615384615 0.04567307692307692 0.09615384615384616
2 0.36177884615384615 0.34134615384615385 0.02403846153846154 0.08173076923076923
2 0.37259615384615385 0.5456730769230769 0.038461538461538464 0.11658653846153846
2 0.38822115384615385 0.3473557692307692 0.042067307692307696 0.07572115384615384
2 0.3858173076923077 0.4170673076923077 0.03365384615384615 0.0673076923076923
2 0.3858173076923077 0.47115384615384615 0.027644230769230768 0.11778846153846154
2 0.4411057692307692 0.3016826923076923 0.020432692307692308 0.07572115384615384
2 0.7127403846153846 0.6057692307692307 0.036057692307692304 0.07211538461538461
2 0.8112980769230769 0.7367788461538461 0.04927884615384615 0.13822115384615385
2 0.8100961538461539 0.5889423076923077 0.038461538461538464 0.06971153846153846
2 0.9002403846153846 0.4543269230769231 0.056490384615384616 0.1201923076923077
2 0.9543269230769231 0.6887019230769231 0.09014423076923077 0.22235576923076922
2 0.9747596153846154 0.6153846153846154 0.027644230769230768 0.027644230769230768