2 0.30649038461538464 0.53125 0.07692307692307693 0.3762019230769231
2 0.02283653846153846 0.41466346153846156 0.04567307692307692 0.08533653846153846
2 0.04447115384615385 0.5949519230769231 0.08653846153846154 0.4254807692307692
2 0.10336538461538461 0.5588942307692307 0.0673076923076923 0.3317307692307692
2 0.1045673076923077 0.41466346153846156 0.06009615384615385 0.11538461538461539
2 0.16466346153846154 0.5540865384615384 0.08774038461538461 0.421875
2 0.22596153846153846 0.6153846153846154 0.051682692307692304 0.2980769230769231
2 0.38341346153846156 0.5192307692307693 0.09495192307692307 0.36538461538461536
2 0.4110576923076923 0.5228365384615384 0.08774038461538461 0.359375
2 0.5961538461538461 0.5144230769230769 0.0829326923076923 0.24879807692307693
2 0.7271634615384616 0.3449519230769231 0.18028846153846154 0.49759615384615385
2 0.8389423076923077 0.38100961538461536 0.042067307692307696 0.1201923076923077
2 0.8858173076923077 0.4567307692307692 0.057692307692307696 0.2548076923076923
2 0.9038461538461539 0.43509615384615385 0.0829326923076923 0.24879807692307693
2 0.953125 0.4206730769230769 0.04326923076923077 0.2127403846153846
2 0.9639423076923077 0.46274038461538464 0.05048076923076923 0.18269230769230768