2 0.5576923076923077 0.4326923076923077 0.08413461538461539 0.30408653846153844
2 0.11298076923076923 0.14903846153846154 0.039663461538461536 0.037259615384615384
2 0.15144230769230768 0.13701923076923078 0.04326923076923077 0.06490384615384616
2 0.20673076923076922 0.13581730769230768 0.051682692307692304 0.06370192307692307
2 0.3473557692307692 0.13221153846153846 0.051682692307692304 0.06610576923076923
2 0.4098557692307692 0.14423076923076922 0.04927884615384615 0.06971153846153846
2 0.47115384615384615 0.13822115384615385 0.06490384615384616 0.06490384615384616
2 0.5348557692307693 0.13701923076923078 0.042067307692307696 0.06610576923076923
2 0.6033653846153846 0.13341346153846154 0.04447115384615385 0.07211538461538461
2 0.6634615384615384 0.13581730769230768 0.040865384615384616 0.0733173076923077
2 0.7415865384615384 0.14903846153846154 0.037259615384615384 0.04447115384615385
2 0.7992788461538461 0.14903846153846154 0.027644230769230768 0.040865384615384616
2 0.8677884615384616 0.1502403846153846 0.052884615384615384 0.040865384615384616