2 0.15264423076923078 0.8858173076923077 0.09014423076923077 0.140625
2 0.12620192307692307 0.7752403846153846 0.02283653846153846 0.037259615384615384
2 0.15985576923076922 0.7764423076923077 0.016826923076923076 0.040865384615384616
2 0.28365384615384615 0.8221153846153846 0.05889423076923077 0.06610576923076923
2 0.3317307692307692 0.8774038461538461 0.10216346153846154 0.15144230769230768
2 0.35336538461538464 0.7860576923076923 0.019230769230769232 0.03485576923076923
2 0.42427884615384615 0.8954326923076923 0.04807692307692308 0.03485576923076923
2 0.5036057692307693 0.7403846153846154 0.039663461538461536 0.03485576923076923
2 0.5853365384615384 0.8774038461538461 0.1622596153846154 0.18629807692307693
2 0.8413461538461539 0.8834134615384616 0.10817307692307693 0.15504807692307693
2 0.8485576923076923 0.8834134615384616 0.12259615384615384 0.13341346153846154
2 0.8786057692307693 0.8209134615384616 0.056490384615384616 0.1045673076923077
2 0.9350961538461539 0.8341346153846154 0.05048076923076923 0.10576923076923077