2 0.05889423076923077 0.421875 0.05889423076923077 0.22716346153846154
2 0.22956730769230768 0.3389423076923077 0.03485576923076923 0.051682692307692304
2 0.33052884615384615 0.4831730769230769 0.07692307692307693 0.3605769230769231
2 0.3545673076923077 0.3557692307692308 0.03485576923076923 0.11538461538461539
2 0.5564903846153846 0.5240384615384616 0.10576923076923077 0.4375
2 0.6177884615384616 0.39663461538461536 0.02403846153846154 0.07091346153846154
2 0.6466346153846154 0.47596153846153844 0.037259615384615384 0.04326923076923077
2 0.6418269230769231 0.3954326923076923 0.015625 0.06971153846153846
2 0.65625 0.4519230769230769 0.021634615384615384 0.05048076923076923
2 0.6778846153846154 0.4579326923076923 0.030048076923076924 0.052884615384615384
2 0.7115384615384616 0.4206730769230769 0.03485576923076923 0.13581730769230768
2 0.7668269230769231 0.5300480769230769 0.140625 0.6778846153846154