2 0.20673076923076922 0.5036057692307693 0.41346153846153844 0.11298076923076923
2 0.4182692307692308 0.5036057692307693 0.04326923076923077 0.052884615384615384
2 0.42788461538461536 0.47596153846153844 0.042067307692307696 0.04447115384615385
2 0.41947115384615385 0.5348557692307693 0.02283653846153846 0.07091346153846154
2 0.49038461538461536 0.5456730769230769 0.052884615384615384 0.07692307692307693
2 0.4855769230769231 0.5 0.018028846153846152 0.04447115384615385
2 0.4879807692307692 0.4651442307692308 0.016826923076923076 0.025240384615384616
2 0.5012019230769231 0.5012019230769231 0.018028846153846152 0.055288461538461536
2 0.5432692307692307 0.5132211538461539 0.052884615384615384 0.06129807692307692
2 0.5600961538461539 0.5600961538461539 0.05048076923076923 0.08413461538461539
2 0.5528846153846154 0.49399038461538464 0.021634615384615384 0.025240384615384616
2 0.6201923076923077 0.5 0.11658653846153846 0.0829326923076923
2 0.6382211538461539 0.5372596153846154 0.03365384615384615 0.15504807692307693
2 0.6730769230769231 0.5829326923076923 0.04927884615384615 0.10216346153846154
2 0.7319711538461539 0.5673076923076923 0.052884615384615384 0.1622596153846154
2 0.7728365384615384 0.47716346153846156 0.0673076923076923 0.05048076923076923
2 0.8076923076923077 0.5721153846153846 0.055288461538461536 0.17908653846153846
2 0.8401442307692307 0.49278846153846156 0.013221153846153846 0.03365384615384615
2 0.8581730769230769 0.49158653846153844 0.015625 0.03245192307692308
2 0.875 0.4891826923076923 0.015625 0.02283653846153846
2 0.9447115384615384 0.6141826923076923 0.10817307692307693 0.29086538461538464
2 0.9170673076923077 0.5216346153846154 0.038461538461538464 0.12259615384615384