2 0.10817307692307693 0.07932692307692307 0.21634615384615385 0.0985576923076923
2 0.12139423076923077 0.11298076923076923 0.24158653846153846 0.13942307692307693
2 0.20432692307692307 0.1778846153846154 0.25841346153846156 0.12620192307692307
2 0.16346153846153846 0.28125 0.06490384615384616 0.07692307692307693
2 0.21394230769230768 0.2668269230769231 0.042067307692307696 0.09495192307692307
2 0.23798076923076922 0.8365384615384616 0.06009615384615385 0.32572115384615385
2 0.22716346153846154 0.10576923076923077 0.01201923076923077 0.042067307692307696
2 0.24879807692307693 0.109375 0.006009615384615385 0.02283653846153846
2 0.31009615384615385 0.23918269230769232 0.10817307692307693 0.1346153846153846
2 0.3245192307692308 0.8088942307692307 0.125 0.3798076923076923
2 0.2848557692307692 0.12860576923076922 0.02283653846153846 0.04927884615384615
2 0.30288461538461536 0.5877403846153846 0.030048076923076924 0.11057692307692307
2 0.30528846153846156 0.1346153846153846 0.010817307692307692 0.038461538461538464
2 0.3245192307692308 0.13822115384615385 0.014423076923076924 0.03125
2 0.33413461538461536 0.5444711538461539 0.03365384615384615 0.04567307692307692
2 0.4206730769230769 0.8125 0.1935096153846154 0.3737980769230769
2 0.3401442307692308 0.13221153846153846 0.019230769230769232 0.02283653846153846
2 0.3425480769230769 0.5372596153846154 0.016826923076923076 0.042067307692307696
2 0.3762019230769231 0.5745192307692307 0.07692307692307693 0.11298076923076923
2 0.3605769230769231 0.53125 0.028846153846153848 0.057692307692307696
2 0.4206730769230769 0.15384615384615385 0.14423076923076922 0.06490384615384616
2 0.484375 0.22115384615384615 0.2548076923076923 0.14182692307692307
2 0.37259615384615385 0.5240384615384616 0.02403846153846154 0.04326923076923077
2 0.38461538461538464 0.5084134615384616 0.019230769230769232 0.039663461538461536
2 0.39663461538461536 0.5036057692307693 0.014423076923076924 0.025240384615384616
2 0.41225961538461536 0.5096153846153846 0.025240384615384616 0.06370192307692307
2 0.5036057692307693 0.8125 0.20072115384615385 0.3737980769230769
2 0.4543269230769231 0.5697115384615384 0.08774038461538461 0.12980769230769232
2 0.4254807692307692 0.49278846153846156 0.010817307692307692 0.026442307692307692
2 0.4543269230769231 0.5180288461538461 0.06490384615384616 0.07451923076923077
2 0.4387019230769231 0.48197115384615385 0.020432692307692308 0.039663461538461536
2 0.5216346153846154 0.5889423076923077 0.12379807692307693 0.16346153846153846
2 0.5877403846153846 0.8161057692307693 0.2247596153846154 0.36538461538461536
2 0.515625 0.4699519230769231 0.06129807692307692 0.08774038461538461
2 0.5444711538461539 0.45913461538461536 0.06971153846153846 0.0889423076923077
2 0.6646634615384616 0.8245192307692307 0.24639423076923078 0.34975961538461536
2 0.5829326923076923 0.47596153846153844 0.055288461538461536 0.06850961538461539
2 0.6081730769230769 0.484375 0.056490384615384616 0.08173076923076923
2 0.625 0.6033653846153846 0.07572115384615384 0.1875
2 0.625 0.5144230769230769 0.021634615384615384 0.0673076923076923
2 0.6322115384615384 0.49278846153846156 0.013221153846153846 0.03125
2 0.6466346153846154 0.6466346153846154 0.025240384615384616 0.057692307692307696
2 0.6574519230769231 0.49038461538461536 0.02283653846153846 0.06610576923076923
2 0.6754807692307693 0.5072115384615384 0.04447115384615385 0.0889423076923077
2 0.6778846153846154 0.5997596153846154 0.04447115384615385 0.12860576923076922
2 0.8004807692307693 0.8317307692307693 0.21754807692307693 0.33413461538461536
2 0.7163461538461539 0.5288461538461539 0.036057692307692304 0.11057692307692307
2 0.7235576923076923 0.6153846153846154 0.042067307692307696 0.140625
2 0.7560096153846154 0.53125 0.027644230769230768 0.10576923076923077
2 0.7776442307692307 0.640625 0.036057692307692304 0.14903846153846154
2 0.7896634615384616 0.5348557692307693 0.030048076923076924 0.0889423076923077
2 0.828125 0.6682692307692307 0.03245192307692308 0.039663461538461536
2 0.8293269230769231 0.546875 0.025240384615384616 0.10336538461538461
2 0.8365384615384616 0.6334134615384616 0.02403846153846154 0.07211538461538461
2 0.9242788461538461 0.8425480769230769 0.1502403846153846 0.3125
2 0.8810096153846154 0.6189903846153846 0.04447115384615385 0.21875
2 0.90625 0.5829326923076923 0.027644230769230768 0.12139423076923077
2 0.9302884615384616 0.6538461538461539 0.028846153846153848 0.078125
2 0.9483173076923077 0.5829326923076923 0.027644230769230768 0.12620192307692307
2 0.9783653846153846 0.671875 0.03365384615384615 0.1141826923076923