2 0.53125 0.27524038461538464 0.028846153846153848 0.0625
2 0.5420673076923077 0.3401442307692308 0.026442307692307692 0.10216346153846154
2 0.625 0.31490384615384615 0.054086538461538464 0.1502403846153846
2 0.6430288461538461 0.2644230769230769 0.014423076923076924 0.04326923076923077
2 0.6574519230769231 0.2644230769230769 0.007211538461538462 0.037259615384615384
2 0.7379807692307693 0.38461538461538464 0.1201923076923077 0.2980769230769231
2 0.7860576923076923 0.27524038461538464 0.02283653846153846 0.037259615384615384
2 0.8004807692307693 0.2800480769230769 0.013221153846153846 0.02403846153846154
2 0.8149038461538461 0.28966346153846156 0.028846153846153848 0.040865384615384616
2 0.9194711538461539 0.359375 0.037259615384615384 0.20552884615384615
2 0.9459134615384616 0.3016826923076923 0.04567307692307692 0.09495192307692307
2 0.9819711538461539 0.3004807692307692 0.03365384615384615 0.12139423076923077