2 0.5288461538461539 0.5564903846153846 0.18389423076923078 0.8689903846153846
2 0.05048076923076923 0.5576923076923077 0.09975961538461539 0.7788461538461539
2 0.4807692307692308 0.18028846153846154 0.9615384615384616 0.3605769230769231
2 0.23798076923076922 0.5384615384615384 0.34134615384615385 0.8942307692307693
2 0.19471153846153846 0.5516826923076923 0.14783653846153846 0.8341346153846154
2 0.4375 0.5516826923076923 0.052884615384615384 0.26322115384615385
2 0.5949519230769231 0.5552884615384616 0.04326923076923077 0.24519230769230768
2 0.7644230769230769 0.8161057692307693 0.32211538461538464 0.28846153846153844
2 0.6646634615384616 0.5661057692307693 0.054086538461538464 0.2548076923076923
2 0.7427884615384616 0.5721153846153846 0.0673076923076923 0.23798076923076922
2 0.8233173076923077 0.5901442307692307 0.12620192307692307 0.7980769230769231
2 0.9314903846153846 0.20552884615384615 0.13581730769230768 0.2932692307692308
2 0.9399038461538461 0.5649038461538461 0.11778846153846154 0.33052884615384615