2 0.09375 0.26322115384615385 0.06971153846153846 0.09495192307692307
2 0.17427884615384615 0.44471153846153844 0.10096153846153846 0.04447115384615385
2 0.21153846153846154 0.5336538461538461 0.12980769230769232 0.07451923076923077
2 0.2776442307692308 0.4651442307692308 0.12620192307692307 0.054086538461538464
2 0.28125 0.44350961538461536 0.12259615384615384 0.037259615384615384
2 0.27884615384615385 0.2848557692307692 0.06610576923076923 0.10216346153846154
2 0.5709134615384616 0.2644230769230769 0.06610576923076923 0.0673076923076923
2 0.71875 0.5384615384615384 0.19110576923076922 0.14302884615384615
2 0.7415865384615384 0.2860576923076923 0.06009615384615385 0.08413461538461539
2 0.7980769230769231 0.45072115384615385 0.09375 0.09735576923076923
2 0.9591346153846154 0.27163461538461536 0.04447115384615385 0.07932692307692307