2 0.5 0.609375 0.9987980769230769 0.265625
2 0.026442307692307692 0.9879807692307693 0.018028846153846152 0.02283653846153846
2 0.5024038461538461 0.9783653846153846 0.6213942307692307 0.040865384615384616
2 0.31490384615384615 0.7572115384615384 0.009615384615384616 0.03485576923076923
2 0.3701923076923077 0.7415865384615384 0.009615384615384616 0.013221153846153846
2 0.4567307692307692 0.75 0.013221153846153846 0.026442307692307692
2 0.4675480769230769 0.7307692307692307 0.008413461538461538 0.018028846153846152
2 0.5829326923076923 0.7932692307692307 0.008413461538461538 0.04447115384615385
2 0.5949519230769231 0.7944711538461539 0.016826923076923076 0.052884615384615384
2 0.6346153846153846 0.7427884615384616 0.009615384615384616 0.028846153846153848
2 0.6514423076923077 0.7451923076923077 0.009615384615384616 0.03125
2 0.6598557692307693 0.7512019230769231 0.010817307692307692 0.03365384615384615
2 0.6959134615384616 0.7451923076923077 0.008413461538461538 0.02283653846153846
2 0.7319711538461539 0.7584134615384616 0.01201923076923077 0.03245192307692308
2 0.7427884615384616 0.7572115384615384 0.004807692307692308 0.038461538461538464
2 0.7980769230769231 0.9771634615384616 0.03125 0.04447115384615385
2 0.8798076923076923 0.8076923076923077 0.015625 0.05889423076923077
2 0.8918269230769231 0.8125 0.013221153846153846 0.055288461538461536
2 0.9098557692307693 0.8125 0.015625 0.06610576923076923
2 0.9543269230769231 0.9651442307692307 0.03485576923076923 0.06850961538461539