2 0.08774038461538461 0.7668269230769231 0.12740384615384615 0.25
2 0.16105769230769232 0.6586538461538461 0.09975961538461539 0.15745192307692307
2 0.1814903846153846 0.6057692307692307 0.05889423076923077 0.09254807692307693
2 0.21153846153846154 0.5913461538461539 0.057692307692307696 0.1045673076923077
2 0.3894230769230769 0.7439903846153846 0.20432692307692307 0.21514423076923078
2 0.33533653846153844 0.6165865384615384 0.09014423076923077 0.09254807692307693
2 0.3557692307692308 0.578125 0.042067307692307696 0.06971153846153846
2 0.3786057692307692 0.6490384615384616 0.07211538461538461 0.11658653846153846
2 0.43028846153846156 0.59375 0.07211538461538461 0.1814903846153846
2 0.5192307692307693 0.5733173076923077 0.054086538461538464 0.12740384615384615
2 0.5673076923076923 0.5480769230769231 0.039663461538461536 0.03125
2 0.5709134615384616 0.5384615384615384 0.046875 0.05048076923076923
2 0.6454326923076923 0.5420673076923077 0.03245192307692308 0.057692307692307696
2 0.7824519230769231 0.6129807692307693 0.036057692307692304 0.08052884615384616
2 0.7872596153846154 0.5829326923076923 0.027644230769230768 0.04567307692307692
2 0.8197115384615384 0.5877403846153846 0.028846153846153848 0.03125
2 0.8473557692307693 0.6358173076923077 0.06971153846153846 0.10096153846153846