2 0.1141826923076923 0.8882211538461539 0.2283653846153846 0.22115384615384615
2 0.014423076923076924 0.6862980769230769 0.026442307692307692 0.10697115384615384
2 0.04807692307692308 0.6334134615384616 0.018028846153846152 0.038461538461538464
2 0.06610576923076923 0.6802884615384616 0.051682692307692304 0.08413461538461539
2 0.1201923076923077 0.6959134615384616 0.056490384615384616 0.11538461538461539
2 0.15384615384615385 0.6730769230769231 0.03485576923076923 0.051682692307692304
2 0.2439903846153846 0.7199519230769231 0.04927884615384615 0.1346153846153846
2 0.2620192307692308 0.6838942307692307 0.020432692307692308 0.0625
2 0.27884615384615385 0.6838942307692307 0.039663461538461536 0.07692307692307693
2 0.3233173076923077 0.8100961538461539 0.12620192307692307 0.25961538461538464
2 0.3485576923076923 0.9663461538461539 0.09254807692307693 0.06610576923076923
2 0.3317307692307692 0.7283653846153846 0.051682692307692304 0.11899038461538461
2 0.375 0.6850961538461539 0.04326923076923077 0.1045673076923077
2 0.40384615384615385 0.7223557692307693 0.057692307692307696 0.13942307692307693
2 0.4795673076923077 0.6706730769230769 0.026442307692307692 0.057692307692307696
2 0.5120192307692307 0.6622596153846154 0.02283653846153846 0.042067307692307696
2 0.53125 0.6502403846153846 0.018028846153846152 0.056490384615384616
2 0.5637019230769231 0.6622596153846154 0.020432692307692308 0.04927884615384615
2 0.5841346153846154 0.6670673076923077 0.021634615384615384 0.07211538461538461
2 0.640625 0.7319711538461539 0.04927884615384615 0.1502403846153846
2 0.8076923076923077 0.6490384615384616 0.013221153846153846 0.05048076923076923
2 0.9182692307692307 0.7055288461538461 0.05889423076923077 0.06490384615384616
2 0.9591346153846154 0.7007211538461539 0.042067307692307696 0.09615384615384616
2 0.9591346153846154 0.6358173076923077 0.010817307692307692 0.027644230769230768
2 0.9855769230769231 0.6466346153846154 0.01201923076923077 0.03245192307692308
2 0.9963942307692307 0.6442307692307693 0.006009615384615385 0.06009615384615385