2 0.0625 0.3293269230769231 0.06850961538461539 0.2247596153846154
2 0.014423076923076924 0.35697115384615385 0.028846153846153848 0.20552884615384615
2 0.0985576923076923 0.8341346153846154 0.1971153846153846 0.33052884615384615
2 0.11778846153846154 0.32091346153846156 0.07572115384615384 0.23918269230769232
2 0.1658653846153846 0.36658653846153844 0.04807692307692308 0.12860576923076922
2 0.5709134615384616 0.23798076923076922 0.8533653846153846 0.3605769230769231
2 0.28846153846153844 0.9098557692307693 0.15144230769230768 0.1778846153846154
2 0.41947115384615385 0.8978365384615384 0.16466346153846154 0.203125
2 0.6514423076923077 0.9002403846153846 0.20552884615384615 0.19831730769230768
2 0.8930288461538461 0.7872596153846154 0.21153846153846154 0.42427884615384615
2 0.8870192307692307 0.859375 0.19230769230769232 0.27884615384615385