2 0.18629807692307693 0.5264423076923077 0.37259615384615385 0.9459134615384616
2 0.2860576923076923 0.4639423076923077 0.20552884615384615 0.9278846153846154
2 0.42427884615384615 0.4362980769230769 0.1346153846153846 0.5997596153846154
2 0.5240384615384616 0.37259615384615385 0.21514423076923078 0.5865384615384616
2 0.47115384615384615 0.41346153846153844 0.08653846153846154 0.47716346153846156
2 0.6225961538461539 0.5288461538461539 0.22115384615384615 0.9110576923076923
2 0.7235576923076923 0.20432692307692307 0.24519230769230768 0.3641826923076923
2 0.8137019230769231 0.5012019230769231 0.3701923076923077 0.9951923076923077
2 0.7127403846153846 0.14302884615384615 0.08774038461538461 0.1141826923076923
2 0.8016826923076923 0.10216346153846154 0.038461538461538464 0.12620192307692307
2 0.9699519230769231 0.23076923076923078 0.057692307692307696 0.21995192307692307