2 0.037259615384615384 0.42788461538461536 0.07451923076923077 0.2824519230769231
2 0.018028846153846152 0.29447115384615385 0.02403846153846154 0.04567307692307692
2 0.14543269230769232 0.3894230769230769 0.05048076923076923 0.24639423076923078
2 0.22596153846153846 0.3954326923076923 0.06009615384615385 0.31850961538461536
2 0.2512019230769231 0.375 0.054086538461538464 0.30408653846153844
2 0.3088942307692308 0.3798076923076923 0.10697115384615384 0.2800480769230769
2 0.3894230769230769 0.33653846153846156 0.06129807692307692 0.22355769230769232
2 0.4230769230769231 0.3112980769230769 0.03485576923076923 0.15985576923076922
2 0.47596153846153844 0.28725961538461536 0.05048076923076923 0.13221153846153846
2 0.5324519230769231 0.27884615384615385 0.0673076923076923 0.11177884615384616
2 0.8112980769230769 0.5036057692307693 0.1502403846153846 0.703125
2 0.8461538461538461 0.24879807692307693 0.021634615384615384 0.037259615384615384
2 0.8798076923076923 0.2620192307692308 0.03125 0.054086538461538464
2 0.9122596153846154 0.36899038461538464 0.054086538461538464 0.30288461538461536
2 0.9314903846153846 0.3918269230769231 0.08533653846153846 0.3401442307692308