2 0.07692307692307693 0.6057692307692307 0.11538461538461539 0.43028846153846156
2 0.203125 0.6286057692307693 0.15865384615384615 0.3942307692307692
2 0.27403846153846156 0.6310096153846154 0.1141826923076923 0.3713942307692308
2 0.34134615384615385 0.6177884615384616 0.10576923076923077 0.3317307692307692
2 0.4050480769230769 0.6742788461538461 0.13942307692307693 0.4338942307692308
2 0.46274038461538464 0.6153846153846154 0.12740384615384615 0.46634615384615385
2 0.49759615384615385 0.6274038461538461 0.19471153846153846 0.3545673076923077
2 0.6021634615384616 0.6045673076923077 0.09495192307692307 0.4014423076923077
2 0.6838942307692307 0.625 0.14903846153846154 0.421875
2 0.7932692307692307 0.6237980769230769 0.13942307692307693 0.38341346153846156
2 0.9326923076923077 0.5973557692307693 0.09975961538461539 0.265625