2 0.7908653846153846 0.40625 0.0829326923076923 0.18870192307692307
2 0.0985576923076923 0.53125 0.11177884615384616 0.14302884615384615
2 0.12379807692307693 0.515625 0.06971153846153846 0.10697115384615384
2 0.21875 0.4014423076923077 0.06129807692307692 0.07692307692307693
2 0.24639423076923078 0.3870192307692308 0.030048076923076924 0.051682692307692304
2 0.2860576923076923 0.453125 0.0625 0.10697115384615384
2 0.33052884615384615 0.38100961538461536 0.027644230769230768 0.07211538461538461
2 0.3762019230769231 0.4254807692307692 0.07091346153846154 0.037259615384615384
2 0.36538461538461536 0.359375 0.020432692307692308 0.04567307692307692
2 0.4182692307692308 0.359375 0.040865384615384616 0.051682692307692304
2 0.6610576923076923 0.7896634615384616 0.2776442307692308 0.4182692307692308
2 0.6105769230769231 0.42427884615384615 0.08774038461538461 0.13822115384615385
2 0.6899038461538461 0.4182692307692308 0.08533653846153846 0.1502403846153846