2 0.02403846153846154 0.27884615384615385 0.030048076923076924 0.04447115384615385
2 0.07932692307692307 0.28966346153846156 0.04326923076923077 0.07932692307692307
2 0.11899038461538461 0.30408653846153844 0.04567307692307692 0.09014423076923077
2 0.17548076923076922 0.29447115384615385 0.052884615384615384 0.08413461538461539
2 0.21514423076923078 0.2860576923076923 0.036057692307692304 0.06490384615384616
2 0.23557692307692307 0.2860576923076923 0.018028846153846152 0.06850961538461539
2 0.49399038461538464 0.28966346153846156 0.037259615384615384 0.07932692307692307
2 0.5252403846153846 0.29086538461538464 0.0733173076923077 0.1201923076923077
2 0.7475961538461539 0.28725961538461536 0.018028846153846152 0.057692307692307696
2 0.8004807692307693 0.28846153846153844 0.030048076923076924 0.052884615384615384
2 0.828125 0.2776442307692308 0.026442307692307692 0.038461538461538464
2 0.8521634615384616 0.2800480769230769 0.020432692307692308 0.03245192307692308
2 0.9110576923076923 0.29447115384615385 0.05889423076923077 0.06850961538461539