2 0.6117788461538461 0.44591346153846156 0.1201923076923077 0.2512019230769231
2 0.025240384615384616 0.3016826923076923 0.05048076923076923 0.10336538461538461
2 0.04807692307692308 0.3389423076923077 0.0625 0.09975961538461539
2 0.10096153846153846 0.41346153846153844 0.09254807692307693 0.16826923076923078
2 0.2548076923076923 0.2980769230769231 0.07211538461538461 0.08413461538461539
2 0.25721153846153844 0.32091346153846156 0.06370192307692307 0.0889423076923077
2 0.3329326923076923 0.28966346153846156 0.055288461538461536 0.09134615384615384
2 0.37740384615384615 0.36177884615384615 0.09615384615384616 0.15865384615384615
2 0.4026442307692308 0.28125 0.038461538461538464 0.052884615384615384
2 0.46634615384615385 0.28846153846153844 0.04807692307692308 0.07451923076923077
2 0.5324519230769231 0.3701923076923077 0.055288461538461536 0.09014423076923077
2 0.5997596153846154 0.2824519230769231 0.04326923076923077 0.0625
2 0.6213942307692307 0.30408653846153844 0.028846153846153848 0.08413461538461539
2 0.6802884615384616 0.3088942307692308 0.042067307692307696 0.06370192307692307
2 0.7199519230769231 0.34975961538461536 0.06490384615384616 0.07692307692307693
2 0.8016826923076923 0.4050480769230769 0.06370192307692307 0.14783653846153846
2 0.8076923076923077 0.33413461538461536 0.056490384615384616 0.08653846153846154
2 0.8713942307692307 0.4230769230769231 0.17668269230769232 0.5745192307692307
2 0.9807692307692307 0.38221153846153844 0.03365384615384615 0.11538461538461539