2 0.056490384615384616 0.5180288461538461 0.03245192307692308 0.10697115384615384
2 0.07572115384615384 0.5384615384615384 0.021634615384615384 0.0733173076923077
2 0.08774038461538461 0.5372596153846154 0.025240384615384616 0.07572115384615384
2 0.10576923076923077 0.5324519230769231 0.018028846153846152 0.0829326923076923
2 0.15985576923076922 0.5324519230769231 0.019230769230769232 0.07211538461538461
2 0.17548076923076922 0.5372596153846154 0.027644230769230768 0.0733173076923077
2 0.18629807692307693 0.5132211538461539 0.01201923076923077 0.027644230769230768
2 0.19831730769230768 0.5396634615384616 0.020432692307692308 0.0673076923076923
2 0.22115384615384615 0.5192307692307693 0.021634615384615384 0.10576923076923077
2 0.22355769230769232 0.5348557692307693 0.018028846153846152 0.07692307692307693
2 0.26322115384615385 0.5420673076923077 0.04807692307692308 0.15865384615384615
2 0.3293269230769231 0.46634615384615385 0.04567307692307692 0.055288461538461536
2 0.3858173076923077 0.5420673076923077 0.039663461538461536 0.12259615384615384
2 0.4182692307692308 0.5444711538461539 0.03125 0.12139423076923077
2 0.4987980769230769 0.671875 0.09375 0.35216346153846156
2 0.47115384615384615 0.5420673076923077 0.021634615384615384 0.11658653846153846
2 0.5637019230769231 0.6574519230769231 0.07932692307692307 0.36538461538461536
2 0.5552884615384616 0.47716346153846156 0.016826923076923076 0.019230769230769232
2 0.6033653846153846 0.5949519230769231 0.04447115384615385 0.265625
2 0.6225961538461539 0.5757211538461539 0.04326923076923077 0.27403846153846156
2 0.6478365384615384 0.49278846153846156 0.03125 0.06009615384615385
2 0.6670673076923077 0.5192307692307693 0.019230769230769232 0.1201923076923077
2 0.6862980769230769 0.5240384615384616 0.038461538461538464 0.1201923076923077
2 0.7091346153846154 0.49399038461538464 0.021634615384615384 0.06610576923076923
2 0.7307692307692307 0.5985576923076923 0.052884615384615384 0.24158653846153846
2 0.71875 0.4723557692307692 0.009615384615384616 0.015625
2 0.7512019230769231 0.53125 0.016826923076923076 0.09014423076923077
2 0.8004807692307693 0.5204326923076923 0.038461538461538464 0.13701923076923078
2 0.8533653846153846 0.6346153846153846 0.09254807692307693 0.3918269230769231
2 0.8269230769230769 0.47836538461538464 0.027644230769230768 0.0673076923076923
2 0.8798076923076923 0.484375 0.015625 0.036057692307692304
2 0.9375 0.6322115384615384 0.09254807692307693 0.36177884615384615
2 0.9639423076923077 0.5348557692307693 0.03485576923076923 0.125
2 0.9663461538461539 0.5504807692307693 0.03245192307692308 0.14182692307692307
2 0.9771634615384616 0.5288461538461539 0.027644230769230768 0.13822115384615385
2 0.9903846153846154 0.5480769230769231 0.018028846153846152 0.15745192307692307