2 0.07932692307692307 0.24158653846153846 0.15865384615384615 0.4831730769230769
2 0.33052884615384615 0.16706730769230768 0.13221153846153846 0.33413461538461536
2 0.42788461538461536 0.15865384615384615 0.09495192307692307 0.3173076923076923
2 0.7055288461538461 0.14302884615384615 0.5877403846153846 0.2860576923076923
2 0.4987980769230769 0.07692307692307693 0.042067307692307696 0.15384615384615385
2 0.5612980769230769 0.08413461538461539 0.04447115384615385 0.16706730769230768
2 0.6117788461538461 0.07572115384615384 0.040865384615384616 0.15144230769230768
2 0.6514423076923077 0.078125 0.052884615384615384 0.15625
2 0.7043269230769231 0.08052884615384616 0.0673076923076923 0.16105769230769232
2 0.7704326923076923 0.109375 0.10576923076923077 0.21634615384615385
2 0.8028846153846154 0.078125 0.05048076923076923 0.15625
2 0.8966346153846154 0.12139423076923077 0.08533653846153846 0.24278846153846154
2 0.9435096153846154 0.11298076923076923 0.040865384615384616 0.22596153846153846
2 0.9603365384615384 0.19951923076923078 0.030048076923076924 0.09375
2 0.9759615384615384 0.08653846153846154 0.04567307692307692 0.17307692307692307