2 0.07211538461538461 0.4963942307692308 0.1141826923076923 0.65625
2 0.1141826923076923 0.5024038461538461 0.1622596153846154 0.7752403846153846
2 0.1502403846153846 0.1622596153846154 0.11658653846153846 0.2247596153846154
2 0.234375 0.1622596153846154 0.09495192307692307 0.13701923076923078
2 0.2692307692307692 0.5120192307692307 0.14423076923076922 0.6430288461538461
2 0.3401442307692308 0.20432692307692307 0.2091346153846154 0.15985576923076922
2 0.3293269230769231 0.5757211538461539 0.12860576923076922 0.5252403846153846
2 0.41225961538461536 0.5973557692307693 0.21033653846153846 0.4675480769230769
2 0.3894230769230769 0.296875 0.09495192307692307 0.27884615384615385
2 0.49278846153846156 0.24879807692307693 0.10216346153846154 0.24639423076923078
2 0.5060096153846154 0.16826923076923078 0.12139423076923077 0.10817307692307693
2 0.5180288461538461 0.5324519230769231 0.14423076923076922 0.4675480769230769
2 0.6069711538461539 0.49038461538461536 0.18629807692307693 0.5504807692307693
2 0.5865384615384616 0.19471153846153846 0.056490384615384616 0.17307692307692307
2 0.6826923076923077 0.1875 0.15865384615384615 0.2620192307692308
2 0.7079326923076923 0.5204326923076923 0.15504807692307693 0.49038461538461536
2 0.7608173076923077 0.2283653846153846 0.20432692307692307 0.22355769230769232
2 0.7295673076923077 0.2548076923076923 0.12860576923076922 0.16105769230769232
2 0.8617788461538461 0.5276442307692307 0.23677884615384615 0.4579326923076923
2 0.7992788461538461 0.4855769230769231 0.054086538461538464 0.4170673076923077