2 0.09134615384615384 0.5697115384615384 0.06009615384615385 0.28846153846153844
2 0.14182692307692307 0.7235576923076923 0.018028846153846152 0.056490384615384616
2 0.16466346153846154 0.7307692307692307 0.026442307692307692 0.037259615384615384
2 0.203125 0.7403846153846154 0.02283653846153846 0.038461538461538464
2 0.2439903846153846 0.7307692307692307 0.02403846153846154 0.04927884615384615
2 0.4170673076923077 0.765625 0.08533653846153846 0.24158653846153846
2 0.39783653846153844 0.7776442307692307 0.039663461538461536 0.20072115384615385
2 0.46634615384615385 0.765625 0.06129807692307692 0.21875
2 0.5985576923076923 0.7848557692307693 0.030048076923076924 0.0889423076923077
2 0.7716346153846154 0.8100961538461539 0.08052884615384616 0.1778846153846154
2 0.9471153846153846 0.7920673076923077 0.038461538461538464 0.14302884615384615
2 0.9747596153846154 0.7800480769230769 0.04567307692307692 0.17548076923076922