2 0.02283653846153846 0.46875 0.04567307692307692 0.19831730769230768
2 0.010817307692307692 0.4170673076923077 0.015625 0.06850961538461539
2 0.057692307692307696 0.5540865384615384 0.09134615384615384 0.3293269230769231
2 0.10697115384615384 0.5288461538461539 0.040865384615384616 0.2536057692307692
2 0.1658653846153846 0.5612980769230769 0.09495192307692307 0.4098557692307692
2 0.20793269230769232 0.4423076923076923 0.04326923076923077 0.11298076923076923
2 0.3076923076923077 0.6177884615384616 0.22235576923076922 0.5817307692307693
2 0.2536057692307692 0.6322115384615384 0.08653846153846154 0.46634615384615385
2 0.28365384615384615 0.4050480769230769 0.052884615384615384 0.11538461538461539
2 0.44471153846153844 0.44711538461538464 0.06009615384615385 0.14302884615384615
2 0.49038461538461536 0.6310096153846154 0.11778846153846154 0.5336538461538461
2 0.5709134615384616 0.6442307692307693 0.07932692307692307 0.4519230769230769
2 0.6850961538461539 0.6189903846153846 0.14182692307692307 0.46634615384615385
2 0.7439903846153846 0.609375 0.10216346153846154 0.3858173076923077
2 0.8149038461538461 0.6117788461538461 0.06490384615384616 0.32572115384615385
2 0.8185096153846154 0.4639423076923077 0.054086538461538464 0.13581730769230768
2 0.8665865384615384 0.5348557692307693 0.040865384615384616 0.21875
2 0.8942307692307693 0.5252403846153846 0.038461538461538464 0.2127403846153846