2 0.020432692307692308 0.7752403846153846 0.03125 0.16466346153846154
2 0.056490384615384616 0.7355769230769231 0.040865384615384616 0.1141826923076923
2 0.13581730769230768 0.7572115384615384 0.038461538461538464 0.2283653846153846
2 0.18028846153846154 0.7764423076923077 0.04807692307692308 0.2620192307692308
2 0.21875 0.7668269230769231 0.055288461538461536 0.24519230769230768
2 0.24759615384615385 0.7355769230769231 0.03245192307692308 0.14903846153846154
2 0.2668269230769231 0.7596153846153846 0.025240384615384616 0.17067307692307693
2 0.2860576923076923 0.75 0.03365384615384615 0.19471153846153846
2 0.3125 0.7487980769230769 0.037259615384615384 0.1875
2 0.3449519230769231 0.7548076923076923 0.028846153846153848 0.17307692307692307
2 0.38100961538461536 0.7608173076923077 0.02283653846153846 0.17307692307692307
2 0.4014423076923077 0.7524038461538461 0.036057692307692304 0.19230769230769232
2 0.4230769230769231 0.7367788461538461 0.030048076923076924 0.1875
2 0.44471153846153844 0.7451923076923077 0.021634615384615384 0.17668269230769232
2 0.4639423076923077 0.6850961538461539 0.026442307692307692 0.08173076923076923
2 0.5084134615384616 0.7427884615384616 0.0625 0.22235576923076922
2 0.5612980769230769 0.75 0.06971153846153846 0.21875
2 0.6213942307692307 0.7307692307692307 0.06129807692307692 0.18509615384615385
2 0.7043269230769231 0.7463942307692307 0.04326923076923077 0.19230769230769232
2 0.7439903846153846 0.7235576923076923 0.03485576923076923 0.19471153846153846
2 0.7932692307692307 0.7235576923076923 0.04567307692307692 0.17668269230769232
2 0.8233173076923077 0.7139423076923077 0.030048076923076924 0.15625
2 0.8737980769230769 0.703125 0.038461538461538464 0.16826923076923078
2 0.9134615384615384 0.7235576923076923 0.04447115384615385 0.21514423076923078
2 0.9639423076923077 0.7199519230769231 0.04326923076923077 0.17908653846153846
2 0.9867788461538461 0.6971153846153846 0.025240384615384616 0.25