2 0.038461538461538464 0.5745192307692307 0.07692307692307693 0.4387019230769231
2 0.10336538461538461 0.5793269230769231 0.0673076923076923 0.4110576923076923
2 0.16105769230769232 0.5504807692307693 0.10216346153846154 0.40384615384615385
2 0.12740384615384615 0.41346153846153844 0.018028846153846152 0.052884615384615384
2 0.18028846153846154 0.40384615384615385 0.025240384615384616 0.03485576923076923
2 0.20793269230769232 0.4230769230769231 0.02403846153846154 0.04326923076923077
2 0.234375 0.5588942307692307 0.06971153846153846 0.32572115384615385
2 0.2247596153846154 0.46634615384615385 0.03365384615384615 0.14783653846153846
2 0.2860576923076923 0.5084134615384616 0.04326923076923077 0.2439903846153846
2 0.3112980769230769 0.5360576923076923 0.02403846153846154 0.22355769230769232
2 0.328125 0.5060096153846154 0.016826923076923076 0.04567307692307692
2 0.36778846153846156 0.47836538461538464 0.051682692307692304 0.125
2 0.3713942307692308 0.5865384615384616 0.04447115384615385 0.203125
2 0.4050480769230769 0.5504807692307693 0.06129807692307692 0.2800480769230769
2 0.4411057692307692 0.47115384615384615 0.057692307692307696 0.12980769230769232
2 0.45552884615384615 0.4519230769230769 0.014423076923076924 0.042067307692307696
2 0.4891826923076923 0.5600961538461539 0.07091346153846154 0.28966346153846156
2 0.46875 0.4387019230769231 0.018028846153846152 0.06129807692307692
2 0.47716346153846156 0.4423076923076923 0.01201923076923077 0.04927884615384615
2 0.5180288461538461 0.4675480769230769 0.03365384615384615 0.06971153846153846
2 0.5408653846153846 0.46634615384615385 0.027644230769230768 0.08653846153846154
2 0.5612980769230769 0.45552884615384615 0.027644230769230768 0.07091346153846154
2 0.5733173076923077 0.44471153846153844 0.010817307692307692 0.055288461538461536
2 0.5865384615384616 0.49399038461538464 0.025240384615384616 0.1310096153846154
2 0.6081730769230769 0.47836538461538464 0.03245192307692308 0.12259615384615384
2 0.625 0.49759615384615385 0.04807692307692308 0.15144230769230768
2 0.6418269230769231 0.49038461538461536 0.013221153846153846 0.10817307692307693
2 0.6730769230769231 0.49759615384615385 0.021634615384615384 0.1310096153846154
2 0.6935096153846154 0.5 0.021634615384615384 0.1310096153846154
2 0.7151442307692307 0.4891826923076923 0.030048076923076924 0.125
2 0.7307692307692307 0.49158653846153844 0.028846153846153848 0.109375
2 0.7560096153846154 0.5276442307692307 0.054086538461538464 0.20192307692307693
2 0.7752403846153846 0.4567307692307692 0.01201923076923077 0.03485576923076923
2 0.7896634615384616 0.49278846153846156 0.02283653846153846 0.09014423076923077
2 0.8052884615384616 0.4831730769230769 0.02403846153846154 0.0889423076923077
2 0.8233173076923077 0.49038461538461536 0.025240384615384616 0.0829326923076923
2 0.8233173076923077 0.45552884615384615 0.020432692307692308 0.02403846153846154
2 0.8389423076923077 0.453125 0.018028846153846152 0.02403846153846154
2 0.8425480769230769 0.49399038461538464 0.02283653846153846 0.10096153846153846
2 0.8617788461538461 0.49399038461538464 0.020432692307692308 0.08413461538461539
2 0.9723557692307693 0.4891826923076923 0.01201923076923077 0.0733173076923077
2 0.9819711538461539 0.4891826923076923 0.014423076923076924 0.0733173076923077
2 0.9927884615384616 0.49399038461538464 0.013221153846153846 0.07451923076923077