2 0.025240384615384616 0.10817307692307693 0.04326923076923077 0.13701923076923078
2 0.056490384615384616 0.1045673076923077 0.04326923076923077 0.14423076923076922
2 0.09735576923076923 0.10336538461538461 0.037259615384615384 0.15264423076923078
2 0.12259615384615384 0.0985576923076923 0.06009615384615385 0.15144230769230768
2 0.171875 0.10096153846153846 0.056490384615384616 0.15865384615384615
2 0.22596153846153846 0.1045673076923077 0.039663461538461536 0.18028846153846154
2 0.2536057692307692 0.09254807692307693 0.052884615384615384 0.17908653846153846
2 0.3161057692307692 0.10336538461538461 0.038461538461538464 0.171875
2 0.3894230769230769 0.5204326923076923 0.16466346153846154 0.24278846153846154
2 0.3605769230769231 0.10216346153846154 0.038461538461538464 0.15745192307692307
2 0.39783653846153844 0.0985576923076923 0.04447115384615385 0.15144230769230768
2 0.4338942307692308 0.09495192307692307 0.026442307692307692 0.1622596153846154
2 0.4675480769230769 0.09375 0.03485576923076923 0.16466346153846154
2 0.5060096153846154 0.10336538461538461 0.036057692307692304 0.15264423076923078
2 0.5444711538461539 0.10817307692307693 0.04807692307692308 0.15144230769230768
2 0.5841346153846154 0.09375 0.038461538461538464 0.18509615384615385
2 0.6069711538461539 0.09375 0.04326923076923077 0.1658653846153846
2 0.6550480769230769 0.09375 0.039663461538461536 0.18509615384615385
2 0.6923076923076923 0.08413461538461539 0.04447115384615385 0.16706730769230768
2 0.7596153846153846 0.109375 0.06009615384615385 0.10576923076923077
2 0.8004807692307693 0.055288461538461536 0.0625 0.11057692307692307
2 0.8389423076923077 0.11057692307692307 0.046875 0.1201923076923077
2 0.9146634615384616 0.07932692307692307 0.16947115384615385 0.15745192307692307