2 0.12620192307692307 0.890625 0.08413461538461539 0.13341346153846154
2 0.2283653846153846 0.8774038461538461 0.08533653846153846 0.171875
2 0.4014423076923077 0.8473557692307693 0.02403846153846154 0.11298076923076923
2 0.43990384615384615 0.8569711538461539 0.021634615384615384 0.1045673076923077
2 0.5480769230769231 0.8641826923076923 0.027644230769230768 0.0985576923076923
2 0.6105769230769231 0.8461538461538461 0.009615384615384616 0.06129807692307692
2 0.6634615384615384 0.8449519230769231 0.015625 0.046875
2 0.6778846153846154 0.8581730769230769 0.025240384615384616 0.08052884615384616
2 0.6947115384615384 0.8485576923076923 0.018028846153846152 0.04807692307692308
2 0.7055288461538461 0.84375 0.014423076923076924 0.056490384615384616
2 0.7259615384615384 0.8497596153846154 0.014423076923076924 0.0625
2 0.75 0.8401442307692307 0.007211538461538462 0.02403846153846154
2 0.7560096153846154 0.8341346153846154 0.004807692307692308 0.016826923076923076
2 0.7608173076923077 0.8341346153846154 0.006009615384615385 0.016826923076923076
2 0.7704326923076923 0.8353365384615384 0.004807692307692308 0.021634615384615384
2 0.7848557692307693 0.8581730769230769 0.019230769230769232 0.06490384615384616
2 0.8016826923076923 0.859375 0.019230769230769232 0.06610576923076923
2 0.8317307692307693 0.859375 0.015625 0.06971153846153846