2 0.7067307692307693 0.4891826923076923 0.14302884615384615 0.28966346153846156
2 0.13822115384615385 0.7668269230769231 0.2764423076923077 0.4639423076923077
2 0.16105769230769232 0.4735576923076923 0.11778846153846154 0.19831730769230768
2 0.30288461538461536 0.6490384615384616 0.13942307692307693 0.3161057692307692
2 0.4567307692307692 0.7932692307692307 0.37259615384615385 0.41225961538461536
2 0.3581730769230769 0.4795673076923077 0.13221153846153846 0.23197115384615385
2 0.5240384615384616 0.4723557692307692 0.16466346153846154 0.21033653846153846
2 0.6105769230769231 0.7319711538461539 0.2704326923076923 0.4050480769230769
2 0.8617788461538461 0.7139423076923077 0.27403846153846156 0.5132211538461539
2 0.8425480769230769 0.8713942307692307 0.17908653846153846 0.25600961538461536
2 0.8413461538461539 0.49038461538461536 0.10817307692307693 0.23197115384615385