2 0.4495192307692308 0.6478365384615384 0.051682692307692304 0.21995192307692307
2 0.03485576923076923 0.8557692307692307 0.06971153846153846 0.28365384615384615
2 0.01201923076923077 0.49759615384615385 0.018028846153846152 0.1622596153846154
2 0.027644230769230768 0.5228365384615384 0.021634615384615384 0.15384615384615385
2 0.056490384615384616 0.47475961538461536 0.03125 0.17067307692307693
2 0.07572115384615384 0.4050480769230769 0.027644230769230768 0.11899038461538461
2 0.16346153846153846 0.7151442307692307 0.0673076923076923 0.28125
2 0.19591346153846154 0.546875 0.039663461538461536 0.19591346153846154
2 0.23557692307692307 0.5192307692307693 0.03485576923076923 0.15504807692307693
2 0.25841346153846156 0.6911057692307693 0.07211538461538461 0.2403846153846154
2 0.23918269230769232 0.5036057692307693 0.02283653846153846 0.13701923076923078
2 0.2644230769230769 0.5036057692307693 0.028846153846153848 0.17427884615384615
2 0.28966346153846156 0.5985576923076923 0.03245192307692308 0.2091346153846154
2 0.3233173076923077 0.5973557692307693 0.04927884615384615 0.234375
2 0.35096153846153844 0.5637019230769231 0.04326923076923077 0.21514423076923078
2 0.5228365384615384 0.59375 0.04567307692307692 0.2439903846153846
2 0.5853365384615384 0.6394230769230769 0.06129807692307692 0.2548076923076923
2 0.5793269230769231 0.5276442307692307 0.04326923076923077 0.10336538461538461
2 0.6141826923076923 0.5829326923076923 0.04326923076923077 0.20673076923076922
2 0.6454326923076923 0.5949519230769231 0.036057692307692304 0.19591346153846154
2 0.6959134615384616 0.5625 0.036057692307692304 0.2548076923076923
2 0.9411057692307693 0.6394230769230769 0.08533653846153846 0.26322115384615385