2 0.13341346153846154 0.7367788461538461 0.12139423076923077 0.18028846153846154
2 0.02283653846153846 0.7463942307692307 0.04567307692307692 0.19951923076923078
2 0.29447115384615385 0.6610576923076923 0.025240384615384616 0.04567307692307692
2 0.38221153846153844 0.6754807692307693 0.03365384615384615 0.06009615384615385
2 0.41346153846153844 0.6310096153846154 0.01201923076923077 0.016826923076923076
2 0.43990384615384615 0.6322115384615384 0.006009615384615385 0.018028846153846152
2 0.4963942307692308 0.6286057692307693 0.010817307692307692 0.01201923076923077
2 0.5372596153846154 0.6274038461538461 0.010817307692307692 0.009615384615384616
2 0.578125 0.6358173076923077 0.010817307692307692 0.02403846153846154
2 0.5925480769230769 0.6418269230769231 0.018028846153846152 0.027644230769230768
2 0.6454326923076923 0.6466346153846154 0.010817307692307692 0.025240384615384616
2 0.6586538461538461 0.6502403846153846 0.015625 0.03485576923076923
2 0.7596153846153846 0.671875 0.03365384615384615 0.06009615384615385
2 0.8918269230769231 0.6838942307692307 0.04567307692307692 0.07692307692307693