2 0.026442307692307692 0.5709134615384616 0.052884615384615384 0.13822115384615385
2 0.057692307692307696 0.4891826923076923 0.09615384615384616 0.08173076923076923
2 0.15504807692307693 0.6466346153846154 0.25841346153846156 0.2800480769230769
2 0.09735576923076923 0.4495192307692308 0.08413461538461539 0.07932692307692307
2 0.12620192307692307 0.43149038461538464 0.06610576923076923 0.10096153846153846
2 0.20552884615384615 0.49759615384615385 0.14423076923076922 0.1502403846153846
2 0.2764423076923077 0.9759615384615384 0.25 0.04567307692307692
2 0.2920673076923077 0.6129807692307693 0.1346153846153846 0.2668269230769231
2 0.3245192307692308 0.4699519230769231 0.051682692307692304 0.051682692307692304
2 0.41225961538461536 0.5889423076923077 0.203125 0.27884615384615385
2 0.37259615384615385 0.4639423076923077 0.06129807692307692 0.06971153846153846
2 0.49158653846153844 0.5048076923076923 0.12379807692307693 0.16105769230769232
2 0.5709134615384616 0.6442307692307693 0.078125 0.2644230769230769