2 0.014423076923076924 0.3233173076923077 0.028846153846153848 0.4230769230769231
2 0.10697115384615384 0.34134615384615385 0.12259615384615384 0.484375
2 0.21995192307692307 0.2704326923076923 0.25600961538461536 0.4723557692307692
2 0.28725961538461536 0.15504807692307693 0.04807692307692308 0.125
2 0.34615384615384615 0.29447115384615385 0.0985576923076923 0.4074519230769231
2 0.4579326923076923 0.4891826923076923 0.21634615384615385 0.8293269230769231
2 0.5745192307692307 0.5540865384615384 0.39903846153846156 0.8894230769230769
2 0.4543269230769231 0.22355769230769232 0.15625 0.3641826923076923
2 0.5637019230769231 0.0829326923076923 0.08052884615384616 0.11057692307692307
2 0.7740384615384616 0.5372596153846154 0.4495192307692308 0.9242788461538461
2 0.6838942307692307 0.17307692307692307 0.11778846153846154 0.2283653846153846
2 0.7367788461538461 0.19951923076923078 0.08774038461538461 0.18870192307692307
2 0.875 0.05889423076923077 0.05048076923076923 0.02403846153846154
2 0.9747596153846154 0.18870192307692307 0.04567307692307692 0.37740384615384615