2 0.5420673076923077 0.2848557692307692 0.21754807692307693 0.4483173076923077
2 0.109375 0.3918269230769231 0.1310096153846154 0.20552884615384615
2 0.16947115384615385 0.31009615384615385 0.0985576923076923 0.25
2 0.23076923076923078 0.15144230769230768 0.037259615384615384 0.08052884615384616
2 0.26322115384615385 0.15384615384615385 0.037259615384615384 0.07692307692307693
2 0.3641826923076923 0.1658653846153846 0.051682692307692304 0.24639423076923078
2 0.38461538461538464 0.14302884615384615 0.025240384615384616 0.07451923076923077
2 0.43509615384615385 0.1466346153846154 0.02283653846153846 0.06971153846153846
2 0.4543269230769231 0.11538461538461539 0.030048076923076924 0.1466346153846154
2 0.47115384615384615 0.13701923076923078 0.025240384615384616 0.10576923076923077
2 0.8173076923076923 0.25 0.0673076923076923 0.265625
2 0.9002403846153846 0.30528846153846156 0.12259615384615384 0.4483173076923077
2 0.9591346153846154 0.6802884615384616 0.08052884615384616 0.5841346153846154
2 0.9591346153846154 0.2283653846153846 0.0625 0.2644230769230769
2 0.9747596153846154 0.22956730769230768 0.04807692307692308 0.34375