2 0.5 0.17307692307692307 0.9987980769230769 0.3449519230769231
2 0.16947115384615385 0.5036057692307693 0.0673076923076923 0.2932692307692308
2 0.20552884615384615 0.6814903846153846 0.09495192307692307 0.25240384615384615
2 0.22956730769230768 0.47475961538461536 0.0733173076923077 0.3125
2 0.28365384615384615 0.7680288461538461 0.09615384615384616 0.3245192307692308
2 0.27163461538461536 0.4891826923076923 0.06009615384615385 0.31009615384615385
2 0.31971153846153844 0.5180288461538461 0.04927884615384615 0.28846153846153844
2 0.38100961538461536 0.4387019230769231 0.09615384615384616 0.20673076923076922
2 0.42427884615384615 0.5036057692307693 0.11658653846153846 0.2800480769230769
2 0.5661057692307693 0.53125 0.0829326923076923 0.24158653846153846
2 0.6213942307692307 0.5228365384615384 0.09495192307692307 0.25
2 0.7175480769230769 0.5108173076923077 0.13341346153846154 0.25961538461538464
2 0.7019230769230769 0.5661057692307693 0.07692307692307693 0.28365384615384615
2 0.8064903846153846 0.48677884615384615 0.12139423076923077 0.25961538461538464
2 0.8653846153846154 0.36778846153846156 0.06850961538461539 0.09375
2 0.9098557692307693 0.45913461538461536 0.05048076923076923 0.1045673076923077
2 0.9447115384615384 0.5649038461538461 0.06009615384615385 0.27283653846153844