2 0.8413461538461539 0.4543269230769231 0.09014423076923077 0.3786057692307692
2 0.055288461538461536 0.46634615384615385 0.11057692307692307 0.71875
2 0.09375 0.46153846153846156 0.11298076923076923 0.6682692307692307
2 0.19471153846153846 0.4735576923076923 0.07451923076923077 0.5420673076923077
2 0.24158653846153846 0.6274038461538461 0.10576923076923077 0.6923076923076923
2 0.375 0.6490384615384616 0.21634615384615385 0.6995192307692307
2 0.35096153846153844 0.2692307692307692 0.0625 0.15985576923076922
2 0.4735576923076923 0.3425480769230769 0.09134615384615384 0.2776442307692308
2 0.5 0.5805288461538461 0.09254807692307693 0.3425480769230769
2 0.5492788461538461 0.6694711538461539 0.12620192307692307 0.515625
2 0.6033653846153846 0.47716346153846156 0.11177884615384616 0.6286057692307693
2 0.6802884615384616 0.5576923076923077 0.11177884615384616 0.3473557692307692
2 0.6923076923076923 0.30408653846153844 0.078125 0.16706730769230768
2 0.7463942307692307 0.5228365384615384 0.06490384615384616 0.30528846153846156
2 0.9158653846153846 0.47475961538461536 0.06971153846153846 0.3317307692307692
2 0.9579326923076923 0.29447115384615385 0.05889423076923077 0.1466346153846154
2 0.96875 0.4951923076923077 0.06009615384615385 0.2848557692307692