2 0.2764423076923077 0.5192307692307693 0.06850961538461539 0.24879807692307693
2 0.08052884615384616 0.47716346153846156 0.056490384615384616 0.17427884615384615
2 0.11658653846153846 0.47836538461538464 0.04807692307692308 0.171875
2 0.5673076923076923 0.6009615384615384 0.8641826923076923 0.5733173076923077
2 0.17307692307692307 0.5216346153846154 0.039663461538461536 0.07932692307692307
2 0.17427884615384615 0.43990384615384615 0.040865384615384616 0.06610576923076923
2 0.2091346153846154 0.4855769230769231 0.036057692307692304 0.10336538461538461
2 0.2283653846153846 0.5012019230769231 0.056490384615384616 0.25841346153846156
2 0.328125 0.4891826923076923 0.038461538461538464 0.16706730769230768
2 0.3605769230769231 0.5324519230769231 0.08653846153846154 0.2704326923076923
2 0.43509615384615385 0.5288461538461539 0.171875 0.42788461538461536
2 0.4951923076923077 0.49399038461538464 0.037259615384615384 0.09975961538461539
2 0.53125 0.5480769230769231 0.06850961538461539 0.21153846153846154
2 0.59375 0.5612980769230769 0.1346153846153846 0.3786057692307692
2 0.7716346153846154 0.6033653846153846 0.2824519230769231 0.5180288461538461
2 0.8942307692307693 0.5913461538461539 0.1201923076923077 0.38461538461538464
2 0.9627403846153846 0.6850961538461539 0.06971153846153846 0.36538461538461536