2 0.09735576923076923 0.7788461538461539 0.055288461538461536 0.21754807692307693
2 0.09975961538461539 0.6730769230769231 0.056490384615384616 0.14302884615384615
2 0.12860576923076922 0.46875 0.040865384615384616 0.11899038461538461
2 0.2283653846153846 0.6009615384615384 0.07211538461538461 0.17668269230769232
2 0.26322115384615385 0.6862980769230769 0.037259615384615384 0.17548076923076922
2 0.3016826923076923 0.8509615384615384 0.06610576923076923 0.2283653846153846
2 0.30649038461538464 0.7307692307692307 0.04567307692307692 0.18028846153846154
2 0.39663461538461536 0.6766826923076923 0.056490384615384616 0.1935096153846154
2 0.390625 0.5264423076923077 0.03485576923076923 0.1201923076923077
2 0.42908653846153844 0.5384615384615384 0.02283653846153846 0.13822115384615385
2 0.5108173076923077 0.5853365384615384 0.039663461538461536 0.17548076923076922
2 0.5504807692307693 0.7512019230769231 0.052884615384615384 0.21514423076923078
2 0.9375 0.90625 0.05889423076923077 0.18629807692307693
2 0.9567307692307693 0.828125 0.07211538461538461 0.15144230769230768
2 0.96875 0.3762019230769231 0.037259615384615384 0.13221153846153846