2 0.140625 0.671875 0.056490384615384616 0.15625
2 0.12139423076923077 0.28365384615384615 0.025240384615384616 0.04807692307692308
2 0.18028846153846154 0.28125 0.03125 0.055288461538461536
2 0.20072115384615385 0.28966346153846156 0.042067307692307696 0.04807692307692308
2 0.24278846153846154 0.28365384615384615 0.030048076923076924 0.046875
2 0.2620192307692308 0.2860576923076923 0.026442307692307692 0.055288461538461536
2 0.3016826923076923 0.6478365384615384 0.04447115384615385 0.14543269230769232
2 0.38221153846153844 0.28846153846153844 0.03245192307692308 0.04326923076923077
2 0.38100961538461536 0.27163461538461536 0.01201923076923077 0.028846153846153848
2 0.41466346153846156 0.28125 0.027644230769230768 0.052884615384615384
2 0.43509615384615385 0.2860576923076923 0.020432692307692308 0.04807692307692308
2 0.4735576923076923 0.6322115384615384 0.051682692307692304 0.12139423076923077
2 0.47716346153846156 0.28966346153846156 0.028846153846153848 0.03485576923076923
2 0.4891826923076923 0.24639423076923078 0.025240384615384616 0.051682692307692304
2 0.5829326923076923 0.6310096153846154 0.04567307692307692 0.13581730769230768
2 0.6466346153846154 0.29447115384615385 0.025240384615384616 0.04326923076923077
2 0.65625 0.2536057692307692 0.028846153846153848 0.08774038461538461
2 0.6850961538461539 0.29927884615384615 0.030048076923076924 0.028846153846153848
2 0.71875 0.2536057692307692 0.042067307692307696 0.056490384615384616
2 0.7524038461538461 0.296875 0.03245192307692308 0.039663461538461536
2 0.8834134615384616 0.3016826923076923 0.03365384615384615 0.042067307692307696
2 0.921875 0.296875 0.04927884615384615 0.05048076923076923
2 0.9206730769230769 0.5348557692307693 0.036057692307692304 0.12620192307692307
2 0.9723557692307693 0.29927884615384615 0.030048076923076924 0.04447115384615385