2 0.3786057692307692 0.7644230769230769 0.042067307692307696 0.46153846153846156
2 0.009615384615384616 0.5817307692307693 0.019230769230769232 0.22355769230769232
2 0.028846153846153848 0.5973557692307693 0.026442307692307692 0.2091346153846154
2 0.05889423076923077 0.6466346153846154 0.042067307692307696 0.36177884615384615
2 0.10697115384615384 0.5949519230769231 0.030048076923076924 0.2668269230769231
2 0.16466346153846154 0.6322115384615384 0.028846153846153848 0.28966346153846156
2 0.20432692307692307 0.6742788461538461 0.040865384615384616 0.24519230769230768
2 0.2403846153846154 0.5805288461538461 0.03245192307692308 0.1502403846153846
2 0.25961538461538464 0.6514423076923077 0.02403846153846154 0.2512019230769231
2 0.2800480769230769 0.49759615384615385 0.021634615384615384 0.06370192307692307
2 0.2920673076923077 0.6009615384615384 0.03125 0.11658653846153846
2 0.3137019230769231 0.5024038461538461 0.019230769230769232 0.0733173076923077
2 0.3557692307692308 0.6766826923076923 0.038461538461538464 0.43028846153846156
2 0.4338942307692308 0.7524038461538461 0.056490384615384616 0.4110576923076923
2 0.47115384615384615 0.6826923076923077 0.05048076923076923 0.2800480769230769
2 0.5204326923076923 0.6538461538461539 0.028846153846153848 0.21153846153846154
2 0.5733173076923077 0.6682692307692307 0.039663461538461536 0.2848557692307692
2 0.6033653846153846 0.41586538461538464 0.021634615384615384 0.09975961538461539
2 0.6105769230769231 0.5949519230769231 0.02283653846153846 0.12139423076923077
2 0.6658653846153846 0.6598557692307693 0.06009615384615385 0.24278846153846154
2 0.7427884615384616 0.6418269230769231 0.04567307692307692 0.21634615384615385
2 0.7884615384615384 0.6237980769230769 0.040865384615384616 0.23677884615384615
2 0.8353365384615384 0.5793269230769231 0.021634615384615384 0.14302884615384615
2 0.8701923076923077 0.49158653846153844 0.030048076923076924 0.20552884615384615
2 0.9326923076923077 0.4338942307692308 0.03125 0.10817307692307693
2 0.9555288461538461 0.4362980769230769 0.021634615384615384 0.11298076923076923