2 0.08774038461538461 0.7091346153846154 0.06850961538461539 0.2956730769230769
2 0.3317307692307692 0.5408653846153846 0.037259615384615384 0.15144230769230768
2 0.39783653846153844 0.5528846153846154 0.037259615384615384 0.19110576923076922
2 0.41947115384615385 0.6213942307692307 0.06370192307692307 0.23557692307692307
2 0.4807692307692308 0.53125 0.026442307692307692 0.12980769230769232
2 0.4963942307692308 0.6550480769230769 0.04447115384615385 0.25600961538461536
2 0.4951923076923077 0.5276442307692307 0.03485576923076923 0.10216346153846154
2 0.5384615384615384 0.5384615384615384 0.03485576923076923 0.12980769230769232
2 0.6778846153846154 0.6105769230769231 0.037259615384615384 0.19831730769230768
2 0.7007211538461539 0.5600961538461539 0.03485576923076923 0.16947115384615385
2 0.7211538461538461 0.35697115384615385 0.040865384615384616 0.16105769230769232
2 0.7896634615384616 0.7127403846153846 0.07091346153846154 0.29927884615384615