2 0.25240384615384615 0.16466346153846154 0.5048076923076923 0.3293269230769231
2 0.051682692307692304 0.34134615384615385 0.036057692307692304 0.1814903846153846
2 0.2283653846153846 0.3233173076923077 0.03365384615384615 0.19471153846153846
2 0.3557692307692308 0.3161057692307692 0.038461538461538464 0.21394230769230768
2 0.4735576923076923 0.4326923076923077 0.040865384615384616 0.27524038461538464
2 0.5336538461538461 0.35697115384615385 0.025240384615384616 0.15144230769230768
2 0.5625 0.5408653846153846 0.055288461538461536 0.18870192307692307
2 0.7680288461538461 0.08052884615384616 0.46274038461538464 0.15985576923076922
2 0.6418269230769231 0.53125 0.056490384615384616 0.18870192307692307
2 0.6670673076923077 0.29927884615384615 0.037259615384615384 0.18629807692307693
2 0.7175480769230769 0.39663461538461536 0.040865384615384616 0.22115384615384615
2 0.71875 0.2764423076923077 0.038461538461538464 0.15264423076923078
2 0.8701923076923077 0.29927884615384615 0.042067307692307696 0.20432692307692307
2 0.9783653846153846 0.3233173076923077 0.038461538461538464 0.20432692307692307