2 0.13942307692307693 0.6682692307692307 0.07692307692307693 0.12139423076923077
2 0.02283653846153846 0.8701923076923077 0.04567307692307692 0.2548076923076923
2 0.12620192307692307 0.9194711538461539 0.15745192307692307 0.15865384615384615
2 0.15384615384615385 0.8846153846153846 0.10216346153846154 0.1935096153846154
2 0.27524038461538464 0.7716346153846154 0.03245192307692308 0.08413461538461539
2 0.31009615384615385 0.7512019230769231 0.016826923076923076 0.03485576923076923
2 0.32572115384615385 0.7512019230769231 0.03125 0.04807692307692308
2 0.41466346153846156 0.9242788461538461 0.18870192307692307 0.14302884615384615
2 0.3473557692307692 0.7475961538461539 0.018028846153846152 0.03365384615384615
2 0.38461538461538464 0.6838942307692307 0.057692307692307696 0.15144230769230768
2 0.37259615384615385 0.7439903846153846 0.019230769230769232 0.03365384615384615
2 0.4423076923076923 0.71875 0.056490384615384616 0.15504807692307693
2 0.47716346153846156 0.7079326923076923 0.038461538461538464 0.17548076923076922
2 0.5120192307692307 0.6995192307692307 0.040865384615384616 0.15504807692307693
2 0.5649038461538461 0.8762019230769231 0.11057692307692307 0.24519230769230768
2 0.9723557692307693 0.9771634615384616 0.051682692307692304 0.04326923076923077
2 0.9867788461538461 0.9579326923076923 0.025240384615384616 0.06129807692307692