2 0.13221153846153846 0.7740384615384616 0.1045673076923077 0.16466346153846154
2 0.15384615384615385 0.5252403846153846 0.042067307692307696 0.0829326923076923
2 0.20072115384615385 0.7307692307692307 0.08774038461538461 0.203125
2 0.19831730769230768 0.5697115384615384 0.05048076923076923 0.14543269230769232
2 0.28966346153846156 0.6165865384615384 0.03485576923076923 0.17427884615384615
2 0.43509615384615385 0.5024038461538461 0.037259615384615384 0.10576923076923077
2 0.47115384615384615 0.2512019230769231 0.040865384615384616 0.08774038461538461
2 0.49158653846153844 0.5048076923076923 0.054086538461538464 0.12379807692307693
2 0.5252403846153846 0.2692307692307692 0.037259615384615384 0.0829326923076923
2 0.5528846153846154 0.4855769230769231 0.040865384615384616 0.13221153846153846
2 0.5685096153846154 0.2644230769230769 0.04567307692307692 0.09495192307692307
2 0.5973557692307693 0.4855769230769231 0.03125 0.13581730769230768
2 0.6213942307692307 0.2512019230769231 0.052884615384615384 0.11778846153846154
2 0.7451923076923077 0.5324519230769231 0.042067307692307696 0.09014423076923077
2 0.8112980769230769 0.5228365384615384 0.037259615384615384 0.1310096153846154
2 0.8894230769230769 0.5216346153846154 0.04447115384615385 0.12860576923076922