2 0.5552884615384616 0.27884615384615385 0.0673076923076923 0.2127403846153846
2 0.02283653846153846 0.33774038461538464 0.04567307692307692 0.08533653846153846
2 0.038461538461538464 0.3786057692307692 0.07692307692307693 0.12259615384615384
2 0.10576923076923077 0.43509615384615385 0.14182692307692307 0.22716346153846154
2 0.234375 0.32211538461538464 0.04807692307692308 0.07692307692307693
2 0.265625 0.34615384615384615 0.07451923076923077 0.11778846153846154
2 0.33052884615384615 0.3137019230769231 0.052884615384615384 0.09134615384615384
2 0.39663461538461536 0.3581730769230769 0.12980769230769232 0.3870192307692308
2 0.4879807692307692 0.6802884615384616 0.28966346153846156 0.6382211538461539
2 0.47115384615384615 0.3125 0.025240384615384616 0.07572115384615384
2 0.640625 0.3605769230769231 0.06850961538461539 0.0829326923076923
2 0.6430288461538461 0.30528846153846156 0.04567307692307692 0.05889423076923077
2 0.8413461538461539 0.33052884615384615 0.05048076923076923 0.09375
2 0.8509615384615384 0.2800480769230769 0.03485576923076923 0.11778846153846154
2 0.8882211538461539 0.3858173076923077 0.04567307692307692 0.18028846153846154
2 0.9254807692307693 0.39903846153846156 0.0889423076923077 0.19471153846153846
2 0.9819711538461539 0.36177884615384615 0.03485576923076923 0.14302884615384615