2 0.5036057692307693 0.6754807692307693 0.06129807692307692 0.2668269230769231
2 0.14302884615384615 0.8930288461538461 0.2860576923076923 0.21033653846153846
2 0.16346153846153846 0.6514423076923077 0.06129807692307692 0.1814903846153846
2 0.28725961538461536 0.6682692307692307 0.0889423076923077 0.2620192307692308
2 0.3629807692307692 0.8942307692307693 0.125 0.20673076923076922
2 0.3545673076923077 0.6634615384615384 0.05048076923076923 0.2608173076923077
2 0.5805288461538461 0.6766826923076923 0.0829326923076923 0.2620192307692308
2 0.6430288461538461 0.65625 0.0889423076923077 0.3161057692307692
2 0.7307692307692307 0.59375 0.07211538461538461 0.2704326923076923
2 0.7860576923076923 0.6502403846153846 0.09975961538461539 0.33774038461538464
2 0.8401442307692307 0.9747596153846154 0.0733173076923077 0.04567307692307692
2 0.8990384615384616 0.6442307692307693 0.09254807692307693 0.3894230769230769
2 0.9411057692307693 0.9146634615384616 0.1141826923076923 0.16706730769230768