2 0.06490384615384616 0.21995192307692307 0.12980769230769232 0.3389423076923077
2 0.07451923076923077 0.8197115384615384 0.14903846153846154 0.3581730769230769
2 0.12379807692307693 0.21033653846153846 0.1466346153846154 0.31009615384615385
2 0.2704326923076923 0.7379807692307693 0.28125 0.5228365384615384
2 0.23798076923076922 0.17307692307692307 0.14543269230769232 0.31490384615384615
2 0.3737980769230769 0.7283653846153846 0.21153846153846154 0.5420673076923077
2 0.4735576923076923 0.6742788461538461 0.18028846153846154 0.5336538461538461
2 0.5300480769230769 0.5961538461538461 0.21033653846153846 0.46153846153846156
2 0.6129807692307693 0.5168269230769231 0.18509615384615385 0.4891826923076923
2 0.6923076923076923 0.4375 0.16466346153846154 0.4423076923076923
2 0.7584134615384616 0.3942307692307692 0.17668269230769232 0.4387019230769231
2 0.8365384615384616 0.33653846153846156 0.17908653846153846 0.4098557692307692
2 0.9074519230769231 0.2608173076923077 0.1658653846153846 0.33774038461538464
2 0.9387019230769231 0.2091346153846154 0.12139423076923077 0.34615384615384615