2 0.10216346153846154 0.7415865384615384 0.20432692307692307 0.49278846153846156
2 0.0625 0.5552884615384616 0.02403846153846154 0.11057692307692307
2 0.23677884615384615 0.8557692307692307 0.1622596153846154 0.2848557692307692
2 0.21754807692307693 0.65625 0.015625 0.11538461538461539
2 0.2704326923076923 0.6766826923076923 0.030048076923076924 0.13221153846153846
2 0.31850961538461536 0.6274038461538461 0.02283653846153846 0.052884615384615384
2 0.4110576923076923 0.6286057692307693 0.03125 0.03485576923076923
2 0.4411057692307692 0.3269230769230769 0.030048076923076924 0.05889423076923077
2 0.515625 0.32572115384615385 0.03485576923076923 0.04807692307692308
2 0.5961538461538461 0.32572115384615385 0.025240384615384616 0.056490384615384616
2 0.6622596153846154 0.8942307692307693 0.06850961538461539 0.20793269230769232
2 0.6442307692307693 0.33413461538461536 0.025240384615384616 0.06610576923076923
2 0.6911057692307693 0.6129807692307693 0.030048076923076924 0.0733173076923077
2 0.6995192307692307 0.6382211538461539 0.021634615384615384 0.03245192307692308
2 0.7355769230769231 0.6322115384615384 0.02403846153846154 0.04807692307692308
2 0.8713942307692307 0.8197115384615384 0.23076923076923078 0.35697115384615385
2 0.7824519230769231 0.609375 0.028846153846153848 0.07091346153846154
2 0.8569711538461539 0.4338942307692308 0.02403846153846154 0.12139423076923077
2 0.8894230769230769 0.5276442307692307 0.03365384615384615 0.14302884615384615
2 0.9555288461538461 0.6947115384615384 0.03485576923076923 0.15264423076923078
2 0.9723557692307693 0.5372596153846154 0.026442307692307692 0.09014423076923077