2 0.6177884615384616 0.22716346153846154 0.06370192307692307 0.2644230769230769
2 0.055288461538461536 0.1935096153846154 0.08533653846153846 0.27283653846153844
2 0.12139423076923077 0.14302884615384615 0.08413461538461539 0.24278846153846154
2 0.16826923076923078 0.038461538461538464 0.03485576923076923 0.0733173076923077
2 0.24158653846153846 0.078125 0.03485576923076923 0.12980769230769232
2 0.2848557692307692 0.1971153846153846 0.04807692307692308 0.23557692307692307
2 0.31971153846153844 0.20192307692307693 0.09254807692307693 0.2536057692307692
2 0.36899038461538464 0.23798076923076922 0.04807692307692308 0.2932692307692308
2 0.5528846153846154 0.17548076923076922 0.06610576923076923 0.20793269230769232
2 0.6899038461538461 0.20793269230769232 0.06009615384615385 0.22355769230769232
2 0.9603365384615384 0.43149038461538464 0.07692307692307693 0.40024038461538464