2 0.19471153846153846 0.7992788461538461 0.3894230769230769 0.39783653846153844
2 0.1658653846153846 0.7067307692307693 0.21634615384615385 0.35096153846153844
2 0.20072115384615385 0.4230769230769231 0.052884615384615384 0.06610576923076923
2 0.33533653846153844 0.5072115384615384 0.20673076923076922 0.3762019230769231
2 0.27524038461538464 0.31850961538461536 0.04927884615384615 0.07932692307692307
2 0.41586538461538464 0.41586538461538464 0.10336538461538461 0.23317307692307693
2 0.5144230769230769 0.36899038461538464 0.14783653846153846 0.6274038461538461
2 0.6153846153846154 0.36778846153846156 0.16826923076923078 0.23677884615384615
2 0.6394230769230769 0.46634615384615385 0.17668269230769232 0.23918269230769232
2 0.6911057692307693 0.7415865384615384 0.25721153846153844 0.4519230769230769
2 0.6262019230769231 0.3161057692307692 0.04567307692307692 0.042067307692307696
2 0.6694711538461539 0.3088942307692308 0.026442307692307692 0.04807692307692308
2 0.7800480769230769 0.41586538461538464 0.07211538461538461 0.16706730769230768
2 0.8810096153846154 0.7043269230769231 0.1778846153846154 0.2932692307692308