2 0.007211538461538462 0.5625 0.014423076923076924 0.10817307692307693
2 0.020432692307692308 0.5600961538461539 0.02283653846153846 0.09735576923076923
2 0.03365384615384615 0.5625 0.008413461538461538 0.07932692307692307
2 0.04447115384615385 0.5600961538461539 0.018028846153846152 0.08413461538461539
2 0.06009615384615385 0.5432692307692307 0.01201923076923077 0.03245192307692308
2 0.06850961538461539 0.5625 0.010817307692307692 0.08413461538461539
2 0.09495192307692307 0.5709134615384616 0.01201923076923077 0.08052884615384616
2 0.109375 0.5757211538461539 0.02403846153846154 0.12740384615384615
2 0.140625 0.5612980769230769 0.016826923076923076 0.07932692307692307
2 0.15745192307692307 0.5637019230769231 0.01201923076923077 0.08052884615384616
2 0.21394230769230768 0.5649038461538461 0.10336538461538461 0.12740384615384615
2 0.49158653846153844 0.4254807692307692 0.11778846153846154 0.16105769230769232
2 0.4879807692307692 0.3581730769230769 0.06610576923076923 0.109375
2 0.8641826923076923 0.5336538461538461 0.2704326923076923 0.04927884615384615