2 0.056490384615384616 0.5264423076923077 0.06129807692307692 0.2668269230769231
2 0.10576923076923077 0.5216346153846154 0.06009615384615385 0.27403846153846156
2 0.1658653846153846 0.5408653846153846 0.07572115384615384 0.2704326923076923
2 0.23918269230769232 0.53125 0.08173076923076923 0.34615384615384615
2 0.3004807692307692 0.5336538461538461 0.06009615384615385 0.3112980769230769
2 0.3870192307692308 0.515625 0.09014423076923077 0.38221153846153844
2 0.45072115384615385 0.5276442307692307 0.06129807692307692 0.3233173076923077
2 0.5 0.5120192307692307 0.040865384615384616 0.2848557692307692
2 0.546875 0.5180288461538461 0.078125 0.34975961538461536
2 0.5985576923076923 0.5192307692307693 0.07692307692307693 0.32091346153846156
2 0.6286057692307693 0.5072115384615384 0.038461538461538464 0.26802884615384615
2 0.6802884615384616 0.5216346153846154 0.0673076923076923 0.3329326923076923
2 0.7199519230769231 0.5264423076923077 0.04807692307692308 0.29086538461538464
2 0.7956730769230769 0.5180288461538461 0.10216346153846154 0.39663461538461536
2 0.8413461538461539 0.515625 0.07932692307692307 0.3401442307692308
2 0.9098557692307693 0.49399038461538464 0.028846153846153848 0.15264423076923078
2 0.9362980769230769 0.4963942307692308 0.02403846153846154 0.1466346153846154