2 0.21875 0.4579326923076923 0.16105769230769232 0.19230769230769232
2 0.3293269230769231 0.40625 0.05889423076923077 0.19230769230769232
2 0.3894230769230769 0.41466346153846156 0.055288461538461536 0.21634615384615385
2 0.40384615384615385 0.4387019230769231 0.036057692307692304 0.15384615384615385
2 0.5420673076923077 0.34975961538461536 0.042067307692307696 0.1622596153846154
2 0.5721153846153846 0.34615384615384615 0.028846153846153848 0.15865384615384615
2 0.59375 0.30649038461538464 0.05889423076923077 0.11899038461538461
2 0.5913461538461539 0.3629807692307692 0.04326923076923077 0.14543269230769232
2 0.609375 0.37740384615384615 0.02403846153846154 0.14783653846153846
2 0.6550480769230769 0.33052884615384615 0.03245192307692308 0.11778846153846154
2 0.671875 0.28966346153846156 0.02283653846153846 0.06370192307692307
2 0.6935096153846154 0.3329326923076923 0.04447115384615385 0.12259615384615384
2 0.7608173076923077 0.30649038461538464 0.046875 0.11298076923076923
2 0.7944711538461539 0.3112980769230769 0.054086538461538464 0.10216346153846154
2 0.828125 0.3137019230769231 0.03125 0.1201923076923077
2 0.9387019230769231 0.30288461538461536 0.042067307692307696 0.11778846153846154