2 0.7992788461538461 0.6310096153846154 0.1466346153846154 0.4266826923076923
2 0.051682692307692304 0.5516826923076923 0.10336538461538461 0.27163461538461536
2 0.20552884615384615 0.5024038461538461 0.06370192307692307 0.0889423076923077
2 0.27163461538461536 0.4543269230769231 0.05048076923076923 0.06370192307692307
2 0.32211538461538464 0.47115384615384615 0.02403846153846154 0.027644230769230768
2 0.32091346153846156 0.4675480769230769 0.01201923076923077 0.021634615384615384
2 0.35096153846153844 0.48197115384615385 0.039663461538461536 0.025240384615384616
2 0.38341346153846156 0.4567307692307692 0.009615384615384616 0.037259615384615384
2 0.42427884615384615 0.5288461538461539 0.06490384615384616 0.14423076923076922
2 0.4879807692307692 0.5132211538461539 0.0673076923076923 0.0889423076923077
2 0.6646634615384616 0.5300480769230769 0.08413461538461539 0.15625
2 0.9387019230769231 0.5168269230769231 0.052884615384615384 0.09975961538461539