2 0.1971153846153846 0.6682692307692307 0.04326923076923077 0.12740384615384615
2 0.24759615384615385 0.6682692307692307 0.04326923076923077 0.1875
2 0.328125 0.6802884615384616 0.04927884615384615 0.19831730769230768
2 0.3557692307692308 0.6622596153846154 0.07451923076923077 0.21394230769230768
2 0.4182692307692308 0.6634615384615384 0.03485576923076923 0.13221153846153846
2 0.4807692307692308 0.6826923076923077 0.04927884615384615 0.1814903846153846
2 0.5096153846153846 0.6730769230769231 0.02403846153846154 0.15865384615384615
2 0.5673076923076923 0.671875 0.028846153846153848 0.1045673076923077
2 0.6598557692307693 0.6754807692307693 0.05048076923076923 0.15745192307692307
2 0.7596153846153846 0.6814903846153846 0.052884615384615384 0.1658653846153846
2 0.8401442307692307 0.6850961538461539 0.05889423076923077 0.15745192307692307
2 0.8990384615384616 0.7103365384615384 0.11057692307692307 0.20072115384615385