2 0.203125 0.7139423076923077 0.06850961538461539 0.3137019230769231
2 0.02403846153846154 0.7944711538461539 0.04807692307692308 0.38341346153846156
2 0.026442307692307692 0.7127403846153846 0.051682692307692304 0.4651442307692308
2 0.056490384615384616 0.6706730769230769 0.06610576923076923 0.41586538461538464
2 0.1141826923076923 0.7295673076923077 0.1141826923076923 0.3954326923076923
2 0.47115384615384615 0.5925480769230769 0.06009615384615385 0.19110576923076922
2 0.6442307692307693 0.5576923076923077 0.051682692307692304 0.1201923076923077
2 0.7115384615384616 0.5721153846153846 0.02283653846153846 0.14423076923076922
2 0.7199519230769231 0.49038461538461536 0.013221153846153846 0.028846153846153848
2 0.7379807692307693 0.5288461538461539 0.02283653846153846 0.1201923076923077
2 0.8137019230769231 0.5228365384615384 0.042067307692307696 0.11057692307692307