2 0.1346153846153846 0.36658653846153844 0.06850961538461539 0.06370192307692307
2 0.12740384615384615 0.3317307692307692 0.027644230769230768 0.02283653846153846
2 0.14543269230769232 0.44350961538461536 0.027644230769230768 0.09615384615384616
2 0.15384615384615385 0.5480769230769231 0.03365384615384615 0.11778846153846154
2 0.16826923076923078 0.32572115384615385 0.03365384615384615 0.027644230769230768
2 0.16706730769230768 0.5276442307692307 0.02403846153846154 0.11177884615384616
2 0.16947115384615385 0.27524038461538464 0.010817307692307692 0.02283653846153846
2 0.1814903846153846 0.5528846153846154 0.03485576923076923 0.11778846153846154
2 0.19951923076923078 0.3942307692307692 0.052884615384615384 0.04447115384615385
2 0.2512019230769231 0.6947115384615384 0.08774038461538461 0.036057692307692304
2 0.2283653846153846 0.28846153846153844 0.039663461538461536 0.04326923076923077
2 0.22355769230769232 0.30288461538461536 0.013221153846153846 0.028846153846153848
2 0.23918269230769232 0.38100961538461536 0.03485576923076923 0.038461538461538464
2 0.24759615384615385 0.46875 0.04567307692307692 0.0673076923076923
2 0.24759615384615385 0.4567307692307692 0.037259615384615384 0.05048076923076923
2 0.27884615384615385 0.7307692307692307 0.0985576923076923 0.09254807692307693
2 0.25240384615384615 0.4026442307692308 0.036057692307692304 0.06129807692307692
2 0.26802884615384615 0.2932692307692308 0.007211538461538462 0.01201923076923077
2 0.27524038461538464 0.33052884615384615 0.019230769230769232 0.02283653846153846
2 0.2848557692307692 0.4519230769230769 0.028846153846153848 0.0625
2 0.31971153846153844 0.39903846153846156 0.09615384615384616 0.11899038461538461
2 0.30288461538461536 0.46634615384615385 0.040865384615384616 0.07932692307692307
2 0.29086538461538464 0.29927884615384615 0.010817307692307692 0.015625
2 0.3112980769230769 0.31971153846153844 0.021634615384615384 0.025240384615384616
2 0.3269230769230769 0.6826923076923077 0.038461538461538464 0.15144230769230768
2 0.3329326923076923 0.32091346153846156 0.018028846153846152 0.040865384615384616
2 0.34975961538461536 0.4543269230769231 0.051682692307692304 0.0673076923076923
2 0.3389423076923077 0.32572115384615385 0.019230769230769232 0.039663461538461536
2 0.3641826923076923 0.6995192307692307 0.039663461538461536 0.14543269230769232
2 0.4026442307692308 0.9146634615384616 0.11177884615384616 0.16826923076923078
2 0.3557692307692308 0.31850961538461536 0.014423076923076924 0.036057692307692304
2 0.37259615384615385 0.35096153846153844 0.030048076923076924 0.039663461538461536
2 0.3918269230769231 0.7235576923076923 0.057692307692307696 0.14783653846153846
2 0.40024038461538464 0.6298076923076923 0.06850961538461539 0.06370192307692307
2 0.40865384615384615 0.4254807692307692 0.078125 0.08774038461538461
2 0.4423076923076923 0.9314903846153846 0.11658653846153846 0.1346153846153846
2 0.41346153846153844 0.7524038461538461 0.055288461538461536 0.14783653846153846
2 0.41346153846153844 0.2932692307692308 0.007211538461538462 0.04807692307692308
2 0.4326923076923077 0.33653846153846156 0.04807692307692308 0.037259615384615384
2 0.43990384615384615 0.3918269230769231 0.02283653846153846 0.039663461538461536
2 0.453125 0.6262019230769231 0.04807692307692308 0.1141826923076923
2 0.4362980769230769 0.28966346153846156 0.004807692307692308 0.03485576923076923
2 0.47596153846153844 0.8377403846153846 0.05889423076923077 0.07211538461538461
2 0.48197115384615385 0.6322115384615384 0.055288461538461536 0.10216346153846154
2 0.5408653846153846 0.8762019230769231 0.08413461538461539 0.10216346153846154
2 0.5096153846153846 0.3581730769230769 0.016826923076923076 0.039663461538461536
2 0.5192307692307693 0.5564903846153846 0.02283653846153846 0.038461538461538464
2 0.5480769230769231 0.78125 0.07572115384615384 0.11057692307692307
2 0.5240384615384616 0.5 0.025240384615384616 0.11298076923076923
2 0.5504807692307693 0.5805288461538461 0.05048076923076923 0.04807692307692308
2 0.5600961538461539 0.9350961538461539 0.06850961538461539 0.06610576923076923
2 0.5504807692307693 0.3858173076923077 0.014423076923076924 0.07451923076923077
2 0.5528846153846154 0.31009615384615385 0.016826923076923076 0.055288461538461536
2 0.5925480769230769 0.8317307692307693 0.06850961538461539 0.18269230769230768
2 0.5793269230769231 0.38221153846153844 0.02403846153846154 0.04927884615384615
2 0.59375 0.6274038461538461 0.04927884615384615 0.0829326923076923
2 0.5889423076923077 0.5096153846153846 0.028846153846153848 0.03245192307692308
2 0.5817307692307693 0.3088942307692308 0.013221153846153846 0.051682692307692304
2 0.5901442307692307 0.5600961538461539 0.020432692307692308 0.018028846153846152
2 0.6201923076923077 0.5733173076923077 0.05889423076923077 0.052884615384615384
2 0.6141826923076923 0.5216346153846154 0.021634615384615384 0.020432692307692308
2 0.6646634615384616 0.5444711538461539 0.04447115384615385 0.07091346153846154
2 0.6899038461538461 0.8064903846153846 0.0733173076923077 0.07692307692307693
2 0.7824519230769231 0.3629807692307692 0.014423076923076924 0.028846153846153848
2 0.7944711538461539 0.39783653846153844 0.02403846153846154 0.08413461538461539
2 0.8509615384615384 0.6935096153846154 0.038461538461538464 0.12379807692307693
2 0.8762019230769231 0.8449519230769231 0.08052884615384616 0.19951923076923078
2 0.9050480769230769 0.6442307692307693 0.038461538461538464 0.10817307692307693
2 0.9314903846153846 0.9543269230769231 0.07451923076923077 0.0889423076923077
2 0.9399038461538461 0.7199519230769231 0.04807692307692308 0.11658653846153846
2 0.9939903846153846 0.5817307692307693 0.010817307692307692 0.055288461538461536