2 0.21394230769230768 0.7331730769230769 0.09134615384615384 0.49158653846153844
2 0.028846153846153848 0.6862980769230769 0.057692307692307696 0.3485576923076923
2 0.328125 0.5673076923076923 0.019230769230769232 0.08413461538461539
2 0.34375 0.5685096153846154 0.02283653846153846 0.09615384615384616
2 0.43149038461538464 0.7584134615384616 0.10697115384615384 0.4807692307692308
2 0.48677884615384615 0.5625 0.036057692307692304 0.07451923076923077
2 0.6153846153846154 0.5649038461538461 0.1935096153846154 0.11899038461538461
2 0.7872596153846154 0.5673076923076923 0.030048076923076924 0.11899038461538461
2 0.8365384615384616 0.5901442307692307 0.039663461538461536 0.08173076923076923
2 0.8497596153846154 0.5432692307692307 0.026442307692307692 0.078125
2 0.9819711538461539 0.5961538461538461 0.03365384615384615 0.20432692307692307