2 0.07451923076923077 0.8209134615384616 0.14903846153846154 0.2283653846153846
2 0.0829326923076923 0.5300480769230769 0.019230769230769232 0.16826923076923078
2 0.171875 0.4723557692307692 0.17548076923076922 0.46153846153846156
2 0.33774038461538464 0.4567307692307692 0.3713942307692308 0.4266826923076923
2 0.35697115384615385 0.3016826923076923 0.09735576923076923 0.1622596153846154
2 0.34975961538461536 0.2536057692307692 0.07932692307692307 0.08173076923076923
2 0.3954326923076923 0.5024038461538461 0.054086538461538464 0.16466346153846154
2 0.49038461538461536 0.5240384615384616 0.15865384615384615 0.27524038461538464
2 0.5697115384615384 0.9290865384615384 0.052884615384615384 0.021634615384615384
2 0.703125 0.8918269230769231 0.12740384615384615 0.10216346153846154
2 0.8629807692307693 0.9182692307692307 0.07692307692307693 0.039663461538461536
2 0.9735576923076923 0.8810096153846154 0.04807692307692308 0.13221153846153846