2 0.054086538461538464 0.6658653846153846 0.10817307692307693 0.27884615384615385
2 0.11778846153846154 0.5793269230769231 0.09615384615384616 0.17908653846153846
2 0.25841346153846156 0.6478365384615384 0.12740384615384615 0.3076923076923077
2 0.3918269230769231 0.4014423076923077 0.04447115384615385 0.19951923076923078
2 0.4338942307692308 0.4110576923076923 0.06129807692307692 0.1875
2 0.4831730769230769 0.59375 0.051682692307692304 0.140625
2 0.53125 0.6490384615384616 0.10817307692307693 0.28365384615384615
2 0.6237980769230769 0.6237980769230769 0.0673076923076923 0.31850961538461536
2 0.6838942307692307 0.6189903846153846 0.07211538461538461 0.3112980769230769
2 0.7319711538461539 0.5084134615384616 0.028846153846153848 0.06370192307692307
2 0.7764423076923077 0.5228365384615384 0.03125 0.06490384615384616
2 0.7920673076923077 0.7487980769230769 0.052884615384615384 0.09134615384615384
2 0.8245192307692307 0.5408653846153846 0.03245192307692308 0.07572115384615384
2 0.8834134615384616 0.5564903846153846 0.037259615384615384 0.0829326923076923
2 0.9507211538461539 0.5841346153846154 0.039663461538461536 0.09375