2 0.43990384615384615 0.7512019230769231 0.08052884615384616 0.2283653846153846
2 0.09134615384615384 0.6598557692307693 0.037259615384615384 0.05048076923076923
2 0.140625 0.6706730769230769 0.03485576923076923 0.057692307692307696
2 0.203125 0.6730769230769231 0.054086538461538464 0.06490384615384616
2 0.26322115384615385 0.6730769230769231 0.05048076923076923 0.06490384615384616
2 0.3269230769230769 0.6935096153846154 0.04807692307692308 0.11298076923076923
2 0.39663461538461536 0.6862980769230769 0.06490384615384616 0.08653846153846154
2 0.49759615384615385 0.6862980769230769 0.03245192307692308 0.09014423076923077
2 0.5480769230769231 0.6754807692307693 0.06370192307692307 0.057692307692307696
2 0.6262019230769231 0.6814903846153846 0.039663461538461536 0.10216346153846154
2 0.6526442307692307 0.7007211538461539 0.042067307692307696 0.10096153846153846
2 0.7067307692307693 0.6959134615384616 0.036057692307692304 0.08774038461538461
2 0.7463942307692307 0.6875 0.04447115384615385 0.10817307692307693
2 0.8040865384615384 0.7019230769230769 0.06610576923076923 0.12259615384615384
2 0.8557692307692307 0.6959134615384616 0.03245192307692308 0.09975961538461539
2 0.9254807692307693 0.7175480769230769 0.054086538461538464 0.16947115384615385