2 0.26322115384615385 0.6430288461538461 0.21153846153846154 0.5360576923076923
2 0.2620192307692308 0.27403846153846156 0.036057692307692304 0.04447115384615385
2 0.2848557692307692 0.25721153846153844 0.020432692307692308 0.042067307692307696
2 0.30288461538461536 0.2824519230769231 0.02403846153846154 0.055288461538461536
2 0.33413461538461536 0.2824519230769231 0.03365384615384615 0.06129807692307692
2 0.38100961538461536 0.4807692307692308 0.09975961538461539 0.19591346153846154
2 0.3870192307692308 0.36899038461538464 0.0985576923076923 0.1778846153846154
2 0.3713942307692308 0.2824519230769231 0.03245192307692308 0.04447115384615385
2 0.3858173076923077 0.27163461538461536 0.02283653846153846 0.042067307692307696
2 0.4891826923076923 0.3942307692307692 0.09254807692307693 0.16466346153846154
2 0.5228365384615384 0.27524038461538464 0.026442307692307692 0.056490384615384616
2 0.5336538461538461 0.2860576923076923 0.02283653846153846 0.04447115384615385
2 0.6442307692307693 0.5024038461538461 0.11899038461538461 0.28725961538461536
2 0.7199519230769231 0.671875 0.26322115384615385 0.5973557692307693