2 0.08653846153846154 0.5048076923076923 0.17307692307692307 0.6045673076923077
2 0.21514423076923078 0.6298076923076923 0.24759615384615385 0.7379807692307693
2 0.15504807692307693 0.32091346153846156 0.039663461538461536 0.04927884615384615
2 0.22716346153846154 0.23918269230769232 0.09254807692307693 0.125
2 0.3125 0.3161057692307692 0.07211538461538461 0.18269230769230768
2 0.33413461538461536 0.4567307692307692 0.09254807692307693 0.27283653846153844
2 0.33653846153846156 0.23317307692307693 0.06850961538461539 0.09375
2 0.4735576923076923 0.6153846153846154 0.23076923076923078 0.7668269230769231
2 0.5300480769230769 0.3245192307692308 0.04567307692307692 0.0625
2 0.5649038461538461 0.359375 0.06850961538461539 0.1045673076923077
2 0.6189903846153846 0.6298076923076923 0.10336538461538461 0.7379807692307693
2 0.6766826923076923 0.6502403846153846 0.17307692307692307 0.6983173076923077
2 0.7475961538461539 0.3605769230769231 0.10216346153846154 0.12259615384615384
2 0.8076923076923077 0.6706730769230769 0.21875 0.65625
2 0.8100961538461539 0.32091346153846156 0.05889423076923077 0.07692307692307693
2 0.8413461538461539 0.3918269230769231 0.07451923076923077 0.15625
2 0.9194711538461539 0.6298076923076923 0.15985576923076922 0.734375
2 0.9819711538461539 0.5432692307692307 0.03485576923076923 0.45072115384615385