2 0.5817307692307693 0.7632211538461539 0.04927884615384615 0.1778846153846154
2 0.18028846153846154 0.7451923076923077 0.042067307692307696 0.20192307692307693
2 0.2800480769230769 0.703125 0.08173076923076923 0.17548076923076922
2 0.33653846153846156 0.4987980769230769 0.04447115384615385 0.056490384615384616
2 0.5048076923076923 0.39903846153846156 0.05889423076923077 0.051682692307692304
2 0.5300480769230769 0.703125 0.04567307692307692 0.0829326923076923
2 0.7367788461538461 0.7427884615384616 0.3786057692307692 0.22115384615384615
2 0.6189903846153846 0.5528846153846154 0.015625 0.05889423076923077
2 0.640625 0.5516826923076923 0.019230769230769232 0.057692307692307696
2 0.9699519230769231 0.7139423076923077 0.037259615384615384 0.13221153846153846
2 0.9903846153846154 0.7151442307692307 0.018028846153846152 0.11899038461538461