2 0.03485576923076923 0.5516826923076923 0.06971153846153846 0.2764423076923077
2 0.10697115384615384 0.5793269230769231 0.06971153846153846 0.39302884615384615
2 0.18509615384615385 0.5925480769230769 0.10216346153846154 0.5336538461538461
2 0.2403846153846154 0.5192307692307693 0.052884615384615384 0.2980769230769231
2 0.29927884615384615 0.640625 0.109375 0.4074519230769231
2 0.33413461538461536 0.5288461538461539 0.03485576923076923 0.2644230769230769
2 0.4170673076923077 0.5697115384615384 0.11298076923076923 0.5096153846153846
2 0.4807692307692308 0.5709134615384616 0.1201923076923077 0.4375
2 0.5216346153846154 0.5504807692307693 0.06370192307692307 0.3389423076923077
2 0.5697115384615384 0.578125 0.057692307692307696 0.37740384615384615
2 0.5841346153846154 0.5841346153846154 0.08653846153846154 0.3870192307692308
2 0.6502403846153846 0.5721153846153846 0.07932692307692307 0.3918269230769231
2 0.7764423076923077 0.5396634615384616 0.2536057692307692 0.9194711538461539
2 0.7163461538461539 0.46634615384615385 0.06370192307692307 0.16706730769230768
2 0.9038461538461539 0.4987980769230769 0.06971153846153846 0.11778846153846154
2 0.9447115384615384 0.6382211538461539 0.057692307692307696 0.17427884615384615
2 0.9591346153846154 0.5192307692307693 0.04326923076923077 0.08052884615384616