2 0.16947115384615385 0.9302884615384616 0.13701923076923078 0.1346153846153846
2 0.5 0.4375 0.9987980769230769 0.3137019230769231
2 0.5 0.8653846153846154 0.9987980769230769 0.26802884615384615
2 0.009615384615384616 0.6322115384615384 0.015625 0.03245192307692308
2 0.04567307692307692 0.6610576923076923 0.08052884615384616 0.057692307692307696
2 0.010817307692307692 0.5697115384615384 0.009615384615384616 0.028846153846153848
2 0.03365384615384615 0.7007211538461539 0.015625 0.040865384615384616
2 0.04567307692307692 0.7019230769230769 0.018028846153846152 0.04927884615384615
2 0.042067307692307696 0.5637019230769231 0.008413461538461538 0.025240384615384616
2 0.06610576923076923 0.6021634615384616 0.009615384615384616 0.03245192307692308
2 0.06850961538461539 0.6983173076923077 0.014423076923076924 0.03485576923076923
2 0.08413461538461539 0.5564903846153846 0.04326923076923077 0.036057692307692304
2 0.0829326923076923 0.5817307692307693 0.009615384615384616 0.03125
2 0.09375 0.671875 0.01201923076923077 0.04807692307692308
2 0.10336538461538461 0.6802884615384616 0.021634615384615384 0.057692307692307696
2 0.1045673076923077 0.7524038461538461 0.013221153846153846 0.052884615384615384
2 0.12139423076923077 0.6478365384615384 0.01201923076923077 0.020432692307692308
2 0.12379807692307693 0.6875 0.014423076923076924 0.04447115384615385
2 0.12860576923076922 0.5540865384615384 0.009615384615384616 0.027644230769230768
2 0.14302884615384615 0.6790865384615384 0.014423076923076924 0.04807692307692308
2 0.14543269230769232 0.546875 0.004807692307692308 0.027644230769230768
2 0.15384615384615385 0.6790865384615384 0.01201923076923077 0.04447115384615385
2 0.15985576923076922 0.5444711538461539 0.009615384615384616 0.03125
2 0.1658653846153846 0.6935096153846154 0.015625 0.040865384615384616
2 0.1658653846153846 0.6694711538461539 0.01201923076923077 0.027644230769230768
2 0.17067307692307693 0.5564903846153846 0.008413461538461538 0.03245192307692308
2 0.20432692307692307 0.6947115384615384 0.04567307692307692 0.06370192307692307
2 0.1875 0.5552884615384616 0.008413461538461538 0.021634615384615384
2 0.1971153846153846 0.5480769230769231 0.007211538461538462 0.019230769230769232
2 0.21995192307692307 0.5733173076923077 0.007211538461538462 0.026442307692307692
2 0.22956730769230768 0.5528846153846154 0.007211538461538462 0.025240384615384616
2 0.23677884615384615 0.7211538461538461 0.013221153846153846 0.03485576923076923
2 0.2439903846153846 0.5444711538461539 0.008413461538461538 0.020432692307692308
2 0.25721153846153844 0.7103365384615384 0.01201923076923077 0.051682692307692304
2 0.28846153846153844 0.7247596153846154 0.015625 0.042067307692307696
2 0.3016826923076923 0.7235576923076923 0.014423076923076924 0.03245192307692308
2 0.32091346153846156 0.7367788461538461 0.014423076923076924 0.04927884615384615
2 0.33413461538461536 0.7403846153846154 0.01201923076923077 0.057692307692307696
2 0.33774038461538464 0.7740384615384616 0.019230769230769232 0.06009615384615385
2 0.36538461538461536 0.7235576923076923 0.025240384615384616 0.036057692307692304
2 0.3798076923076923 0.7548076923076923 0.020432692307692308 0.055288461538461536
2 0.39663461538461536 0.7319711538461539 0.013221153846153846 0.036057692307692304
2 0.4014423076923077 0.7644230769230769 0.018028846153846152 0.06009615384615385
2 0.4110576923076923 0.7475961538461539 0.01201923076923077 0.04807692307692308
2 0.4338942307692308 0.7704326923076923 0.014423076923076924 0.06370192307692307
2 0.4411057692307692 0.7367788461538461 0.01201923076923077 0.020432692307692308
2 0.44591346153846156 0.7692307692307693 0.013221153846153846 0.0625
2 0.46274038461538464 0.7295673076923077 0.010817307692307692 0.040865384615384616
2 0.4639423076923077 0.7716346153846154 0.013221153846153846 0.057692307692307696
2 0.47716346153846156 0.7716346153846154 0.016826923076923076 0.056490384615384616
2 0.4807692307692308 0.7439903846153846 0.014423076923076924 0.03485576923076923
2 0.4963942307692308 0.7728365384615384 0.01201923076923077 0.06610576923076923
2 0.5144230769230769 0.7788461538461539 0.013221153846153846 0.0625
2 0.5336538461538461 0.7752403846153846 0.009615384615384616 0.06370192307692307
2 0.5408653846153846 0.7824519230769231 0.013221153846153846 0.057692307692307696
2 0.5540865384615384 0.7824519230769231 0.014423076923076924 0.052884615384615384
2 0.5817307692307693 0.7944711538461539 0.016826923076923076 0.05889423076923077
2 0.5817307692307693 0.7668269230769231 0.013221153846153846 0.027644230769230768
2 0.5985576923076923 0.796875 0.021634615384615384 0.06610576923076923
2 0.5997596153846154 0.7608173076923077 0.013221153846153846 0.036057692307692304
2 0.6394230769230769 0.8149038461538461 0.016826923076923076 0.06610576923076923
2 0.6550480769230769 0.8137019230769231 0.016826923076923076 0.06971153846153846
2 0.6538461538461539 0.5600961538461539 0.007211538461538462 0.025240384615384616
2 0.6598557692307693 0.8016826923076923 0.013221153846153846 0.057692307692307696
2 0.6622596153846154 0.5600961538461539 0.003605769230769231 0.03245192307692308
2 0.6923076923076923 0.8052884615384616 0.01201923076923077 0.06610576923076923
2 0.6983173076923077 0.5625 0.006009615384615385 0.027644230769230768
2 0.7283653846153846 0.8125 0.014423076923076924 0.06370192307692307
2 0.7415865384615384 0.8100961538461539 0.01201923076923077 0.0673076923076923
2 0.7512019230769231 0.8209134615384616 0.015625 0.05889423076923077
2 0.7620192307692307 0.5673076923076923 0.004807692307692308 0.025240384615384616
2 0.7716346153846154 0.8221153846153846 0.018028846153846152 0.06610576923076923
2 0.7716346153846154 0.5685096153846154 0.008413461538461538 0.03125
2 0.7836538461538461 0.8209134615384616 0.014423076923076924 0.06129807692307692
2 0.8245192307692307 0.8329326923076923 0.010817307692307692 0.06971153846153846
2 0.859375 0.8425480769230769 0.016826923076923076 0.0625
2 0.8605769230769231 0.5745192307692307 0.007211538461538462 0.027644230769230768
2 0.8810096153846154 0.8473557692307693 0.019230769230769232 0.07451923076923077
2 0.890625 0.5745192307692307 0.009615384615384616 0.027644230769230768
2 0.9002403846153846 0.5793269230769231 0.007211538461538462 0.027644230769230768
2 0.9230769230769231 0.5805288461538461 0.006009615384615385 0.027644230769230768
2 0.9314903846153846 0.8509615384615384 0.019230769230769232 0.06370192307692307
2 0.9639423076923077 0.859375 0.020432692307692308 0.055288461538461536