2 0.26802884615384615 0.7079326923076923 0.07211538461538461 0.27524038461538464
2 0.33653846153846156 0.6887019230769231 0.08413461538461539 0.20793269230769232
2 0.33533653846153844 0.5841346153846154 0.028846153846153848 0.04807692307692308
2 0.4074519230769231 0.7896634615384616 0.15504807692307693 0.4182692307692308
2 0.3485576923076923 0.5649038461538461 0.025240384615384616 0.03485576923076923
2 0.40865384615384615 0.5913461538461539 0.052884615384615384 0.07692307692307693
2 0.49158653846153844 0.6478365384615384 0.04447115384615385 0.18028846153846154
2 0.5733173076923077 0.7560096153846154 0.19591346153846154 0.30408653846153844
2 0.5432692307692307 0.5769230769230769 0.056490384615384616 0.08052884615384616
2 0.6430288461538461 0.5745192307692307 0.05048076923076923 0.0733173076923077
2 0.7055288461538461 0.7776442307692307 0.11298076923076923 0.43028846153846156
2 0.6778846153846154 0.5504807692307693 0.02283653846153846 0.038461538461538464
2 0.7307692307692307 0.59375 0.06129807692307692 0.11177884615384616
2 0.7319711538461539 0.6430288461538461 0.06370192307692307 0.15985576923076922
2 0.8149038461538461 0.6213942307692307 0.11778846153846154 0.17307692307692307
2 0.8858173076923077 0.5637019230769231 0.038461538461538464 0.09615384615384616
2 0.9146634615384616 0.4855769230769231 0.05048076923076923 0.08413461538461539