2 0.25721153846153844 0.6899038461538461 0.4338942307692308 0.2848557692307692
2 0.22956730769230768 0.8125 0.0829326923076923 0.1310096153846154
2 0.484375 0.6358173076923077 0.019230769230769232 0.06009615384615385
2 0.5132211538461539 0.6418269230769231 0.03245192307692308 0.05889423076923077
2 0.5288461538461539 0.8293269230769231 0.057692307692307696 0.11538461538461539
2 0.5949519230769231 0.6334134615384616 0.14302884615384615 0.15865384615384615
2 0.5865384615384616 0.7247596153846154 0.039663461538461536 0.11899038461538461
2 0.6009615384615384 0.7427884615384616 0.027644230769230768 0.09134615384615384
2 0.5985576923076923 0.5144230769230769 0.009615384615384616 0.03125
2 0.6069711538461539 0.5240384615384616 0.015625 0.052884615384615384
2 0.6141826923076923 0.5180288461538461 0.021634615384615384 0.037259615384615384
2 0.6286057692307693 0.5228365384615384 0.002403846153846154 0.046875
2 0.6454326923076923 0.5528846153846154 0.009615384615384616 0.04447115384615385
2 0.6550480769230769 0.5564903846153846 0.009615384615384616 0.027644230769230768
2 0.6730769230769231 0.5757211538461539 0.013221153846153846 0.026442307692307692
2 0.6947115384615384 0.5805288461538461 0.018028846153846152 0.036057692307692304
2 0.7403846153846154 0.5072115384615384 0.014423076923076924 0.03245192307692308
2 0.765625 0.5144230769230769 0.01201923076923077 0.04807692307692308
2 0.8161057692307693 0.6694711538461539 0.025240384615384616 0.027644230769230768
2 0.8112980769230769 0.5120192307692307 0.013221153846153846 0.037259615384615384
2 0.8257211538461539 0.5108173076923077 0.008413461538461538 0.04447115384615385
2 0.8774038461538461 0.6526442307692307 0.010817307692307692 0.052884615384615384
2 0.9086538461538461 0.6478365384615384 0.018028846153846152 0.051682692307692304
2 0.9471153846153846 0.6598557692307693 0.02283653846153846 0.03365384615384615
2 0.9615384615384616 0.6574519230769231 0.01201923076923077 0.03245192307692308