2 0.07572115384615384 0.2764423076923077 0.12740384615384615 0.5528846153846154
2 0.21995192307692307 0.4483173076923077 0.18269230769230768 0.7235576923076923
2 0.20673076923076922 0.1141826923076923 0.1201923076923077 0.2283653846153846
2 0.46153846153846156 0.19591346153846154 0.16826923076923078 0.3918269230769231
2 0.6814903846153846 0.609375 0.17067307692307693 0.7271634615384616
2 0.6850961538461539 0.09495192307692307 0.11899038461538461 0.18990384615384615
2 0.8329326923076923 0.4387019230769231 0.17668269230769232 0.75
2 0.8762019230769231 0.08173076923076923 0.13341346153846154 0.16346153846153846
2 0.8713942307692307 0.12379807692307693 0.07572115384615384 0.17548076923076922
2 0.9651442307692307 0.46033653846153844 0.06850961538461539 0.19831730769230768
2 0.9663461538461539 0.07211538461538461 0.06490384615384616 0.14423076923076922