2 0.037259615384615384 0.5733173076923077 0.020432692307692308 0.046875
2 0.14302884615384615 0.5600961538461539 0.016826923076923076 0.0625
2 0.15625 0.5576923076923077 0.02283653846153846 0.05889423076923077
2 0.19110576923076922 0.5540865384615384 0.021634615384615384 0.057692307692307696
2 0.21394230769230768 0.5697115384615384 0.027644230769230768 0.07932692307692307
2 0.23798076923076922 0.6117788461538461 0.057692307692307696 0.17668269230769232
2 0.3641826923076923 0.6466346153846154 0.11057692307692307 0.14783653846153846
2 0.39783653846153844 0.6442307692307693 0.11298076923076923 0.16826923076923078
2 0.49038461538461536 0.6334134615384616 0.07091346153846154 0.22716346153846154
2 0.5348557692307693 0.5829326923076923 0.021634615384615384 0.07932692307692307
2 0.6009615384615384 0.6153846153846154 0.06370192307692307 0.17427884615384615
2 0.5853365384615384 0.5588942307692307 0.030048076923076924 0.09014423076923077
2 0.8317307692307693 0.6814903846153846 0.1346153846153846 0.36177884615384615
2 0.9290865384615384 0.7079326923076923 0.1346153846153846 0.5372596153846154