2 0.038461538461538464 0.4795673076923077 0.026442307692307692 0.10216346153846154
2 0.19230769230769232 0.4855769230769231 0.03485576923076923 0.11057692307692307
2 0.21153846153846154 0.4831730769230769 0.021634615384615384 0.06009615384615385
2 0.28846153846153844 0.4951923076923077 0.025240384615384616 0.12259615384615384
2 0.31009615384615385 0.5012019230769231 0.027644230769230768 0.11538461538461539
2 0.3269230769230769 0.5024038461538461 0.037259615384615384 0.13942307692307693
2 0.421875 0.4831730769230769 0.02403846153846154 0.08413461538461539
2 0.5024038461538461 0.5588942307692307 0.0673076923076923 0.234375
2 0.5516826923076923 0.4879807692307692 0.036057692307692304 0.07932692307692307
2 0.5829326923076923 0.5144230769230769 0.028846153846153848 0.13221153846153846
2 0.6057692307692307 0.5396634615384616 0.038461538461538464 0.0829326923076923
2 0.7331730769230769 0.5216346153846154 0.038461538461538464 0.13221153846153846
2 0.7836538461538461 0.5625 0.0673076923076923 0.22596153846153846
2 0.8317307692307693 0.5144230769230769 0.03245192307692308 0.11538461538461539
2 0.8617788461538461 0.5108173076923077 0.030048076923076924 0.12259615384615384
2 0.9387019230769231 0.49759615384615385 0.11899038461538461 0.11538461538461539