0 0.58828125 0.046875 0.0203125 0.0625
1 0.78359375 0.24375 0.4328125 0.4625
1 0.56171875 0.31640625 0.0609375 0.19375
1 0.953125 0.5125 0.09375 0.0875
1 0.33671875 0.08828125 0.0703125 0.10625
1 0.43125 0.16953125 0.1796875 0.2515625
0 0.3328125 0.2015625 0.103125 0.140625
1 0.425 0.359375 0.125 0.1609375
0 0.721875 0.60390625 0.23125 0.1453125
1 0.2609375 0.6296875 0.28125 0.184375
0 0.25078125 0.7484375 0.1296875 0.140625
1 0.146875 0.75390625 0.1015625 0.103125
0 0.16953125 0.8609375 0.296875 0.15