0 0.39296875 0.06640625 0.028125 0.0625
1 0.68515625 0.20703125 0.5546875 0.4140625
1 0.4734375 0.32578125 0.0828125 0.1953125
0 0.39296875 0.02265625 0.040625 0.03125
1 0.92421875 0.35078125 0.11875 0.1
1 0.17578125 0.20234375 0.08125 0.1109375
1 0.2953125 0.23984375 0.20625 0.265625
0 0.21640625 0.309375 0.1171875 0.1484375
1 0.36484375 0.41953125 0.140625 0.171875
0 0.7359375 0.52890625 0.2421875 0.16875
1 0.31875 0.734375 0.29375 0.2125
0 0.35546875 0.8484375 0.1421875 0.1515625
1 0.26171875 0.89453125 0.1109375 0.1125
0 0.325 0.94609375 0.30625 0.1078125