2 0.10096153846153846 0.39663461538461536 0.20192307692307693 0.16947115384615385
2 0.33774038461538464 0.33774038461538464 0.140625 0.07211538461538461
2 0.38822115384615385 0.4963942307692308 0.11538461538461539 0.26802884615384615
2 0.47475961538461536 0.36538461538461536 0.10096153846153846 0.13701923076923078
2 0.5841346153846154 0.35096153846153844 0.10697115384615384 0.11538461538461539
2 0.6586538461538461 0.3473557692307692 0.03485576923076923 0.0889423076923077
2 0.6862980769230769 0.3473557692307692 0.027644230769230768 0.08413461538461539
2 0.7644230769230769 0.35697115384615385 0.052884615384615384 0.13701923076923078
2 0.8846153846153846 0.3401442307692308 0.030048076923076924 0.0625
2 0.9050480769230769 0.3233173076923077 0.020432692307692308 0.019230769230769232
2 0.9555288461538461 0.3629807692307692 0.030048076923076924 0.0829326923076923
2 0.9867788461538461 0.3581730769230769 0.020432692307692308 0.08052884615384616