2 0.009615384615384616 0.4110576923076923 0.019230769230769232 0.03485576923076923
2 0.4987980769230769 0.375 0.9975961538461539 0.17307692307692307
2 0.078125 0.4723557692307692 0.027644230769230768 0.039663461538461536
2 0.2800480769230769 0.43990384615384615 0.02403846153846154 0.04807692307692308
2 0.4675480769230769 0.5997596153846154 0.042067307692307696 0.06370192307692307
2 0.6694711538461539 0.6526442307692307 0.051682692307692304 0.0625
2 0.7091346153846154 0.6370192307692307 0.03365384615384615 0.0673076923076923
2 0.734375 0.6286057692307693 0.037259615384615384 0.06009615384615385
2 0.7632211538461539 0.5 0.03365384615384615 0.04927884615384615
2 0.7800480769230769 0.5564903846153846 0.037259615384615384 0.056490384615384616
2 0.8173076923076923 0.5552884615384616 0.03125 0.05889423076923077
2 0.8521634615384616 0.5540865384615384 0.038461538461538464 0.06009615384615385