2 0.2091346153846154 0.5685096153846154 0.3641826923076923 0.578125
2 0.1045673076923077 0.19831730769230768 0.2091346153846154 0.23798076923076922
2 0.057692307692307696 0.0733173076923077 0.08413461538461539 0.06009615384615385
2 0.1502403846153846 0.09615384615384616 0.07451923076923077 0.16346153846153846
2 0.46033653846153844 0.39302884615384615 0.42427884615384615 0.5120192307692307
2 0.3161057692307692 0.10096153846153846 0.08173076923076923 0.0889423076923077
2 0.3954326923076923 0.15985576923076922 0.07211538461538461 0.18509615384615385
2 0.5336538461538461 0.3016826923076923 0.17427884615384615 0.2848557692307692
2 0.48677884615384615 0.13221153846153846 0.06971153846153846 0.24278846153846154
2 0.6033653846153846 0.13221153846153846 0.10216346153846154 0.13822115384615385
2 0.7896634615384616 0.6814903846153846 0.41947115384615385 0.42908653846153844
2 0.6862980769230769 0.12259615384615384 0.13822115384615385 0.2403846153846154
2 0.8221153846153846 0.0829326923076923 0.14302884615384615 0.1658653846153846
2 0.9459134615384616 0.2247596153846154 0.10697115384615384 0.4182692307692308