2 0.6141826923076923 0.390625 0.21033653846153846 0.34375
2 0.014423076923076924 0.3629807692307692 0.028846153846153848 0.057692307692307696
2 0.038461538461538464 0.36778846153846156 0.03125 0.052884615384615384
2 0.06370192307692307 0.3737980769230769 0.03485576923076923 0.0625
2 0.07932692307692307 0.359375 0.019230769230769232 0.04807692307692308
2 0.10697115384615384 0.38461538461538464 0.04927884615384615 0.09134615384615384
2 0.12379807692307693 0.38221153846153844 0.03245192307692308 0.09014423076923077
2 0.17067307692307693 0.3581730769230769 0.02283653846153846 0.12259615384615384
2 0.2403846153846154 0.375 0.025240384615384616 0.057692307692307696
2 0.3485576923076923 0.36778846153846156 0.051682692307692304 0.11899038461538461
2 0.5168269230769231 0.5673076923076923 0.2620192307692308 0.4423076923076923