2 0.2548076923076923 0.7427884615384616 0.12740384615384615 0.23677884615384615
2 0.06009615384615385 0.10576923076923077 0.09375 0.1466346153846154
2 0.06129807692307692 0.4362980769230769 0.09014423076923077 0.1466346153846154
2 0.12379807692307693 0.17307692307692307 0.11057692307692307 0.17307692307692307
2 0.14543269230769232 0.5661057692307693 0.1045673076923077 0.15985576923076922
2 0.20192307692307693 0.04447115384615385 0.1045673076923077 0.08774038461538461
2 0.22235576923076922 0.25240384615384615 0.1346153846153846 0.2127403846153846
2 0.27163461538461536 0.06850961538461539 0.09615384615384616 0.13701923076923078
2 0.2920673076923077 0.09134615384615384 0.1045673076923077 0.11298076923076923
2 0.36658653846153844 0.37740384615384615 0.15745192307692307 0.2668269230769231
2 0.39783653846153844 0.9278846153846154 0.14903846153846154 0.14182692307692307
2 0.38341346153846156 0.15745192307692307 0.09735576923076923 0.16826923076923078
2 0.43509615384615385 0.17668269230769232 0.1201923076923077 0.12980769230769232
2 0.5288461538461539 0.5516826923076923 0.18990384615384615 0.33533653846153844
2 0.5360576923076923 0.27163461538461536 0.11658653846153846 0.20432692307692307
2 0.5985576923076923 0.2980769230769231 0.12860576923076922 0.1502403846153846
2 0.6875 0.109375 0.13942307692307693 0.19951923076923078
2 0.7776442307692307 0.7872596153846154 0.23197115384615385 0.4098557692307692
2 0.7403846153846154 0.39783653846153844 0.140625 0.2548076923076923
2 0.8317307692307693 0.4483173076923077 0.14783653846153846 0.18509615384615385
2 0.9423076923076923 0.20793269230769232 0.1141826923076923 0.19230769230769232
2 0.9555288461538461 0.5985576923076923 0.08653846153846154 0.2824519230769231