2 0.39663461538461536 0.7716346153846154 0.2283653846153846 0.38100961538461536
2 0.375 0.7704326923076923 0.052884615384615384 0.08413461538461539
2 0.3870192307692308 0.6995192307692307 0.038461538461538464 0.078125
2 0.4326923076923077 0.6009615384615384 0.09975961538461539 0.04567307692307692
2 0.4411057692307692 0.7415865384615384 0.08774038461538461 0.18269230769230768
2 0.4735576923076923 0.6862980769230769 0.05048076923076923 0.08173076923076923
2 0.49038461538461536 0.8100961538461539 0.030048076923076924 0.051682692307692304
2 0.6418269230769231 0.6165865384615384 0.019230769230769232 0.057692307692307696
2 0.6670673076923077 0.6177884615384616 0.01201923076923077 0.046875
2 0.8822115384615384 0.6370192307692307 0.021634615384615384 0.04567307692307692
2 0.9026442307692307 0.6237980769230769 0.026442307692307692 0.056490384615384616