2 0.05048076923076923 0.453125 0.09975961538461539 0.34375
2 0.15504807692307693 0.7103365384615384 0.31009615384615385 0.5769230769230769
2 0.14182692307692307 0.36899038461538464 0.11057692307692307 0.1971153846153846
2 0.24879807692307693 0.41947115384615385 0.16947115384615385 0.35216346153846156
2 0.421875 0.6394230769230769 0.28966346153846156 0.7199519230769231
2 0.44591346153846156 0.38461538461538464 0.12860576923076922 0.29447115384615385
2 0.5492788461538461 0.5408653846153846 0.1622596153846154 0.5240384615384616
2 0.5865384615384616 0.2704326923076923 0.10216346153846154 0.26322115384615385
2 0.6622596153846154 0.35096153846153844 0.07692307692307693 0.3004807692307692
2 0.8185096153846154 0.5817307692307693 0.3581730769230769 0.8317307692307693
2 0.7584134615384616 0.3233173076923077 0.07211538461538461 0.31971153846153844
2 0.9110576923076923 0.5685096153846154 0.17548076923076922 0.8413461538461539