2 0.07692307692307693 0.6454326923076923 0.027644230769230768 0.1045673076923077
2 0.09975961538461539 0.65625 0.026442307692307692 0.10697115384615384
2 0.12620192307692307 0.6586538461538461 0.03485576923076923 0.11778846153846154
2 0.17548076923076922 0.6850961538461539 0.036057692307692304 0.11778846153846154
2 0.18028846153846154 0.6334134615384616 0.014423076923076924 0.04807692307692308
2 0.2512019230769231 0.6454326923076923 0.026442307692307692 0.07451923076923077
2 0.2860576923076923 0.6334134615384616 0.014423076923076924 0.051682692307692304
2 0.3125 0.6382211538461539 0.026442307692307692 0.07932692307692307
2 0.35336538461538464 0.6298076923076923 0.04567307692307692 0.0625
2 0.40865384615384615 0.6201923076923077 0.015625 0.06009615384615385
2 0.43149038461538464 0.6225961538461539 0.02403846153846154 0.057692307692307696
2 0.4651442307692308 0.6201923076923077 0.042067307692307696 0.04567307692307692
2 0.5528846153846154 0.75 0.15384615384615385 0.30288461538461536
2 0.6610576923076923 0.7487980769230769 0.037259615384615384 0.3293269230769231
2 0.7271634615384616 0.7692307692307693 0.10336538461538461 0.36177884615384615
2 0.7932692307692307 0.7427884615384616 0.06610576923076923 0.35336538461538464
2 0.953125 0.7127403846153846 0.04447115384615385 0.13221153846153846