2 0.046875 0.3004807692307692 0.01201923076923077 0.046875
2 0.06009615384615385 0.30408653846153844 0.013221153846153846 0.04447115384615385
2 0.15985576923076922 0.7764423076923077 0.04567307692307692 0.10216346153846154
2 0.1971153846153846 0.4326923076923077 0.01201923076923077 0.025240384615384616
2 0.2091346153846154 0.43028846153846156 0.016826923076923076 0.020432692307692308
2 0.21033653846153846 0.3088942307692308 0.014423076923076924 0.02403846153846154
2 0.21033653846153846 0.43149038461538464 0.007211538461538462 0.020432692307692308
2 0.2512019230769231 0.42908653846153844 0.010817307692307692 0.018028846153846152
2 0.27884615384615385 0.31490384615384615 0.014423076923076924 0.020432692307692308
2 0.31971153846153844 0.42908653846153844 0.019230769230769232 0.014423076923076924
2 0.3918269230769231 0.42908653846153844 0.020432692307692308 0.02403846153846154
2 0.4014423076923077 0.4230769230769231 0.018028846153846152 0.01201923076923077
2 0.4098557692307692 0.3112980769230769 0.010817307692307692 0.040865384615384616
2 0.43028846153846156 0.4050480769230769 0.013221153846153846 0.018028846153846152
2 0.4495192307692308 0.4026442307692308 0.01201923076923077 0.015625
2 0.4795673076923077 0.4230769230769231 0.01201923076923077 0.04807692307692308
2 0.6899038461538461 0.33052884615384615 0.006009615384615385 0.014423076923076924
2 0.7019230769230769 0.33052884615384615 0.007211538461538462 0.013221153846153846
2 0.7379807692307693 0.5709134615384616 0.04326923076923077 0.015625
2 0.7980769230769231 0.3317307692307692 0.007211538461538462 0.019230769230769232
2 0.8221153846153846 0.3389423076923077 0.009615384615384616 0.03365384615384615
2 0.9338942307692307 0.45072115384615385 0.008413461538461538 0.016826923076923076
2 0.9423076923076923 0.44591346153846156 0.009615384615384616 0.019230769230769232
2 0.9471153846153846 0.5216346153846154 0.008413461538461538 0.008413461538461538
2 0.9567307692307693 0.4519230769230769 0.009615384615384616 0.014423076923076924
2 0.9603365384615384 0.44350961538461536 0.01201923076923077 0.01201923076923077