2 0.2403846153846154 0.6358173076923077 0.055288461538461536 0.20432692307692307
2 0.11778846153846154 0.6286057692307693 0.016826923076923076 0.056490384615384616
2 0.17427884615384615 0.5516826923076923 0.006009615384615385 0.02283653846153846
2 0.19230769230769232 0.5661057692307693 0.007211538461538462 0.039663461538461536
2 0.19951923076923078 0.5564903846153846 0.007211538461538462 0.025240384615384616
2 0.5132211538461539 0.5793269230769231 0.021634615384615384 0.08052884615384616
2 0.5336538461538461 0.5793269230769231 0.02403846153846154 0.08774038461538461
2 0.5637019230769231 0.5817307692307693 0.03485576923076923 0.08413461538461539
2 0.6682692307692307 0.5625 0.020432692307692308 0.08533653846153846
2 0.796875 0.5288461538461539 0.01201923076923077 0.03365384615384615
2 0.8088942307692307 0.5504807692307693 0.026442307692307692 0.0673076923076923