2 0.06009615384615385 0.7740384615384616 0.04447115384615385 0.10817307692307693
2 0.5252403846153846 0.6177884615384616 0.8076923076923077 0.7632211538461539
2 0.14302884615384615 0.6826923076923077 0.018028846153846152 0.0733173076923077
2 0.15625 0.6574519230769231 0.025240384615384616 0.040865384615384616
2 0.17427884615384615 0.6574519230769231 0.019230769230769232 0.054086538461538464
2 0.19471153846153846 0.6538461538461539 0.019230769230769232 0.046875
2 0.20552884615384615 0.6466346153846154 0.010817307692307692 0.04567307692307692
2 0.22235576923076922 0.6442307692307693 0.019230769230769232 0.057692307692307696
2 0.23798076923076922 0.6514423076923077 0.016826923076923076 0.06370192307692307
2 0.25961538461538464 0.6286057692307693 0.027644230769230768 0.09495192307692307
2 0.28725961538461536 0.6225961538461539 0.02283653846153846 0.08653846153846154
2 0.33653846153846156 0.6165865384615384 0.04567307692307692 0.13701923076923078
2 0.3425480769230769 0.6153846153846154 0.038461538461538464 0.1502403846153846
2 0.38221153846153844 0.5757211538461539 0.057692307692307696 0.12740384615384615
2 0.390625 0.5769230769230769 0.026442307692307692 0.12379807692307693
2 0.43028846153846156 0.5889423076923077 0.051682692307692304 0.14302884615384615
2 0.4543269230769231 0.5805288461538461 0.08413461538461539 0.17307692307692307
2 0.546875 0.5384615384615384 0.07091346153846154 0.13942307692307693
2 0.5853365384615384 0.5540865384615384 0.078125 0.15745192307692307
2 0.6045673076923077 0.5048076923076923 0.10576923076923077 0.22235576923076922
2 0.6418269230769231 0.5168269230769231 0.18028846153846154 0.28125
2 0.7175480769230769 0.5516826923076923 0.13341346153846154 0.30408653846153844
2 0.7752403846153846 0.5300480769230769 0.14302884615384615 0.33413461538461536
2 0.8161057692307693 0.6478365384615384 0.21754807692307693 0.703125