2 0.8942307692307693 0.65625 0.078125 0.31490384615384615
2 0.08173076923076923 0.5649038461538461 0.055288461538461536 0.19591346153846154
2 0.20552884615384615 0.484375 0.038461538461538464 0.12740384615384615
2 0.25841346153846156 0.5649038461538461 0.057692307692307696 0.21033653846153846
2 0.26802884615384615 0.46033653846153844 0.021634615384615384 0.07572115384615384
2 0.3245192307692308 0.5456730769230769 0.04326923076923077 0.15625
2 0.375 0.4723557692307692 0.13221153846153846 0.15264423076923078
2 0.42908653846153844 0.38822115384615385 0.019230769230769232 0.04567307692307692
2 0.46274038461538464 0.5048076923076923 0.028846153846153848 0.18028846153846154
2 0.5240384615384616 0.5060096153846154 0.042067307692307696 0.1622596153846154
2 0.5408653846153846 0.4567307692307692 0.019230769230769232 0.10336538461538461
2 0.5661057692307693 0.49759615384615385 0.03245192307692308 0.16466346153846154
2 0.5877403846153846 0.4951923076923077 0.028846153846153848 0.125
2 0.6370192307692307 0.5444711538461539 0.038461538461538464 0.16466346153846154
2 0.6730769230769231 0.5300480769230769 0.039663461538461536 0.18389423076923078
2 0.71875 0.4639423076923077 0.036057692307692304 0.051682692307692304
2 0.71875 0.5216346153846154 0.027644230769230768 0.05048076923076923
2 0.7596153846153846 0.4891826923076923 0.04567307692307692 0.12139423076923077
2 0.7536057692307693 0.5564903846153846 0.030048076923076924 0.11177884615384616
2 0.8221153846153846 0.5925480769230769 0.06850961538461539 0.2704326923076923
2 0.8473557692307693 0.49278846153846156 0.038461538461538464 0.11658653846153846
2 0.9771634615384616 0.46033653846153844 0.030048076923076924 0.140625