2 0.013221153846153846 0.7872596153846154 0.026442307692307692 0.057692307692307696
2 0.054086538461538464 0.4855769230769231 0.10817307692307693 0.12620192307692307
2 0.056490384615384616 0.7055288461538461 0.021634615384615384 0.04927884615384615
2 0.06370192307692307 0.859375 0.02283653846153846 0.04927884615384615
2 0.13341346153846154 0.6418269230769231 0.02283653846153846 0.04567307692307692
2 0.20552884615384615 0.4891826923076923 0.16706730769230768 0.12259615384615384
2 0.27884615384615385 0.7620192307692307 0.019230769230769232 0.046875
2 0.375 0.5012019230769231 0.1778846153846154 0.12620192307692307
2 0.3125 0.6959134615384616 0.02283653846153846 0.04927884615384615
2 0.36778846153846156 0.7992788461538461 0.028846153846153848 0.042067307692307696
2 0.40384615384615385 0.6310096153846154 0.021634615384615384 0.042067307692307696
2 0.40384615384615385 0.8774038461538461 0.016826923076923076 0.04567307692307692
2 0.43990384615384615 0.6598557692307693 0.016826923076923076 0.037259615384615384
2 0.4519230769230769 0.7776442307692307 0.02403846153846154 0.042067307692307696
2 0.4651442307692308 0.6971153846153846 0.027644230769230768 0.036057692307692304
2 0.5516826923076923 0.5036057692307693 0.19471153846153846 0.11778846153846154
2 0.4735576923076923 0.7103365384615384 0.021634615384615384 0.037259615384615384
2 0.4963942307692308 0.65625 0.021634615384615384 0.040865384615384616
2 0.5528846153846154 0.8641826923076923 0.02283653846153846 0.052884615384615384
2 0.6033653846153846 0.7079326923076923 0.026442307692307692 0.040865384615384616
2 0.6189903846153846 0.9759615384615384 0.03245192307692308 0.04567307692307692
2 0.7127403846153846 0.5024038461538461 0.21394230769230768 0.109375
2 0.6923076923076923 0.6538461538461539 0.019230769230769232 0.036057692307692304
2 0.7103365384615384 0.6742788461538461 0.021634615384615384 0.036057692307692304
2 0.7740384615384616 0.7151442307692307 0.021634615384615384 0.04447115384615385
2 0.875 0.5168269230769231 0.22115384615384615 0.12379807692307693
2 0.8605769230769231 0.7668269230769231 0.02403846153846154 0.04927884615384615
2 0.9507211538461539 0.5120192307692307 0.09495192307692307 0.11658653846153846