2 0.1971153846153846 0.11057692307692307 0.3942307692307692 0.22115384615384615
2 0.3786057692307692 0.6213942307692307 0.7572115384615384 0.7560096153846154
2 0.31850961538461536 0.13942307692307693 0.5961538461538461 0.14182692307692307
2 0.39663461538461536 0.33533653846153844 0.3858173076923077 0.23557692307692307
2 0.49278846153846156 0.40625 0.2704326923076923 0.15144230769230768
2 0.49399038461538464 0.027644230769230768 0.22956730769230768 0.055288461538461536
2 0.5036057692307693 0.5612980769230769 0.23798076923076922 0.140625
2 0.5036057692307693 0.6502403846153846 0.21754807692307693 0.15865384615384615
2 0.4987980769230769 0.2536057692307692 0.19951923076923078 0.07692307692307693
2 0.5120192307692307 0.296875 0.1814903846153846 0.052884615384615384
2 0.5829326923076923 0.3112980769230769 0.12620192307692307 0.057692307692307696
2 0.6165865384615384 0.25961538461538464 0.04807692307692308 0.042067307692307696
2 0.8930288461538461 0.4026442307692308 0.057692307692307696 0.03245192307692308
2 0.9146634615384616 0.43990384615384615 0.025240384615384616 0.042067307692307696