2 0.04927884615384615 0.734375 0.06129807692307692 0.2848557692307692
2 0.10576923076923077 0.7007211538461539 0.054086538461538464 0.18990384615384615
2 0.13822115384615385 0.7367788461538461 0.027644230769230768 0.07451923076923077
2 0.15985576923076922 0.7487980769230769 0.014423076923076924 0.055288461538461536
2 0.17908653846153846 0.7163461538461539 0.030048076923076924 0.13221153846153846
2 0.21033653846153846 0.7067307692307693 0.055288461538461536 0.16105769230769232
2 0.24639423076923078 0.7620192307692307 0.014423076923076924 0.07692307692307693
2 0.27403846153846156 0.7800480769230769 0.04567307692307692 0.1875
2 0.29086538461538464 0.7163461538461539 0.04927884615384615 0.24879807692307693
2 0.3173076923076923 0.7415865384615384 0.052884615384615384 0.24759615384615385
2 0.3485576923076923 0.7211538461538461 0.051682692307692304 0.22235576923076922
2 0.3485576923076923 0.7355769230769231 0.038461538461538464 0.2439903846153846
2 0.4098557692307692 0.7235576923076923 0.05889423076923077 0.25240384615384615
2 0.5120192307692307 0.7151442307692307 0.13581730769230768 0.38100961538461536
2 0.59375 0.734375 0.04927884615384615 0.203125
2 0.6177884615384616 0.7019230769230769 0.025240384615384616 0.12379807692307693
2 0.6358173076923077 0.7415865384615384 0.04807692307692308 0.21995192307692307
2 0.6598557692307693 0.7259615384615384 0.026442307692307692 0.18990384615384615
2 0.6766826923076923 0.7415865384615384 0.051682692307692304 0.2247596153846154
2 0.7019230769230769 0.7355769230769231 0.030048076923076924 0.2247596153846154
2 0.7247596153846154 0.7475961538461539 0.0733173076923077 0.2668269230769231
2 0.7163461538461539 0.7259615384615384 0.02283653846153846 0.20192307692307693
2 0.7596153846153846 0.7379807692307693 0.04447115384615385 0.2848557692307692
2 0.7704326923076923 0.7367788461538461 0.027644230769230768 0.22115384615384615
2 0.7728365384615384 0.7283653846153846 0.021634615384615384 0.203125
2 0.8341346153846154 0.7451923076923077 0.042067307692307696 0.21995192307692307
2 0.8509615384615384 0.7415865384615384 0.021634615384615384 0.203125
2 0.8701923076923077 0.7415865384615384 0.054086538461538464 0.23798076923076922
2 0.9026442307692307 0.7367788461538461 0.039663461538461536 0.23677884615384615