2 0.14423076923076922 0.6189903846153846 0.15745192307692307 0.7043269230769231
2 0.21754807692307693 0.28365384615384615 0.1045673076923077 0.26802884615384615
2 0.29086538461538464 0.5853365384615384 0.16346153846153846 0.7247596153846154
2 0.3269230769230769 0.18629807692307693 0.06610576923076923 0.0673076923076923
2 0.3449519230769231 0.5168269230769231 0.08533653846153846 0.6045673076923077
2 0.41225961538461536 0.5853365384615384 0.13701923076923078 0.6153846153846154
2 0.4206730769230769 0.25961538461538464 0.14543269230769232 0.2512019230769231
2 0.5360576923076923 0.5540865384615384 0.13341346153846154 0.671875
2 0.4987980769230769 0.25841346153846156 0.056490384615384616 0.14543269230769232
2 0.5997596153846154 0.4579326923076923 0.0985576923076923 0.5877403846153846
2 0.6814903846153846 0.5348557692307693 0.15384615384615385 0.7043269230769231
2 0.7367788461538461 0.4362980769230769 0.1201923076923077 0.6262019230769231
2 0.8425480769230769 0.5829326923076923 0.16826923076923078 0.6189903846153846