2 0.20673076923076922 0.7307692307692307 0.042067307692307696 0.15384615384615385
2 0.27884615384615385 0.7091346153846154 0.039663461538461536 0.14182692307692307
2 0.4014423076923077 0.21875 0.046875 0.1622596153846154
2 0.45072115384615385 0.6490384615384616 0.03485576923076923 0.11177884615384616
2 0.5324519230769231 0.625 0.030048076923076924 0.07692307692307693
2 0.6875 0.625 0.2548076923076923 0.20552884615384615
2 0.5901442307692307 0.5216346153846154 0.028846153846153848 0.10096153846153846
2 0.7043269230769231 0.5072115384615384 0.018028846153846152 0.06850961538461539
2 0.8990384615384616 0.4735576923076923 0.016826923076923076 0.021634615384615384
2 0.9182692307692307 0.46634615384615385 0.015625 0.030048076923076924
2 0.9290865384615384 0.47475961538461536 0.008413461538461538 0.014423076923076924
2 0.9411057692307693 0.47475961538461536 0.018028846153846152 0.025240384615384616
2 0.9735576923076923 0.6033653846153846 0.038461538461538464 0.09735576923076923