2 0.33653846153846156 0.8052884615384616 0.04927884615384615 0.22235576923076922
2 0.375 0.6935096153846154 0.056490384615384616 0.052884615384615384
2 0.4050480769230769 0.6586538461538461 0.040865384615384616 0.0985576923076923
2 0.5096153846153846 0.6826923076923077 0.056490384615384616 0.038461538461538464
2 0.5769230769230769 0.9266826923076923 0.06850961538461539 0.14302884615384615
2 0.6298076923076923 0.4891826923076923 0.12620192307692307 0.11538461538461539
2 0.6069711538461539 0.6646634615384616 0.05048076923076923 0.11538461538461539
2 0.6634615384615384 0.6838942307692307 0.054086538461538464 0.09495192307692307
2 0.7824519230769231 0.8954326923076923 0.23798076923076922 0.18028846153846154
2 0.6995192307692307 0.4639423076923077 0.05048076923076923 0.07932692307692307
2 0.7211538461538461 0.6814903846153846 0.06490384615384616 0.10216346153846154
2 0.7932692307692307 0.5072115384615384 0.04567307692307692 0.0829326923076923
2 0.8028846153846154 0.7199519230769231 0.05048076923076923 0.11899038461538461
2 0.8377403846153846 0.6742788461538461 0.03125 0.06370192307692307
2 0.8569711538461539 0.7235576923076923 0.054086538461538464 0.12740384615384615
2 0.9110576923076923 0.6814903846153846 0.04807692307692308 0.06971153846153846
2 0.9338942307692307 0.8533653846153846 0.06850961538461539 0.12620192307692307
2 0.9603365384615384 0.7043269230769231 0.078125 0.12379807692307693