2 0.5853365384615384 0.5264423076923077 0.04927884615384615 0.14903846153846154
2 0.0673076923076923 0.5877403846153846 0.09254807692307693 0.3076923076923077
2 0.0985576923076923 0.5697115384615384 0.06370192307692307 0.27524038461538464
2 0.15985576923076922 0.45552884615384615 0.054086538461538464 0.08774038461538461
2 0.21394230769230768 0.5372596153846154 0.051682692307692304 0.2692307692307692
2 0.24158653846153846 0.5348557692307693 0.04447115384615385 0.21153846153846154
2 0.2692307692307692 0.5384615384615384 0.03485576923076923 0.21634615384615385
2 0.27524038461538464 0.4411057692307692 0.030048076923076924 0.0829326923076923
2 0.3076923076923077 0.5240384615384616 0.054086538461538464 0.18269230769230768
2 0.3233173076923077 0.5060096153846154 0.03485576923076923 0.203125
2 0.40384615384615385 0.5324519230769231 0.054086538461538464 0.20072115384615385
2 0.4387019230769231 0.5372596153846154 0.040865384615384616 0.21394230769230768
2 0.47596153846153844 0.5084134615384616 0.038461538461538464 0.15985576923076922
2 0.6274038461538461 0.5504807692307693 0.04927884615384615 0.18509615384615385
2 0.6586538461538461 0.5901442307692307 0.030048076923076924 0.13822115384615385
2 0.7331730769230769 0.5492788461538461 0.028846153846153848 0.15384615384615385