2 0.07451923076923077 0.8377403846153846 0.1045673076923077 0.07692307692307693
2 0.16346153846153846 0.7572115384615384 0.24879807692307693 0.1935096153846154
2 0.1045673076923077 0.4807692307692308 0.038461538461538464 0.05048076923076923
2 0.15264423076923078 0.4723557692307692 0.019230769230769232 0.042067307692307696
2 0.20793269230769232 0.4675480769230769 0.03485576923076923 0.04447115384615385
2 0.2512019230769231 0.46634615384615385 0.01201923076923077 0.03485576923076923
2 0.49278846153846156 0.7800480769230769 0.4110576923076923 0.37259615384615385
2 0.3173076923076923 0.515625 0.03485576923076923 0.04567307692307692
2 0.4230769230769231 0.5024038461538461 0.03485576923076923 0.1201923076923077
2 0.6418269230769231 0.5420673076923077 0.27163461538461536 0.6213942307692307
2 0.6658653846153846 0.8377403846153846 0.16706730769230768 0.11177884615384616
2 0.6442307692307693 0.28725961538461536 0.06370192307692307 0.08653846153846154
2 0.7800480769230769 0.36177884615384615 0.09975961538461539 0.2548076923076923
2 0.8713942307692307 0.5757211538461539 0.21875 0.625
2 0.9447115384615384 0.5300480769230769 0.10697115384615384 0.5661057692307693