2 0.6634615384615384 0.9086538461538461 0.07451923076923077 0.15745192307692307
2 0.14903846153846154 0.8016826923076923 0.030048076923076924 0.10096153846153846
2 0.2127403846153846 0.8221153846153846 0.05889423076923077 0.17067307692307693
2 0.2512019230769231 0.4855769230769231 0.014423076923076924 0.07692307692307693
2 0.265625 0.6923076923076923 0.018028846153846152 0.06610576923076923
2 0.2860576923076923 0.49158653846153844 0.016826923076923076 0.0625
2 0.4735576923076923 0.8209134615384616 0.2956730769230769 0.35697115384615385
2 0.4074519230769231 0.5901442307692307 0.01201923076923077 0.04927884615384615
2 0.4879807692307692 0.5877403846153846 0.009615384615384616 0.06370192307692307
2 0.5048076923076923 0.5492788461538461 0.01201923076923077 0.040865384615384616
2 0.5084134615384616 0.6033653846153846 0.020432692307692308 0.052884615384615384
2 0.5240384615384616 0.5480769230769231 0.010817307692307692 0.05048076923076923
2 0.5504807692307693 0.5240384615384616 0.009615384615384616 0.04447115384615385
2 0.5769230769230769 0.5036057692307693 0.013221153846153846 0.054086538461538464
2 0.7391826923076923 0.4951923076923077 0.030048076923076924 0.11298076923076923