2 0.037259615384615384 0.8425480769230769 0.07451923076923077 0.3137019230769231
2 0.038461538461538464 0.5348557692307693 0.07572115384615384 0.14543269230769232
2 0.07572115384615384 0.7307692307692307 0.1502403846153846 0.38100961538461536
2 0.15745192307692307 0.8725961538461539 0.21634615384615385 0.25240384615384615
2 0.125 0.59375 0.09975961538461539 0.22235576923076922
2 0.2127403846153846 0.7764423076923077 0.1778846153846154 0.44471153846153844
2 0.30528846153846156 0.7163461538461539 0.15144230769230768 0.44350961538461536
2 0.40865384615384615 0.8713942307692307 0.22355769230769232 0.2548076923076923
2 0.40384615384615385 0.7391826923076923 0.15745192307692307 0.3581730769230769
2 0.41346153846153844 0.6153846153846154 0.0985576923076923 0.19471153846153846
2 0.4879807692307692 0.42908653846153844 0.056490384615384616 0.1466346153846154
2 0.5685096153846154 0.6394230769230769 0.13221153846153846 0.24759615384615385
2 0.5661057692307693 0.7920673076923077 0.12139423076923077 0.41466346153846156
2 0.6370192307692307 0.8822115384615384 0.21033653846153846 0.23317307692307693
2 0.6887019230769231 0.6706730769230769 0.12139423076923077 0.27524038461538464
2 0.7235576923076923 0.8016826923076923 0.1310096153846154 0.3954326923076923
2 0.8149038461538461 0.7319711538461539 0.1045673076923077 0.35216346153846156
2 0.8653846153846154 0.859375 0.19110576923076922 0.27884615384615385
2 0.9086538461538461 0.7764423076923077 0.11298076923076923 0.3161057692307692
2 0.9278846153846154 0.6634615384615384 0.06971153846153846 0.19471153846153846
2 0.9771634615384616 0.8882211538461539 0.04447115384615385 0.21995192307692307