2 0.052884615384615384 0.7403846153846154 0.06009615384615385 0.10697115384615384
2 0.06850961538461539 0.5096153846153846 0.06129807692307692 0.11778846153846154
2 0.11538461538461539 0.5961538461538461 0.03365384615384615 0.05889423076923077
2 0.21033653846153846 0.46153846153846156 0.0673076923076923 0.1875
2 0.29927884615384615 0.41346153846153844 0.06850961538461539 0.11057692307692307
2 0.33774038461538464 0.5372596153846154 0.14783653846153846 0.1310096153846154
2 0.35096153846153844 0.7908653846153846 0.03245192307692308 0.07572115384615384
2 0.3798076923076923 0.7007211538461539 0.08774038461538461 0.08653846153846154
2 0.3713942307692308 0.41466346153846156 0.06850961538461539 0.11177884615384616
2 0.40024038461538464 0.7896634615384616 0.03365384615384615 0.07091346153846154
2 0.43028846153846156 0.4423076923076923 0.040865384615384616 0.06129807692307692
2 0.43028846153846156 0.5036057692307693 0.039663461538461536 0.06370192307692307
2 0.43149038461538464 0.3798076923076923 0.042067307692307696 0.06370192307692307
2 0.43149038461538464 0.5697115384615384 0.030048076923076924 0.06490384615384616
2 0.46634615384615385 0.7103365384615384 0.046875 0.10697115384615384
2 0.5096153846153846 0.4170673076923077 0.040865384615384616 0.06610576923076923
2 0.5865384615384616 0.5036057692307693 0.18870192307692307 0.08774038461538461
2 0.5516826923076923 0.6814903846153846 0.0673076923076923 0.0889423076923077
2 0.5649038461538461 0.4170673076923077 0.039663461538461536 0.06971153846153846
2 0.5697115384615384 0.6790865384615384 0.04447115384615385 0.09134615384615384
2 0.6117788461538461 0.41466346153846156 0.040865384615384616 0.06009615384615385
2 0.6370192307692307 0.6814903846153846 0.06129807692307692 0.0889423076923077
2 0.6454326923076923 0.6790865384615384 0.05048076923076923 0.0829326923076923
2 0.6658653846153846 0.4098557692307692 0.03485576923076923 0.06971153846153846
2 0.7620192307692307 0.6754807692307693 0.08533653846153846 0.13341346153846154
2 0.7644230769230769 0.8197115384615384 0.07932692307692307 0.1310096153846154
2 0.75 0.9242788461538461 0.040865384615384616 0.07932692307692307
2 0.7920673076923077 0.9242788461538461 0.036057692307692304 0.08533653846153846
2 0.8389423076923077 0.42908653846153844 0.05889423076923077 0.17307692307692307
2 0.8545673076923077 0.6730769230769231 0.0889423076923077 0.12740384615384615
2 0.8317307692307693 0.9242788461538461 0.039663461538461536 0.07692307692307693
2 0.8581730769230769 0.8088942307692307 0.08774038461538461 0.13942307692307693