2 0.18509615384615385 0.9146634615384616 0.06850961538461539 0.14783653846153846
2 0.14783653846153846 0.34975961538461536 0.19951923076923078 0.15985576923076922
2 0.18870192307692307 0.6286057692307693 0.10216346153846154 0.15144230769230768
2 0.2439903846153846 0.9459134615384616 0.13701923076923078 0.10697115384615384
2 0.35096153846153844 0.07451923076923077 0.02403846153846154 0.02283653846153846
2 0.421875 0.47716346153846156 0.07572115384615384 0.06850961538461539
2 0.44471153846153844 0.5108173076923077 0.08413461538461539 0.0673076923076923
2 0.4254807692307692 0.9807692307692307 0.037259615384615384 0.037259615384615384
2 0.47836538461538464 0.5901442307692307 0.11538461538461539 0.1502403846153846
2 0.5540865384615384 0.21394230769230768 0.09254807692307693 0.09615384615384616
2 0.5685096153846154 0.2932692307692308 0.1141826923076923 0.1141826923076923
2 0.5637019230769231 0.5805288461538461 0.07451923076923077 0.08533653846153846
2 0.5805288461538461 0.2824519230769231 0.07932692307692307 0.16346153846153846
2 0.7295673076923077 0.13822115384615385 0.02403846153846154 0.03125
2 0.7692307692307693 0.45552884615384615 0.025240384615384616 0.06370192307692307
2 0.8125 0.8401442307692307 0.07451923076923077 0.12860576923076922
2 0.8990384615384616 0.5120192307692307 0.10096153846153846 0.16947115384615385