2 0.34975961538461536 0.8701923076923077 0.07451923076923077 0.2536057692307692
2 0.052884615384615384 0.31850961538461536 0.016826923076923076 0.030048076923076924
2 0.12379807692307693 0.04447115384615385 0.008413461538461538 0.020432692307692308
2 0.25240384615384615 0.1875 0.12259615384615384 0.06129807692307692
2 0.24639423076923078 0.8846153846153846 0.09134615384615384 0.22716346153846154
2 0.28365384615384615 0.8786057692307693 0.051682692307692304 0.23677884615384615
2 0.3076923076923077 0.8401442307692307 0.04927884615384615 0.17668269230769232
2 0.38822115384615385 0.7992788461538461 0.05048076923076923 0.15144230769230768
2 0.43509615384615385 0.7944711538461539 0.03485576923076923 0.1502403846153846
2 0.43990384615384615 0.7199519230769231 0.03245192307692308 0.09014423076923077
2 0.5120192307692307 0.3605769230769231 0.010817307692307692 0.021634615384615384
2 0.5360576923076923 0.3798076923076923 0.009615384615384616 0.026442307692307692
2 0.5649038461538461 0.6875 0.027644230769230768 0.11177884615384616
2 0.5973557692307693 0.7019230769230769 0.02403846153846154 0.10697115384615384
2 0.6298076923076923 0.703125 0.018028846153846152 0.08653846153846154
2 0.6646634615384616 0.4951923076923077 0.054086538461538464 0.11057692307692307
2 0.6634615384615384 0.7055288461538461 0.008413461538461538 0.07692307692307693
2 0.6814903846153846 0.7019230769230769 0.03485576923076923 0.09495192307692307
2 0.7211538461538461 0.6105769230769231 0.020432692307692308 0.06490384615384616
2 0.7355769230769231 0.3581730769230769 0.013221153846153846 0.016826923076923076
2 0.7451923076923077 0.6189903846153846 0.026442307692307692 0.06129807692307692