2 0.020432692307692308 0.40865384615384615 0.040865384615384616 0.25
2 0.23798076923076922 0.4423076923076923 0.0829326923076923 0.1622596153846154
2 0.25961538461538464 0.43990384615384615 0.0733173076923077 0.16466346153846154
2 0.34615384615384615 0.49759615384615385 0.014423076923076924 0.07932692307692307
2 0.40384615384615385 0.47475961538461536 0.027644230769230768 0.125
2 0.48197115384615385 0.484375 0.037259615384615384 0.11658653846153846
2 0.5396634615384616 0.4519230769230769 0.051682692307692304 0.18509615384615385
2 0.5733173076923077 0.4639423076923077 0.05889423076923077 0.1814903846153846
2 0.6057692307692307 0.46033653846153844 0.037259615384615384 0.20673076923076922
2 0.6274038461538461 0.4723557692307692 0.028846153846153848 0.17307692307692307
2 0.7235576923076923 0.4795673076923077 0.052884615384615384 0.18389423076923078
2 0.8413461538461539 0.44350961538461536 0.09615384615384616 0.24879807692307693
2 0.890625 0.45913461538461536 0.057692307692307696 0.21153846153846154
2 0.9375 0.43028846153846156 0.051682692307692304 0.2608173076923077
2 0.9603365384615384 0.43990384615384615 0.078125 0.26802884615384615