2 0.2439903846153846 0.47716346153846156 0.040865384615384616 0.042067307692307696
2 0.3894230769230769 0.6742788461538461 0.0829326923076923 0.25841346153846156
2 0.5408653846153846 0.6490384615384616 0.03485576923076923 0.18028846153846154
2 0.5805288461538461 0.6742788461538461 0.06129807692307692 0.18870192307692307
2 0.6766826923076923 0.6334134615384616 0.028846153846153848 0.1346153846153846
2 0.6971153846153846 0.6430288461538461 0.037259615384615384 0.19591346153846154
2 0.7283653846153846 0.65625 0.05048076923076923 0.23076923076923078
2 0.7752403846153846 0.6887019230769231 0.03485576923076923 0.2247596153846154
2 0.8052884615384616 0.640625 0.03485576923076923 0.1814903846153846
2 0.8389423076923077 0.65625 0.027644230769230768 0.19831730769230768
2 0.9014423076923077 0.6634615384615384 0.07451923076923077 0.21754807692307693
2 0.9603365384615384 0.6862980769230769 0.051682692307692304 0.21754807692307693