2 0.2403846153846154 0.7608173076923077 0.12860576923076922 0.3425480769230769
2 0.07692307692307693 0.8689903846153846 0.11538461538461539 0.10216346153846154
2 0.17067307692307693 0.8125 0.109375 0.23076923076923078
2 0.4699519230769231 0.5228365384615384 0.4098557692307692 0.4483173076923077
2 0.3485576923076923 0.7331730769230769 0.10576923076923077 0.33653846153846156
2 0.3942307692307692 0.8052884615384616 0.10576923076923077 0.23197115384615385
2 0.4266826923076923 0.8737980769230769 0.10336538461538461 0.08533653846153846
2 0.4831730769230769 0.8137019230769231 0.1045673076923077 0.21153846153846154
2 0.5480769230769231 0.7608173076923077 0.1201923076923077 0.3088942307692308
2 0.7115384615384616 0.5024038461538461 0.0673076923076923 0.21754807692307693
2 0.7199519230769231 0.5384615384615384 0.06971153846153846 0.21875
2 0.7896634615384616 0.8016826923076923 0.13942307692307693 0.23798076923076922
2 0.7692307692307693 0.6394230769230769 0.09375 0.30528846153846156
2 0.8245192307692307 0.7524038461538461 0.109375 0.3161057692307692
2 0.8713942307692307 0.5793269230769231 0.109375 0.17067307692307693
2 0.8990384615384616 0.7896634615384616 0.12139423076923077 0.30528846153846156
2 0.9026442307692307 0.6358173076923077 0.08533653846153846 0.14182692307692307
2 0.9447115384615384 0.8221153846153846 0.09014423076923077 0.23197115384615385