2 0.09014423076923077 0.6550480769230769 0.1346153846153846 0.6466346153846154
2 0.14182692307692307 0.4987980769230769 0.09975961538461539 0.22716346153846154
2 0.2091346153846154 0.6286057692307693 0.16346153846153846 0.59375
2 0.22956730769230768 0.4651442307692308 0.0733173076923077 0.1141826923076923
2 0.3401442307692308 0.6682692307692307 0.17067307692307693 0.5600961538461539
2 0.49759615384615385 0.6237980769230769 0.15144230769230768 0.6274038461538461
2 0.6033653846153846 0.7223557692307693 0.09735576923076923 0.4579326923076923
2 0.5733173076923077 0.625 0.02403846153846154 0.32572115384615385
2 0.6442307692307693 0.6658653846153846 0.16706730769230768 0.53125
2 0.7548076923076923 0.6959134615384616 0.1658653846153846 0.5096153846153846
2 0.8209134615384616 0.6466346153846154 0.10576923076923077 0.46634615384615385
2 0.9314903846153846 0.6682692307692307 0.11057692307692307 0.5264423076923077
2 0.9747596153846154 0.5336538461538461 0.04807692307692308 0.2920673076923077