2 0.057692307692307696 0.5048076923076923 0.03245192307692308 0.07211538461538461
2 0.08413461538461539 0.5132211538461539 0.030048076923076924 0.07932692307692307
2 0.16826923076923078 0.5060096153846154 0.030048076923076924 0.06971153846153846
2 0.2247596153846154 0.6237980769230769 0.03125 0.1346153846153846
2 0.23918269230769232 0.5060096153846154 0.016826923076923076 0.040865384615384616
2 0.2668269230769231 0.5012019230769231 0.016826923076923076 0.05048076923076923
2 0.2692307692307692 0.6286057692307693 0.020432692307692308 0.10697115384615384
2 0.2860576923076923 0.6201923076923077 0.020432692307692308 0.11658653846153846
2 0.3389423076923077 0.5132211538461539 0.11778846153846154 0.13701923076923078
2 0.43990384615384615 0.4951923076923077 0.009615384615384616 0.018028846153846152
2 0.453125 0.5024038461538461 0.009615384615384616 0.03125
2 0.4639423076923077 0.49759615384615385 0.009615384615384616 0.027644230769230768
2 0.5084134615384616 0.5817307692307693 0.039663461538461536 0.13701923076923078
2 0.5516826923076923 0.5733173076923077 0.026442307692307692 0.12379807692307693
2 0.6622596153846154 0.5024038461538461 0.010817307692307692 0.015625
2 0.6814903846153846 0.5252403846153846 0.016826923076923076 0.07572115384615384
2 0.71875 0.5552884615384616 0.037259615384615384 0.08052884615384616
2 0.7427884615384616 0.5168269230769231 0.015625 0.04447115384615385
2 0.7884615384615384 0.5456730769230769 0.010817307692307692 0.08653846153846154
2 0.8413461538461539 0.5456730769230769 0.02403846153846154 0.07211538461538461
2 0.8629807692307693 0.5168269230769231 0.01201923076923077 0.020432692307692308
2 0.8858173076923077 0.5132211538461539 0.019230769230769232 0.027644230769230768
2 0.9567307692307693 0.5300480769230769 0.030048076923076924 0.0889423076923077
2 0.9939903846153846 0.5192307692307693 0.003605769230769231 0.030048076923076924