2 0.0733173076923077 0.10096153846153846 0.06490384615384616 0.20192307692307693
2 0.21033653846153846 0.37259615384615385 0.05048076923076923 0.3918269230769231
2 0.3485576923076923 0.5276442307692307 0.054086538461538464 0.09735576923076923
2 0.35216346153846156 0.5661057692307693 0.04807692307692308 0.08413461538461539
2 0.39783653846153844 0.5420673076923077 0.052884615384615384 0.056490384615384616
2 0.4891826923076923 0.5108173076923077 0.23197115384615385 0.19591346153846154
2 0.5024038461538461 0.4411057692307692 0.026442307692307692 0.03365384615384615
2 0.5264423076923077 0.4855769230769231 0.046875 0.05889423076923077
2 0.5492788461538461 0.44350961538461536 0.06850961538461539 0.09014423076923077
2 0.5576923076923077 0.5216346153846154 0.042067307692307696 0.056490384615384616
2 0.5757211538461539 0.48197115384615385 0.06490384615384616 0.07692307692307693
2 0.6009615384615384 0.5408653846153846 0.009615384615384616 0.03245192307692308
2 0.8100961538461539 0.5204326923076923 0.22235576923076922 0.5204326923076923
2 0.8185096153846154 0.5060096153846154 0.23798076923076922 0.4651442307692308