2 0.7223557692307693 0.4639423076923077 0.10576923076923077 0.3233173076923077
2 0.3401442307692308 0.6971153846153846 0.6802884615384616 0.6021634615384616
2 0.12860576923076922 0.36177884615384615 0.04326923076923077 0.0733173076923077
2 0.12860576923076922 0.2620192307692308 0.03125 0.04326923076923077
2 0.18509615384615385 0.3737980769230769 0.026442307692307692 0.051682692307692304
2 0.18629807692307693 0.2692307692307692 0.030048076923076924 0.051682692307692304
2 0.4951923076923077 0.3786057692307692 0.05048076923076923 0.07692307692307693
2 0.49399038461538464 0.25 0.042067307692307696 0.05889423076923077
2 0.5685096153846154 0.25 0.05048076923076923 0.07932692307692307
2 0.5721153846153846 0.3798076923076923 0.042067307692307696 0.08173076923076923
2 0.8365384615384616 0.46153846153846156 0.06610576923076923 0.07692307692307693
2 0.8401442307692307 0.4182692307692308 0.051682692307692304 0.12740384615384615
2 0.8497596153846154 0.22596153846153846 0.06129807692307692 0.09014423076923077
2 0.8509615384615384 0.35336538461538464 0.051682692307692304 0.08173076923076923
2 0.8677884615384616 0.4651442307692308 0.036057692307692304 0.06850961538461539
2 0.9266826923076923 0.3581730769230769 0.05889423076923077 0.09134615384615384
2 0.9375 0.22235576923076922 0.05048076923076923 0.08533653846153846
2 0.9543269230769231 0.4098557692307692 0.057692307692307696 0.10817307692307693