2 0.1622596153846154 0.6646634615384616 0.10216346153846154 0.21033653846153846
2 0.2704326923076923 0.6634615384615384 0.13341346153846154 0.2247596153846154
2 0.25721153846153844 0.5600961538461539 0.08774038461538461 0.12259615384615384
2 0.4831730769230769 0.59375 0.06490384615384616 0.2403846153846154
2 0.5552884615384616 0.5372596153846154 0.04927884615384615 0.10096153846153846
2 0.6213942307692307 0.5721153846153846 0.055288461538461536 0.16826923076923078
2 0.7463942307692307 0.8870192307692307 0.25961538461538464 0.22355769230769232
2 0.71875 0.7067307692307693 0.1346153846153846 0.234375
2 0.7007211538461539 0.5408653846153846 0.06610576923076923 0.1045673076923077
2 0.8112980769230769 0.6862980769230769 0.10336538461538461 0.18269230769230768
2 0.8052884615384616 0.5264423076923077 0.06850961538461539 0.0673076923076923
2 0.9050480769230769 0.8557692307692307 0.18870192307692307 0.2692307692307692
2 0.8569711538461539 0.5216346153846154 0.06370192307692307 0.07692307692307693
2 0.9146634615384616 0.7007211538461539 0.14783653846153846 0.19831730769230768
2 0.9411057692307693 0.5204326923076923 0.056490384615384616 0.07451923076923077
2 0.9819711538461539 0.5216346153846154 0.03485576923076923 0.08774038461538461