2 0.7956730769230769 0.6694711538461539 0.07211538461538461 0.41466346153846156
2 0.1045673076923077 0.7043269230769231 0.056490384615384616 0.25600961538461536
2 0.3269230769230769 0.6959134615384616 0.4963942307692308 0.3858173076923077
2 0.13942307692307693 0.6947115384615384 0.04447115384615385 0.2932692307692308
2 0.21634615384615385 0.5793269230769231 0.028846153846153848 0.12379807692307693
2 0.265625 0.6310096153846154 0.04927884615384615 0.22235576923076922
2 0.2776442307692308 0.7475961538461539 0.039663461538461536 0.20793269230769232
2 0.3245192307692308 0.6862980769230769 0.06610576923076923 0.32091346153846156
2 0.3581730769230769 0.7283653846153846 0.056490384615384616 0.25240384615384615
2 0.41225961538461536 0.71875 0.07572115384615384 0.2764423076923077
2 0.44471153846153844 0.7283653846153846 0.06490384615384616 0.21634615384615385
2 0.4987980769230769 0.6899038461538461 0.07692307692307693 0.375
2 0.7139423076923077 0.515625 0.036057692307692304 0.1201923076923077
2 0.7956730769230769 0.49399038461538464 0.055288461538461536 0.07451923076923077