2 0.026442307692307692 0.1466346153846154 0.03485576923076923 0.057692307692307696
2 0.04567307692307692 0.22716346153846154 0.051682692307692304 0.1045673076923077
2 0.05048076923076923 0.13341346153846154 0.026442307692307692 0.04326923076923077
2 0.078125 0.13341346153846154 0.037259615384615384 0.037259615384615384
2 0.2536057692307692 0.5072115384615384 0.38221153846153844 0.5060096153846154
2 0.09735576923076923 0.22235576923076922 0.025240384615384616 0.10336538461538461
2 0.11298076923076923 0.13581730769230768 0.040865384615384616 0.04326923076923077
2 0.11778846153846154 0.21875 0.036057692307692304 0.1141826923076923
2 0.14543269230769232 0.1310096153846154 0.02283653846153846 0.046875
2 0.23197115384615385 0.5132211538461539 0.19591346153846154 0.3557692307692308
2 0.15264423076923078 0.22355769230769232 0.030048076923076924 0.10336538461538461
2 0.17307692307692307 0.1310096153846154 0.03365384615384615 0.052884615384615384
2 0.18389423076923078 0.22115384615384615 0.03365384615384615 0.109375
2 0.33052884615384615 0.6237980769230769 0.27283653846153844 0.24278846153846154
2 0.22115384615384615 0.21394230769230768 0.03125 0.09134615384615384
2 0.24158653846153846 0.1346153846153846 0.04447115384615385 0.056490384615384616
2 0.28846153846153844 0.22716346153846154 0.030048076923076924 0.08533653846153846
2 0.328125 0.22716346153846154 0.026442307692307692 0.0985576923076923
2 0.3954326923076923 0.3581730769230769 0.11778846153846154 0.4423076923076923
2 0.3798076923076923 0.125 0.025240384615384616 0.04807692307692308
2 0.49038461538461536 0.47836538461538464 0.23557692307692307 0.46634615384615385
2 0.40384615384615385 0.12860576923076922 0.02403846153846154 0.042067307692307696
2 0.4266826923076923 0.1201923076923077 0.026442307692307692 0.04447115384615385
2 0.5745192307692307 0.47115384615384615 0.3112980769230769 0.5576923076923077
2 0.4495192307692308 0.13822115384615385 0.027644230769230768 0.057692307692307696
2 0.46875 0.15865384615384615 0.03365384615384615 0.046875
2 0.4699519230769231 0.21995192307692307 0.03485576923076923 0.10817307692307693
2 0.4639423076923077 0.1141826923076923 0.016826923076923076 0.036057692307692304
2 0.47836538461538464 0.12139423076923077 0.018028846153846152 0.039663461538461536
2 0.4951923076923077 0.14783653846153846 0.025240384615384616 0.06009615384615385
2 0.5060096153846154 0.12860576923076922 0.02283653846153846 0.055288461538461536
2 0.5144230769230769 0.07932692307692307 0.02403846153846154 0.08173076923076923
2 0.5697115384615384 0.21514423076923078 0.03245192307692308 0.06850961538461539
2 0.6105769230769231 0.21875 0.027644230769230768 0.07692307692307693
2 0.609375 0.14543269230769232 0.025240384615384616 0.042067307692307696
2 0.7247596153846154 0.36177884615384615 0.12379807692307693 0.5492788461538461
2 0.7896634615384616 0.453125 0.20673076923076922 0.5697115384615384
2 0.8257211538461539 0.4483173076923077 0.27283653846153844 0.4963942307692308
2 0.7596153846153846 0.11298076923076923 0.039663461538461536 0.04807692307692308
2 0.9254807692307693 0.10216346153846154 0.03125 0.04807692307692308
2 0.9783653846153846 0.23918269230769232 0.03125 0.14182692307692307