2 0.025240384615384616 0.9254807692307693 0.04927884615384615 0.14783653846153846
2 0.16706730769230768 0.9014423076923077 0.33413461538461536 0.19230769230769232
2 0.07692307692307693 0.9579326923076923 0.06490384615384616 0.08173076923076923
2 0.08413461538461539 0.9230769230769231 0.06610576923076923 0.15144230769230768
2 0.17668269230769232 0.9350961538461539 0.0673076923076923 0.12740384615384615
2 0.1875 0.8149038461538461 0.027644230769230768 0.03365384615384615
2 0.2932692307692308 0.9375 0.06610576923076923 0.12259615384615384
2 0.45552884615384615 0.33533653846153844 0.10697115384615384 0.19471153846153846
2 0.6358173076923077 0.6778846153846154 0.020432692307692308 0.051682692307692304
2 0.6346153846153846 0.6694711538461539 0.013221153846153846 0.04567307692307692
2 0.7391826923076923 0.6790865384615384 0.014423076923076924 0.06129807692307692