2 0.2644230769230769 0.6730769230769231 0.28966346153846156 0.5649038461538461
2 0.28846153846153844 0.36899038461538464 0.03365384615384615 0.055288461538461536
2 0.3161057692307692 0.36538461538461536 0.021634615384615384 0.052884615384615384
2 0.3473557692307692 0.3713942307692308 0.019230769230769232 0.039663461538461536
2 0.38100961538461536 0.37740384615384615 0.042067307692307696 0.036057692307692304
2 0.4326923076923077 0.4723557692307692 0.09615384615384616 0.21634615384615385
2 0.5228365384615384 0.4362980769230769 0.038461538461538464 0.15384615384615385
2 0.6706730769230769 0.45072115384615385 0.06971153846153846 0.18269230769230768
2 0.8762019230769231 0.6802884615384616 0.17548076923076922 0.4519230769230769
2 0.8449519230769231 0.4795673076923077 0.03485576923076923 0.15384615384615385
2 0.8846153846153846 0.4050480769230769 0.03365384615384615 0.0829326923076923
2 0.9399038461538461 0.4675480769230769 0.04807692307692308 0.18389423076923078
2 0.9795673076923077 0.4831730769230769 0.039663461538461536 0.17307692307692307