2 0.07692307692307693 0.5444711538461539 0.15384615384615385 0.5048076923076923
2 0.08413461538461539 0.9447115384615384 0.0733173076923077 0.10817307692307693
2 0.10576923076923077 0.2247596153846154 0.0829326923076923 0.15144230769230768
2 0.12259615384615384 0.6129807692307693 0.11057692307692307 0.5817307692307693
2 0.1141826923076923 0.29447115384615385 0.0889423076923077 0.1201923076923077
2 0.21394230769230768 0.5528846153846154 0.10576923076923077 0.4266826923076923
2 0.21995192307692307 0.9555288461538461 0.0625 0.08774038461538461
2 0.2824519230769231 0.14423076923076922 0.14783653846153846 0.28846153846153844
2 0.3125 0.28966346153846156 0.12620192307692307 0.3425480769230769
2 0.31971153846153844 0.9639423076923077 0.07572115384615384 0.07091346153846154
2 0.32211538461538464 0.41947115384615385 0.0733173076923077 0.41346153846153844
2 0.4014423076923077 0.5697115384615384 0.12980769230769232 0.453125
2 0.359375 0.006009615384615385 0.02283653846153846 0.01201923076923077
2 0.4519230769230769 0.1502403846153846 0.13942307692307693 0.3004807692307692
2 0.4411057692307692 0.4483173076923077 0.057692307692307696 0.2800480769230769
2 0.5264423076923077 0.6574519230769231 0.18990384615384615 0.5949519230769231
2 0.48197115384615385 0.2824519230769231 0.09134615384615384 0.2824519230769231
2 0.4675480769230769 0.9711538461538461 0.04447115384615385 0.056490384615384616
2 0.5276442307692307 0.07692307692307693 0.09254807692307693 0.15264423076923078
2 0.5540865384615384 0.43149038461538464 0.11177884615384616 0.40865384615384615
2 0.5733173076923077 0.9639423076923077 0.06129807692307692 0.07091346153846154
2 0.6538461538461539 0.18028846153846154 0.12980769230769232 0.3605769230769231
2 0.6923076923076923 0.31850961538461536 0.12860576923076922 0.39302884615384615
2 0.7680288461538461 0.3557692307692308 0.15264423076923078 0.3112980769230769
2 0.7247596153846154 0.9675480769230769 0.04567307692307692 0.06370192307692307
2 0.8329326923076923 0.13701923076923078 0.09495192307692307 0.27403846153846156
2 0.8413461538461539 0.9567307692307693 0.06971153846153846 0.08413461538461539
2 0.9350961538461539 0.2608173076923077 0.11778846153846154 0.28966346153846156
2 0.9651442307692307 0.06971153846153846 0.06490384615384616 0.13942307692307693
2 0.9735576923076923 0.9675480769230769 0.051682692307692304 0.06370192307692307