2 0.1201923076923077 0.38822115384615385 0.0673076923076923 0.27403846153846156
2 0.17548076923076922 0.5324519230769231 0.12620192307692307 0.578125
2 0.23677884615384615 0.4519230769230769 0.056490384615384616 0.3329326923076923
2 0.25600961538461536 0.32211538461538464 0.028846153846153848 0.08413461538461539
2 0.30288461538461536 0.375 0.037259615384615384 0.21875
2 0.3317307692307692 0.44711538461538464 0.051682692307692304 0.34975961538461536
2 0.3713942307692308 0.32091346153846156 0.03365384615384615 0.1045673076923077
2 0.390625 0.3317307692307692 0.040865384615384616 0.12259615384615384
2 0.42427884615384615 0.4326923076923077 0.04927884615384615 0.28125
2 0.45552884615384615 0.3557692307692308 0.04927884615384615 0.22115384615384615
2 0.5120192307692307 0.3641826923076923 0.04927884615384615 0.20432692307692307
2 0.5649038461538461 0.3161057692307692 0.055288461538461536 0.12259615384615384
2 0.6502403846153846 0.5516826923076923 0.1814903846153846 0.6923076923076923
2 0.7439903846153846 0.4014423076923077 0.06490384615384616 0.3425480769230769
2 0.8581730769230769 0.3581730769230769 0.057692307692307696 0.29086538461538464
2 0.9230769230769231 0.4723557692307692 0.14903846153846154 0.45913461538461536