2 0.06129807692307692 0.47836538461538464 0.0985576923076923 0.42908653846153844
2 0.21754807692307693 0.5661057692307693 0.13822115384615385 0.47836538461538464
2 0.17067307692307693 0.35697115384615385 0.04326923076923077 0.12379807692307693
2 0.2512019230769231 0.37740384615384615 0.06009615384615385 0.15504807692307693
2 0.2860576923076923 0.3858173076923077 0.052884615384615384 0.19951923076923078
2 0.3269230769230769 0.44350961538461536 0.08774038461538461 0.3245192307692308
2 0.3641826923076923 0.41225961538461536 0.042067307692307696 0.20552884615384615
2 0.40024038461538464 0.40625 0.04807692307692308 0.17668269230769232
2 0.5949519230769231 0.546875 0.21634615384615385 0.5360576923076923
2 0.5192307692307693 0.40024038461538464 0.05048076923076923 0.18028846153846154
2 0.5564903846153846 0.3605769230769231 0.051682692307692304 0.15985576923076922
2 0.5637019230769231 0.34615384615384615 0.05048076923076923 0.10817307692307693
2 0.6310096153846154 0.32091346153846156 0.018028846153846152 0.025240384615384616
2 0.6658653846153846 0.38461538461538464 0.039663461538461536 0.14783653846153846
2 0.7788461538461539 0.40625 0.06009615384615385 0.203125
2 0.8713942307692307 0.4254807692307692 0.054086538461538464 0.2512019230769231