2 0.027644230769230768 0.5348557692307693 0.04567307692307692 0.11177884615384616
2 0.18990384615384615 0.4543269230769231 0.010817307692307692 0.054086538461538464
2 0.2439903846153846 0.47115384615384615 0.013221153846153846 0.038461538461538464
2 0.2536057692307692 0.4699519230769231 0.002403846153846154 0.019230769230769232
2 0.2668269230769231 0.46634615384615385 0.007211538461538462 0.030048076923076924
2 0.3317307692307692 0.45072115384615385 0.01201923076923077 0.04326923076923077
2 0.34615384615384615 0.4423076923076923 0.009615384615384616 0.04326923076923077
2 0.3581730769230769 0.44350961538461536 0.016826923076923076 0.042067307692307696
2 0.3701923076923077 0.45072115384615385 0.008413461538461538 0.04326923076923077
2 0.3762019230769231 0.44591346153846156 0.014423076923076924 0.054086538461538464
2 0.39663461538461536 0.43990384615384615 0.018028846153846152 0.056490384615384616
2 0.41947115384615385 0.48677884615384615 0.030048076923076924 0.054086538461538464
2 0.45913461538461536 0.48197115384615385 0.013221153846153846 0.03125
2 0.7067307692307693 0.4387019230769231 0.013221153846153846 0.054086538461538464
2 0.7211538461538461 0.4362980769230769 0.013221153846153846 0.04326923076923077
2 0.7355769230769231 0.45072115384615385 0.028846153846153848 0.109375