2 0.5 0.6850961538461539 0.9987980769230769 0.6286057692307693
2 0.16466346153846154 0.7848557692307693 0.028846153846153848 0.12620192307692307
2 0.296875 0.1346153846153846 0.010817307692307692 0.051682692307692304
2 0.32091346153846156 0.1346153846153846 0.019230769230769232 0.051682692307692304
2 0.5348557692307693 0.125 0.01201923076923077 0.021634615384615384
2 0.5661057692307693 0.125 0.009615384615384616 0.025240384615384616
2 0.6262019230769231 0.1201923076923077 0.009615384615384616 0.020432692307692308
2 0.640625 0.12139423076923077 0.026442307692307692 0.04807692307692308
2 0.6911057692307693 0.12860576923076922 0.014423076923076924 0.025240384615384616
2 0.7355769230769231 0.12980769230769232 0.018028846153846152 0.038461538461538464
2 0.7596153846153846 0.1310096153846154 0.007211538461538462 0.028846153846153848
2 0.7956730769230769 0.12860576923076922 0.013221153846153846 0.03245192307692308
2 0.8149038461538461 0.12860576923076922 0.013221153846153846 0.04447115384615385
2 0.8521634615384616 0.7704326923076923 0.03485576923076923 0.10697115384615384