2 0.23677884615384615 0.7548076923076923 0.07692307692307693 0.3485576923076923
2 0.33052884615384615 0.6983173076923077 0.07572115384615384 0.28846153846153844
2 0.3629807692307692 0.47836538461538464 0.0673076923076923 0.22596153846153846
2 0.3894230769230769 0.7007211538461539 0.06370192307692307 0.1971153846153846
2 0.43149038461538464 0.7283653846153846 0.05048076923076923 0.1875
2 0.43509615384615385 0.4483173076923077 0.03485576923076923 0.1346153846153846
2 0.4483173076923077 0.6346153846153846 0.05048076923076923 0.15625
2 0.4543269230769231 0.4675480769230769 0.04326923076923077 0.1875
2 0.4891826923076923 0.6911057692307693 0.09615384615384616 0.21754807692307693
2 0.5456730769230769 0.3233173076923077 0.04447115384615385 0.21153846153846154
2 0.5564903846153846 0.6658653846153846 0.06009615384615385 0.1658653846153846
2 0.6021634615384616 0.6838942307692307 0.05048076923076923 0.18028846153846154
2 0.6454326923076923 0.5060096153846154 0.06009615384615385 0.22115384615384615
2 0.6935096153846154 0.6971153846153846 0.07692307692307693 0.21514423076923078
2 0.6935096153846154 0.4831730769230769 0.04567307692307692 0.234375
2 0.7391826923076923 0.7295673076923077 0.08774038461538461 0.3317307692307692
2 0.8185096153846154 0.8245192307692307 0.0985576923076923 0.21394230769230768
2 0.8269230769230769 0.5132211538461539 0.06009615384615385 0.12620192307692307
2 0.8737980769230769 0.5204326923076923 0.054086538461538464 0.12860576923076922