2 0.030048076923076924 0.5817307692307693 0.06009615384615385 0.7403846153846154
2 0.03125 0.2848557692307692 0.052884615384615384 0.15985576923076922
2 0.09615384615384616 0.5492788461538461 0.08533653846153846 0.703125
2 0.0829326923076923 0.23918269230769232 0.04927884615384615 0.17548076923076922
2 0.11778846153846154 0.26802884615384615 0.027644230769230768 0.14783653846153846
2 0.14302884615384615 0.5 0.05048076923076923 0.6346153846153846
2 0.1814903846153846 0.41225961538461536 0.06490384615384616 0.5060096153846154
2 0.16346153846153846 0.24759615384615385 0.02283653846153846 0.1141826923076923
2 0.19471153846153846 0.6706730769230769 0.06610576923076923 0.421875
2 0.21634615384615385 0.33413461538461536 0.05048076923076923 0.36538461538461536
2 0.24759615384615385 0.5793269230769231 0.052884615384615384 0.5661057692307693
2 0.25 0.296875 0.04567307692307692 0.23557692307692307
2 0.2644230769230769 0.22596153846153846 0.027644230769230768 0.11778846153846154
2 0.2860576923076923 0.34615384615384615 0.04807692307692308 0.3112980769230769
2 0.2956730769230769 0.578125 0.040865384615384616 0.3425480769230769
2 0.3161057692307692 0.6610576923076923 0.0673076923076923 0.3425480769230769
2 0.32572115384615385 0.265625 0.038461538461538464 0.3269230769230769
2 0.3473557692307692 0.3161057692307692 0.04447115384615385 0.21995192307692307
2 0.3581730769230769 0.4735576923076923 0.040865384615384616 0.2091346153846154
2 0.3737980769230769 0.6141826923076923 0.06009615384615385 0.3161057692307692
2 0.3641826923076923 0.28725961538461536 0.025240384615384616 0.16346153846153846
2 0.3737980769230769 0.27524038461538464 0.018028846153846152 0.13341346153846154
2 0.40024038461538464 0.4483173076923077 0.04567307692307692 0.17548076923076922
2 0.40024038461538464 0.29086538461538464 0.042067307692307696 0.24759615384615385
2 0.4170673076923077 0.6382211538461539 0.06971153846153846 0.36538461538461536
2 0.43990384615384615 0.296875 0.03485576923076923 0.19831730769230768
2 0.4387019230769231 0.45072115384615385 0.027644230769230768 0.20192307692307693
2 0.4567307692307692 0.6598557692307693 0.057692307692307696 0.3161057692307692
2 0.4519230769230769 0.23798076923076922 0.027644230769230768 0.15625
2 0.4723557692307692 0.44350961538461536 0.03365384615384615 0.23197115384615385
2 0.47475961538461536 0.28725961538461536 0.03365384615384615 0.2247596153846154
2 0.5012019230769231 0.5456730769230769 0.03485576923076923 0.36899038461538464
2 0.49399038461538464 0.2512019230769231 0.014423076923076924 0.13701923076923078
2 0.5036057692307693 0.2704326923076923 0.021634615384615384 0.15264423076923078
2 0.5120192307692307 0.28725961538461536 0.021634615384615384 0.21634615384615385
2 0.5408653846153846 0.31971153846153844 0.046875 0.27403846153846156
2 0.5516826923076923 0.5360576923076923 0.042067307692307696 0.24278846153846154
2 0.5733173076923077 0.2800480769230769 0.028846153846153848 0.23197115384615385
2 0.6009615384615384 0.49278846153846156 0.07211538461538461 0.23197115384615385
2 0.5985576923076923 0.3016826923076923 0.052884615384615384 0.2548076923076923
2 0.6189903846153846 0.21995192307692307 0.027644230769230768 0.18269230769230768
2 0.625 0.25240384615384615 0.028846153846153848 0.18629807692307693
2 0.6394230769230769 0.48677884615384615 0.04447115384615385 0.33413461538461536
2 0.6466346153846154 0.2512019230769231 0.03245192307692308 0.23557692307692307
2 0.6694711538461539 0.625 0.06009615384615385 0.36177884615384615
2 0.6658653846153846 0.18389423076923078 0.02283653846153846 0.07932692307692307
2 0.671875 0.25240384615384615 0.03125 0.23197115384615385
2 0.7043269230769231 0.26802884615384615 0.042067307692307696 0.2620192307692308
2 0.7235576923076923 0.5384615384615384 0.06009615384615385 0.3233173076923077
2 0.7235576923076923 0.2800480769230769 0.019230769230769232 0.17908653846153846
2 0.765625 0.38221153846153844 0.0733173076923077 0.5360576923076923
2 0.7391826923076923 0.20552884615384615 0.014423076923076924 0.07572115384615384
2 0.8112980769230769 0.47716346153846156 0.06610576923076923 0.3161057692307692
2 0.8581730769230769 0.4543269230769231 0.06490384615384616 0.6045673076923077
2 0.8701923076923077 0.18028846153846154 0.013221153846153846 0.11778846153846154
2 0.8930288461538461 0.4014423076923077 0.04326923076923077 0.5889423076923077
2 0.9206730769230769 0.4735576923076923 0.052884615384615384 0.6274038461538461
2 0.9350961538461539 0.17908653846153846 0.019230769230769232 0.12139423076923077
2 0.953125 0.28846153846153844 0.028846153846153848 0.36538461538461536
2 0.9723557692307693 0.4050480769230769 0.052884615384615384 0.734375
2 0.9735576923076923 0.14783653846153846 0.010817307692307692 0.06850961538461539