2 0.8137019230769231 0.6935096153846154 0.27163461538461536 0.6117788461538461
2 0.16826923076923078 0.17427884615384615 0.10096153846153846 0.19591346153846154
2 0.29086538461538464 0.2536057692307692 0.19591346153846154 0.3112980769230769
2 0.22716346153846154 0.1814903846153846 0.055288461538461536 0.17668269230769232
2 0.328125 0.08533653846153846 0.057692307692307696 0.16947115384615385
2 0.4050480769230769 0.3016826923076923 0.1658653846153846 0.37259615384615385
2 0.40625 0.07692307692307693 0.038461538461538464 0.11298076923076923
2 0.49759615384615385 0.390625 0.18509615384615385 0.4495192307692308
2 0.43990384615384615 0.0625 0.04807692307692308 0.125
2 0.47836538461538464 0.09014423076923077 0.0673076923076923 0.18028846153846154
2 0.6298076923076923 0.46153846153846156 0.21153846153846154 0.5949519230769231
2 0.7548076923076923 0.14903846153846154 0.08533653846153846 0.20552884615384615