2 0.8846153846153846 0.48677884615384615 0.09014423076923077 0.421875
2 0.25600961538461536 0.6586538461538461 0.13942307692307693 0.5120192307692307
2 0.49399038461538464 0.44711538461538464 0.15144230769230768 0.35216346153846156
2 0.47836538461538464 0.19831730769230768 0.04927884615384615 0.20673076923076922
2 0.5949519230769231 0.14903846153846154 0.0673076923076923 0.18028846153846154
2 0.7512019230769231 0.17908653846153846 0.04567307692307692 0.12139423076923077
2 0.7596153846153846 0.04447115384615385 0.030048076923076924 0.04567307692307692
2 0.7992788461538461 0.04807692307692308 0.02403846153846154 0.042067307692307696
2 0.8076923076923077 0.05048076923076923 0.03365384615384615 0.056490384615384616
2 0.8509615384615384 0.19230769230769232 0.05048076923076923 0.20793269230769232
2 0.8689903846153846 0.051682692307692304 0.026442307692307692 0.07211538461538461
2 0.8822115384615384 0.037259615384615384 0.03125 0.07451923076923077