2 0.1778846153846154 0.7415865384615384 0.056490384615384616 0.10817307692307693
2 0.28365384615384615 0.6802884615384616 0.09014423076923077 0.17668269230769232
2 0.35697115384615385 0.4411057692307692 0.08774038461538461 0.15625
2 0.3545673076923077 0.7932692307692307 0.052884615384615384 0.11177884615384616
2 0.39302884615384615 0.6706730769230769 0.06009615384615385 0.13221153846153846
2 0.40024038461538464 0.7908653846153846 0.04927884615384615 0.1141826923076923
2 0.45913461538461536 0.4807692307692308 0.052884615384615384 0.15985576923076922
2 0.4675480769230769 0.7776442307692307 0.04447115384615385 0.10697115384615384
2 0.5084134615384616 0.6646634615384616 0.06850961538461539 0.16826923076923078
2 0.5552884615384616 0.5036057692307693 0.06850961538461539 0.17668269230769232
2 0.6298076923076923 0.49038461538461536 0.06971153846153846 0.15865384615384615
2 0.6298076923076923 0.6899038461538461 0.06129807692307692 0.1814903846153846
2 0.7199519230769231 0.49038461538461536 0.06370192307692307 0.14302884615384615
2 0.7632211538461539 0.6923076923076923 0.11057692307692307 0.21033653846153846
2 0.8317307692307693 0.453125 0.06850961538461539 0.17908653846153846
2 0.9314903846153846 0.7307692307692307 0.052884615384615384 0.18389423076923078
2 0.9519230769230769 0.45552884615384615 0.054086538461538464 0.17668269230769232