2 0.018028846153846152 0.34375 0.027644230769230768 0.08173076923076923
2 0.039663461538461536 0.3401442307692308 0.036057692307692304 0.08052884615384616
2 0.08413461538461539 0.35096153846153844 0.028846153846153848 0.0829326923076923
2 0.10576923076923077 0.35096153846153844 0.02403846153846154 0.10216346153846154
2 0.1346153846153846 0.3401442307692308 0.019230769230769232 0.07451923076923077
2 0.22115384615384615 0.38221153846153844 0.056490384615384616 0.1971153846153846
2 0.3449519230769231 0.3317307692307692 0.05048076923076923 0.07451923076923077
2 0.4495192307692308 0.34615384615384615 0.08052884615384616 0.12139423076923077
2 0.5745192307692307 0.3173076923076923 0.025240384615384616 0.055288461538461536
2 0.7211538461538461 0.3269230769230769 0.07211538461538461 0.07091346153846154
2 0.7740384615384616 0.36778846153846156 0.027644230769230768 0.13942307692307693
2 0.9711538461538461 0.39302884615384615 0.055288461538461536 0.1971153846153846