2 0.4651442307692308 0.7379807692307693 0.07692307692307693 0.4098557692307692
2 0.019230769230769232 0.5961538461538461 0.037259615384615384 0.10336538461538461
2 0.06850961538461539 0.5865384615384616 0.02283653846153846 0.057692307692307696
2 0.11057692307692307 0.6694711538461539 0.04807692307692308 0.27884615384615385
2 0.15985576923076922 0.5901442307692307 0.02403846153846154 0.06610576923076923
2 0.1971153846153846 0.5853365384615384 0.020432692307692308 0.07572115384615384
2 0.2247596153846154 0.6286057692307693 0.04807692307692308 0.18870192307692307
2 0.25721153846153844 0.6225961538461539 0.027644230769230768 0.16105769230769232
2 0.33052884615384615 0.6177884615384616 0.1201923076923077 0.15745192307692307
2 0.39903846153846156 0.6658653846153846 0.0673076923076923 0.3161057692307692
2 0.421875 0.6598557692307693 0.040865384615384616 0.25240384615384615
2 0.46153846153846156 0.5673076923076923 0.057692307692307696 0.057692307692307696
2 0.5997596153846154 0.7283653846153846 0.08533653846153846 0.4375
2 0.6634615384615384 0.6153846153846154 0.17908653846153846 0.1466346153846154
2 0.8605769230769231 0.6622596153846154 0.20793269230769232 0.265625