2 0.07692307692307693 0.6790865384615384 0.12980769230769232 0.6225961538461539
2 0.010817307692307692 0.2932692307692308 0.021634615384615384 0.125
2 0.5 0.6141826923076923 0.9987980769230769 0.7704326923076923
2 0.057692307692307696 0.39783653846153844 0.09495192307692307 0.15745192307692307
2 0.039663461538461536 0.2776442307692308 0.051682692307692304 0.09134615384615384
2 0.057692307692307696 0.4362980769230769 0.0733173076923077 0.11177884615384616
2 0.0889423076923077 0.27163461538461536 0.03245192307692308 0.06129807692307692
2 0.1778846153846154 0.24278846153846154 0.039663461538461536 0.04807692307692308
2 0.33774038461538464 0.6201923076923077 0.28846153846153844 0.7584134615384616
2 0.45552884615384615 0.6790865384615384 0.14182692307692307 0.6370192307692307
2 0.5480769230769231 0.6730769230769231 0.19591346153846154 0.6370192307692307
2 0.7079326923076923 0.6887019230769231 0.25841346153846156 0.6201923076923077
2 0.9026442307692307 0.6346153846153846 0.19110576923076922 0.7295673076923077