2 0.08413461538461539 0.7824519230769231 0.07091346153846154 0.23076923076923078
2 0.02403846153846154 0.7512019230769231 0.04807692307692308 0.20072115384615385
2 0.12259615384615384 0.7896634615384616 0.026442307692307692 0.1971153846153846
2 0.1502403846153846 0.7391826923076923 0.03365384615384615 0.11057692307692307
2 0.1971153846153846 0.7487980769230769 0.042067307692307696 0.12379807692307693
2 0.23317307692307693 0.75 0.05889423076923077 0.1658653846153846
2 0.29086538461538464 0.7608173076923077 0.057692307692307696 0.1658653846153846
2 0.32211538461538464 0.7355769230769231 0.021634615384615384 0.10817307692307693
2 0.35096153846153844 0.7319711538461539 0.027644230769230768 0.12379807692307693
2 0.375 0.7439903846153846 0.03125 0.1310096153846154
2 0.3942307692307692 0.7271634615384616 0.02283653846153846 0.11778846153846154
2 0.41346153846153844 0.7199519230769231 0.021634615384615384 0.06850961538461539
2 0.5036057692307693 0.71875 0.030048076923076924 0.0889423076923077
2 0.6670673076923077 0.7247596153846154 0.03245192307692308 0.04567307692307692
2 0.7163461538461539 0.7151442307692307 0.040865384615384616 0.0733173076923077