2 0.06971153846153846 0.41225961538461536 0.06490384615384616 0.34975961538461536
2 0.1346153846153846 0.4362980769230769 0.09975961538461539 0.3870192307692308
2 0.3425480769230769 0.4206730769230769 0.3016826923076923 0.3918269230769231
2 0.43990384615384615 0.38461538461538464 0.0625 0.21634615384615385
2 0.5528846153846154 0.3870192307692308 0.27283653846153844 0.3137019230769231
2 0.7091346153846154 0.36538461538461536 0.19471153846153846 0.25961538461538464
2 0.6418269230769231 0.28365384615384615 0.03125 0.046875
2 0.8197115384615384 0.35697115384615385 0.17067307692307693 0.23197115384615385
2 0.7524038461538461 0.30408653846153844 0.03365384615384615 0.08774038461538461
2 0.8689903846153846 0.3449519230769231 0.0889423076923077 0.19951923076923078
2 0.9519230769230769 0.3605769230769231 0.09375 0.15625