2 0.9399038461538461 0.9230769230769231 0.07211538461538461 0.13221153846153846
2 0.22115384615384615 0.8028846153846154 0.06129807692307692 0.31490384615384615
2 0.2548076923076923 0.5997596153846154 0.042067307692307696 0.14783653846153846
2 0.49278846153846156 0.5 0.03365384615384615 0.07692307692307693
2 0.5096153846153846 0.5108173076923077 0.030048076923076924 0.06009615384615385
2 0.5108173076923077 0.6526442307692307 0.03245192307692308 0.03245192307692308
2 0.5180288461538461 0.5564903846153846 0.04567307692307692 0.039663461538461536
2 0.53125 0.5949519230769231 0.046875 0.09134615384615384
2 0.546875 0.6622596153846154 0.030048076923076924 0.04807692307692308
2 0.5625 0.6081730769230769 0.030048076923076924 0.06610576923076923
2 0.7259615384615384 0.7644230769230769 0.06971153846153846 0.18629807692307693
2 0.7524038461538461 0.44591346153846156 0.03245192307692308 0.07692307692307693
2 0.8149038461538461 0.9483173076923077 0.06370192307692307 0.10216346153846154
2 0.8401442307692307 0.4699519230769231 0.030048076923076924 0.12139423076923077