2 0.8305288461538461 0.5697115384615384 0.14783653846153846 0.49158653846153844
2 0.054086538461538464 0.6153846153846154 0.10697115384615384 0.5661057692307693
2 0.08173076923076923 0.41947115384615385 0.03245192307692308 0.11057692307692307
2 0.08774038461538461 0.3629807692307692 0.026442307692307692 0.09014423076923077
2 0.20552884615384615 0.4639423076923077 0.10336538461538461 0.171875
2 0.234375 0.43028846153846156 0.06129807692307692 0.12980769230769232
2 0.45552884615384615 0.4987980769230769 0.10096153846153846 0.31490384615384615
2 0.4891826923076923 0.7584134615384616 0.15384615384615385 0.40024038461538464
2 0.43028846153846156 0.3473557692307692 0.030048076923076924 0.1045673076923077
2 0.5024038461538461 0.3605769230769231 0.03365384615384615 0.11298076923076923
2 0.8100961538461539 0.3786057692307692 0.025240384615384616 0.078125
2 0.8774038461538461 0.3605769230769231 0.03125 0.11658653846153846