2 0.03365384615384615 0.5120192307692307 0.0673076923076923 0.33774038461538464
2 0.1045673076923077 0.17668269230769232 0.06009615384615385 0.0829326923076923
2 0.11658653846153846 0.36177884615384615 0.04447115384615385 0.2247596153846154
2 0.1466346153846154 0.35096153846153844 0.025240384615384616 0.18389423076923078
2 0.18870192307692307 0.5060096153846154 0.09014423076923077 0.34134615384615385
2 0.24158653846153846 0.18870192307692307 0.04927884615384615 0.08052884615384616
2 0.2692307692307692 0.19230769230769232 0.054086538461538464 0.08052884615384616
2 0.3161057692307692 0.1814903846153846 0.039663461538461536 0.08653846153846154
2 0.42788461538461536 0.5336538461538461 0.17548076923076922 0.328125
2 0.5408653846153846 0.5324519230769231 0.11778846153846154 0.36177884615384615
2 0.5552884615384616 0.4411057692307692 0.051682692307692304 0.2848557692307692
2 0.6129807692307693 0.5144230769230769 0.10216346153846154 0.3485576923076923
2 0.6394230769230769 0.3016826923076923 0.03125 0.13942307692307693
2 0.6682692307692307 0.2920673076923077 0.03125 0.16706730769230768
2 0.6923076923076923 0.29447115384615385 0.028846153846153848 0.1466346153846154
2 0.8377403846153846 0.3942307692307692 0.05889423076923077 0.2668269230769231
2 0.8401442307692307 0.25600961538461536 0.03125 0.08052884615384616
2 0.8930288461538461 0.28966346153846156 0.042067307692307696 0.15625
2 0.9362980769230769 0.390625 0.04927884615384615 0.27163461538461536
2 0.9807692307692307 0.18990384615384615 0.03485576923076923 0.07932692307692307