2 0.4423076923076923 0.8185096153846154 0.04807692307692308 0.09495192307692307
2 0.4987980769230769 0.3173076923076923 0.9975961538461539 0.6346153846153846
2 0.03245192307692308 0.8028846153846154 0.02403846153846154 0.08653846153846154
2 0.2644230769230769 0.7223557692307693 0.019230769230769232 0.07932692307692307
2 0.3545673076923077 0.6478365384615384 0.015625 0.06971153846153846
2 0.3629807692307692 0.7175480769230769 0.021634615384615384 0.07692307692307693
2 0.3858173076923077 0.6177884615384616 0.016826923076923076 0.057692307692307696
2 0.39663461538461536 0.9591346153846154 0.036057692307692304 0.08052884615384616
2 0.42427884615384615 0.6766826923076923 0.021634615384615384 0.07692307692307693
2 0.42427884615384615 0.6274038461538461 0.018028846153846152 0.057692307692307696
2 0.5228365384615384 0.703125 0.038461538461538464 0.09375
2 0.5288461538461539 0.6201923076923077 0.015625 0.0733173076923077
2 0.5480769230769231 0.6165865384615384 0.021634615384615384 0.0733173076923077
2 0.5612980769230769 0.6105769230769231 0.02283653846153846 0.06490384615384616
2 0.5721153846153846 0.7355769230769231 0.027644230769230768 0.08533653846153846
2 0.5829326923076923 0.5913461538461539 0.020432692307692308 0.07692307692307693
2 0.6201923076923077 0.6105769230769231 0.027644230769230768 0.0625
2 0.7007211538461539 0.7259615384615384 0.021634615384615384 0.08052884615384616
2 0.8185096153846154 0.6538461538461539 0.019230769230769232 0.078125