2 0.5 0.3245192307692308 0.9987980769230769 0.6057692307692307
2 0.3858173076923077 0.9759615384615384 0.046875 0.04567307692307692
2 0.4014423076923077 0.96875 0.05048076923076923 0.06009615384615385
2 0.4387019230769231 0.9519230769230769 0.03485576923076923 0.09254807692307693
2 0.5084134615384616 0.8846153846153846 0.06610576923076923 0.1466346153846154
2 0.5120192307692307 0.96875 0.04927884615384615 0.06009615384615385
2 0.5625 0.8774038461538461 0.05889423076923077 0.19230769230769232
2 0.6225961538461539 0.9675480769230769 0.06129807692307692 0.06129807692307692
2 0.6478365384615384 0.9483173076923077 0.0625 0.10216346153846154
2 0.6802884615384616 0.9603365384615384 0.05048076923076923 0.07692307692307693
2 0.7319711538461539 0.9326923076923077 0.07211538461538461 0.09975961538461539
2 0.7463942307692307 0.9663461538461539 0.057692307692307696 0.06490384615384616
2 0.8161057692307693 0.9615384615384616 0.055288461538461536 0.07572115384615384
2 0.8521634615384616 0.8786057692307693 0.07091346153846154 0.07572115384615384
2 0.8605769230769231 0.9375 0.054086538461538464 0.12259615384615384
2 0.921875 0.9675480769230769 0.09615384615384616 0.0625
2 0.9375 0.9435096153846154 0.06610576923076923 0.07572115384615384
2 0.9735576923076923 0.8918269230769231 0.04927884615384615 0.0985576923076923
2 0.9891826923076923 0.8377403846153846 0.020432692307692308 0.07692307692307693