2 0.47836538461538464 0.6911057692307693 0.08533653846153846 0.3173076923076923
2 0.016826923076923076 0.59375 0.03365384615384615 0.10096153846153846
2 0.03365384615384615 0.6454326923076923 0.04567307692307692 0.21995192307692307
2 0.08774038461538461 0.6009615384615384 0.04447115384615385 0.1971153846153846
2 0.15504807692307693 0.5769230769230769 0.05048076923076923 0.10817307692307693
2 0.21514423076923078 0.5697115384615384 0.03125 0.06370192307692307
2 0.5276442307692307 0.6682692307692307 0.6574519230769231 0.2800480769230769
2 0.5048076923076923 0.5168269230769231 0.02403846153846154 0.13221153846153846
2 0.5360576923076923 0.5084134615384616 0.021634615384615384 0.11899038461538461
2 0.5649038461538461 0.49759615384615385 0.025240384615384616 0.08052884615384616
2 0.8449519230769231 0.5721153846153846 0.042067307692307696 0.08653846153846154
2 0.8882211538461539 0.5 0.027644230769230768 0.07572115384615384
2 0.8954326923076923 0.5853365384615384 0.040865384615384616 0.09134615384615384
2 0.9170673076923077 0.4987980769230769 0.030048076923076924 0.07692307692307693
2 0.9411057692307693 0.5793269230769231 0.04447115384615385 0.11057692307692307