2 0.07572115384615384 0.6141826923076923 0.0985576923076923 0.2920673076923077
2 0.3389423076923077 0.8028846153846154 0.12379807692307693 0.30649038461538464
2 0.4182692307692308 0.5540865384615384 0.06490384615384616 0.15985576923076922
2 0.4567307692307692 0.7608173076923077 0.09134615384615384 0.265625
2 0.5408653846153846 0.5384615384615384 0.05048076923076923 0.12860576923076922
2 0.6045673076923077 0.7019230769230769 0.0889423076923077 0.19831730769230768
2 0.5949519230769231 0.5228365384615384 0.05889423076923077 0.09495192307692307
2 0.6262019230769231 0.6117788461538461 0.06610576923076923 0.15144230769230768
2 0.6346153846153846 0.5324519230769231 0.06009615384615385 0.14182692307692307
2 0.6706730769230769 0.5384615384615384 0.039663461538461536 0.11899038461538461
2 0.7127403846153846 0.6670673076923077 0.08052884615384616 0.17548076923076922