2 0.25961538461538464 0.7271634615384616 0.0889423076923077 0.3737980769230769
2 0.04567307692307692 0.7271634615384616 0.0889423076923077 0.31850961538461536
2 0.09615384615384616 0.7367788461538461 0.0733173076923077 0.35336538461538464
2 0.29927884615384615 0.7331730769230769 0.06850961538461539 0.2980769230769231
2 0.3737980769230769 0.7163461538461539 0.12379807692307693 0.42908653846153844
2 0.5925480769230769 0.7211538461538461 0.3401442307692308 0.41346153846153844
2 0.7127403846153846 0.18028846153846154 0.14423076923076922 0.1502403846153846
2 0.7560096153846154 0.3605769230769231 0.09615384615384616 0.15504807692307693
2 0.8137019230769231 0.20432692307692307 0.040865384615384616 0.04447115384615385
2 0.8413461538461539 0.20793269230769232 0.06129807692307692 0.07091346153846154
2 0.8689903846153846 0.23677884615384615 0.04447115384615385 0.07091346153846154