2 0.46875 0.3581730769230769 0.0889423076923077 0.47596153846153844
2 0.04326923076923077 0.609375 0.08653846153846154 0.1658653846153846
2 0.09375 0.8485576923076923 0.18509615384615385 0.3004807692307692
2 0.2091346153846154 0.7932692307692307 0.22355769230769232 0.4110576923076923
2 0.13581730769230768 0.08653846153846154 0.0625 0.1622596153846154
2 0.16947115384615385 0.24759615384615385 0.0985576923076923 0.2536057692307692
2 0.21153846153846154 0.1141826923076923 0.08052884615384616 0.16947115384615385
2 0.2920673076923077 0.12259615384615384 0.08052884615384616 0.23317307692307693
2 0.40384615384615385 0.8557692307692307 0.2776442307692308 0.2860576923076923
2 0.40024038461538464 0.21754807692307693 0.04927884615384615 0.2548076923076923
2 0.4266826923076923 0.09014423076923077 0.05889423076923077 0.18028846153846154
2 0.5192307692307693 0.13581730769230768 0.037259615384615384 0.22355769230769232
2 0.5516826923076923 0.2127403846153846 0.06129807692307692 0.28125
2 0.8040865384615384 0.45913461538461536 0.3894230769230769 0.9170673076923077