2 0.04927884615384615 0.8100961538461539 0.0985576923076923 0.23677884615384615
2 0.08533653846153846 0.703125 0.06009615384615385 0.15625
2 0.11899038461538461 0.8245192307692307 0.09975961538461539 0.3485576923076923
2 0.21394230769230768 0.8293269230769231 0.2247596153846154 0.33774038461538464
2 0.30288461538461536 0.796875 0.18269230769230768 0.40384615384615385
2 0.38822115384615385 0.8257211538461539 0.11538461538461539 0.3449519230769231
2 0.421875 0.71875 0.07572115384615384 0.18629807692307693
2 0.4951923076923077 0.7956730769230769 0.09735576923076923 0.38461538461538464
2 0.5360576923076923 0.8233173076923077 0.09134615384615384 0.34975961538461536
2 0.6201923076923077 0.8197115384615384 0.16826923076923078 0.35697115384615385
2 0.6766826923076923 0.8137019230769231 0.07692307692307693 0.35216346153846156
2 0.7379807692307693 0.8004807692307693 0.10697115384615384 0.39663461538461536
2 0.796875 0.7319711538461539 0.09375 0.3918269230769231
2 0.8689903846153846 0.6911057692307693 0.055288461538461536 0.2536057692307692
2 0.9675480769230769 0.8076923076923077 0.06129807692307692 0.38221153846153844