2 0.8112980769230769 0.43990384615384615 0.12620192307692307 0.5384615384615384
2 0.021634615384615384 0.33052884615384615 0.04326923076923077 0.31490384615384615
2 0.06610576923076923 0.3125 0.051682692307692304 0.21514423076923078
2 0.06490384615384616 0.1778846153846154 0.03245192307692308 0.10216346153846154
2 0.13942307692307693 0.19591346153846154 0.018028846153846152 0.06610576923076923
2 0.1622596153846154 0.33052884615384615 0.06370192307692307 0.2776442307692308
2 0.20072115384615385 0.33774038461538464 0.0673076923076923 0.28846153846153844
2 0.25240384615384615 0.37259615384615385 0.056490384615384616 0.41947115384615385
2 0.3161057692307692 0.2932692307692308 0.02283653846153846 0.21033653846153846
2 0.3858173076923077 0.3004807692307692 0.12379807692307693 0.23197115384615385
2 0.43028846153846156 0.43028846153846156 0.13822115384615385 0.4795673076923077
2 0.4423076923076923 0.3125 0.02403846153846154 0.22596153846153846
2 0.5216346153846154 0.4651442307692308 0.1658653846153846 0.6117788461538461
2 0.48677884615384615 0.3088942307692308 0.05048076923076923 0.20432692307692307
2 0.5096153846153846 0.25600961538461536 0.015625 0.08052884615384616
2 0.5324519230769231 0.25 0.040865384615384616 0.09254807692307693
2 0.609375 0.3125 0.038461538461538464 0.19831730769230768
2 0.6730769230769231 0.40625 0.11177884615384616 0.46274038461538464
2 0.7067307692307693 0.3329326923076923 0.051682692307692304 0.1935096153846154
2 0.7608173076923077 0.3317307692307692 0.06370192307692307 0.21995192307692307
2 0.7896634615384616 0.25240384615384615 0.014423076923076924 0.03125
2 0.8545673076923077 0.3713942307692308 0.039663461538461536 0.24639423076923078
2 0.9627403846153846 0.41466346153846156 0.0733173076923077 0.2920673076923077