2 0.10096153846153846 0.5276442307692307 0.038461538461538464 0.31009615384615385
2 0.15504807692307693 0.5420673076923077 0.0673076923076923 0.36538461538461536
2 0.23918269230769232 0.6069711538461539 0.10336538461538461 0.2692307692307692
2 0.33052884615384615 0.6490384615384616 0.09975961538461539 0.35216346153846156
2 0.3076923076923077 0.4699519230769231 0.030048076923076924 0.04567307692307692
2 0.33774038461538464 0.49158653846153844 0.039663461538461536 0.09615384615384616
2 0.3329326923076923 0.4362980769230769 0.025240384615384616 0.13581730769230768
2 0.3545673076923077 0.5096153846153846 0.057692307692307696 0.1346153846153846
2 0.46875 0.7331730769230769 0.17067307692307693 0.48197115384615385
2 0.4567307692307692 0.49759615384615385 0.0673076923076923 0.12139423076923077
2 0.5408653846153846 0.5396634615384616 0.04447115384615385 0.15625
2 0.6105769230769231 0.5588942307692307 0.0985576923076923 0.17307692307692307
2 0.5853365384615384 0.5180288461538461 0.039663461538461536 0.13942307692307693
2 0.5829326923076923 0.4855769230769231 0.027644230769230768 0.07451923076923077
2 0.6009615384615384 0.5132211538461539 0.04326923076923077 0.13581730769230768
2 0.671875 0.7560096153846154 0.18028846153846154 0.48197115384615385
2 0.6346153846153846 0.5709134615384616 0.06490384615384616 0.20432692307692307
2 0.7055288461538461 0.6478365384615384 0.1201923076923077 0.2692307692307692
2 0.6814903846153846 0.5096153846153846 0.051682692307692304 0.057692307692307696
2 0.6814903846153846 0.4879807692307692 0.04807692307692308 0.054086538461538464
2 0.7331730769230769 0.4891826923076923 0.030048076923076924 0.09134615384615384
2 0.75 0.5324519230769231 0.05889423076923077 0.18509615384615385
2 0.796875 0.6358173076923077 0.12259615384615384 0.33653846153846156
2 0.9927884615384616 0.5432692307692307 0.01201923076923077 0.2692307692307692