2 0.7764423076923077 0.5649038461538461 0.09014423076923077 0.23798076923076922
2 0.03245192307692308 0.59375 0.06490384615384616 0.8112980769230769
2 0.12259615384615384 0.44471153846153844 0.02403846153846154 0.07932692307692307
2 0.1971153846153846 0.4579326923076923 0.025240384615384616 0.11298076923076923
2 0.2668269230769231 0.4699519230769231 0.042067307692307696 0.13581730769230768
2 0.30528846153846156 0.47836538461538464 0.021634615384615384 0.09615384615384616
2 0.3954326923076923 0.5012019230769231 0.042067307692307696 0.12980769230769232
2 0.5348557692307693 0.5348557692307693 0.07091346153846154 0.17668269230769232
2 0.6009615384615384 0.46875 0.03485576923076923 0.09014423076923077
2 0.6310096153846154 0.5300480769230769 0.056490384615384616 0.1622596153846154
2 0.6490384615384616 0.4675480769230769 0.036057692307692304 0.12860576923076922
2 0.71875 0.4831730769230769 0.026442307692307692 0.14302884615384615
2 0.8798076923076923 0.484375 0.04927884615384615 0.08774038461538461