2 0.046875 0.8185096153846154 0.051682692307692304 0.06370192307692307
2 0.051682692307692304 0.4675480769230769 0.046875 0.06610576923076923
2 0.06009615384615385 0.5745192307692307 0.04927884615384615 0.07211538461538461
2 0.07932692307692307 0.9182692307692307 0.042067307692307696 0.03245192307692308
2 0.11538461538461539 0.9567307692307693 0.07932692307692307 0.07932692307692307
2 0.12620192307692307 0.625 0.051682692307692304 0.05889423076923077
2 0.125 0.9170673076923077 0.04447115384615385 0.052884615384615384
2 0.15264423076923078 0.9591346153846154 0.056490384615384616 0.078125
2 0.1502403846153846 0.6730769230769231 0.027644230769230768 0.020432692307692308
2 0.171875 0.6658653846153846 0.051682692307692304 0.03485576923076923
2 0.203125 0.8918269230769231 0.04447115384615385 0.05048076923076923
2 0.20432692307692307 0.9266826923076923 0.046875 0.027644230769230768
2 0.2091346153846154 0.9711538461538461 0.046875 0.055288461538461536
2 0.23076923076923078 0.6646634615384616 0.030048076923076924 0.020432692307692308
2 0.23918269230769232 0.8846153846153846 0.046875 0.06370192307692307
2 0.2800480769230769 0.8798076923076923 0.0733173076923077 0.06610576923076923
2 0.2956730769230769 0.6598557692307693 0.046875 0.036057692307692304
2 0.3245192307692308 0.8762019230769231 0.03245192307692308 0.052884615384615384
2 0.35096153846153844 0.9098557692307693 0.04447115384615385 0.06850961538461539
2 0.3629807692307692 0.6502403846153846 0.039663461538461536 0.030048076923076924
2 0.38100961538461536 0.8689903846153846 0.039663461538461536 0.07451923076923077
2 0.41225961538461536 0.8701923076923077 0.039663461538461536 0.06850961538461539
2 0.4206730769230769 0.6526442307692307 0.03245192307692308 0.026442307692307692
2 0.49759615384615385 0.765625 0.046875 0.05889423076923077
2 0.5 0.6442307692307693 0.046875 0.030048076923076924
2 0.5240384615384616 0.6454326923076923 0.042067307692307696 0.019230769230769232
2 0.5324519230769231 0.8894230769230769 0.056490384615384616 0.0625
2 0.5685096153846154 0.5324519230769231 0.046875 0.04807692307692308
2 0.5673076923076923 0.6394230769230769 0.021634615384615384 0.030048076923076924
2 0.5721153846153846 0.8822115384615384 0.030048076923076924 0.06610576923076923
2 0.5997596153846154 0.4675480769230769 0.03485576923076923 0.055288461538461536
2 0.6298076923076923 0.5216346153846154 0.05889423076923077 0.051682692307692304
2 0.6262019230769231 0.5288461538461539 0.027644230769230768 0.0673076923076923
2 0.640625 0.8653846153846154 0.046875 0.05889423076923077
2 0.6598557692307693 0.9879807692307693 0.06610576923076923 0.020432692307692308
2 0.6634615384615384 0.453125 0.04447115384615385 0.046875
2 0.6790865384615384 0.5348557692307693 0.06370192307692307 0.06610576923076923
2 0.6802884615384616 0.4951923076923077 0.037259615384615384 0.06850961538461539
2 0.7259615384615384 0.5024038461538461 0.039663461538461536 0.057692307692307696
2 0.7560096153846154 0.5685096153846154 0.042067307692307696 0.0673076923076923
2 0.7620192307692307 0.9459134615384616 0.03485576923076923 0.06370192307692307
2 0.8497596153846154 0.6322115384615384 0.056490384615384616 0.016826923076923076
2 0.8713942307692307 0.4182692307692308 0.03245192307692308 0.04807692307692308
2 0.8954326923076923 0.6778846153846154 0.021634615384615384 0.0625
2 0.9026442307692307 0.41346153846153844 0.030048076923076924 0.04807692307692308
2 0.9230769230769231 0.6790865384615384 0.037259615384615384 0.057692307692307696
2 0.9747596153846154 0.47475961538461536 0.04447115384615385 0.056490384615384616