2 0.06971153846153846 0.7692307692307693 0.13942307692307693 0.43509615384615385
2 0.013221153846153846 0.5685096153846154 0.016826923076923076 0.03485576923076923
2 0.03125 0.6298076923076923 0.04447115384615385 0.15985576923076922
2 0.056490384615384616 0.6478365384615384 0.03365384615384615 0.15865384615384615
2 0.05048076923076923 0.5552884615384616 0.016826923076923076 0.03365384615384615
2 0.07572115384615384 0.5973557692307693 0.021634615384615384 0.09134615384615384
2 0.09975961538461539 0.6346153846153846 0.04447115384615385 0.15144230769230768
2 0.12259615384615384 0.5757211538461539 0.025240384615384616 0.05889423076923077
2 0.14302884615384615 0.5841346153846154 0.027644230769230768 0.051682692307692304
2 0.15384615384615385 0.5709134615384616 0.009615384615384616 0.01201923076923077
2 0.1778846153846154 0.6490384615384616 0.052884615384615384 0.20072115384615385
2 0.16346153846153846 0.5625 0.020432692307692308 0.02403846153846154
2 0.2403846153846154 0.6310096153846154 0.026442307692307692 0.1502403846153846
2 0.2403846153846154 0.5588942307692307 0.016826923076923076 0.02283653846153846
2 0.24879807692307693 0.6430288461538461 0.028846153846153848 0.15865384615384615
2 0.265625 0.6490384615384616 0.051682692307692304 0.17668269230769232
2 0.2980769230769231 0.6225961538461539 0.020432692307692308 0.1346153846153846
2 0.31850961538461536 0.6418269230769231 0.03245192307692308 0.1502403846153846
2 0.3269230769230769 0.578125 0.018028846153846152 0.06370192307692307
2 0.35096153846153844 0.6165865384615384 0.02283653846153846 0.1310096153846154
2 0.36778846153846156 0.5925480769230769 0.013221153846153846 0.10216346153846154
2 0.3762019230769231 0.5588942307692307 0.013221153846153846 0.026442307692307692
2 0.39302884615384615 0.6334134615384616 0.030048076923076924 0.15985576923076922
2 0.38822115384615385 0.5504807692307693 0.015625 0.014423076923076924
2 0.4026442307692308 0.5600961538461539 0.010817307692307692 0.02403846153846154
2 0.4110576923076923 0.5685096153846154 0.018028846153846152 0.05048076923076923
2 0.4326923076923077 0.6358173076923077 0.039663461538461536 0.17908653846153846
2 0.4567307692307692 0.640625 0.02403846153846154 0.1466346153846154
2 0.47596153846153844 0.5913461538461539 0.016826923076923076 0.07932692307692307
2 0.4951923076923077 0.5961538461538461 0.02403846153846154 0.07932692307692307
2 0.5 0.5901442307692307 0.019230769230769232 0.08052884615384616
2 0.5144230769230769 0.5793269230769231 0.020432692307692308 0.055288461538461536
2 0.5288461538461539 0.6153846153846154 0.021634615384615384 0.12379807692307693
2 0.5420673076923077 0.5685096153846154 0.015625 0.04447115384615385
2 0.5492788461538461 0.6418269230769231 0.025240384615384616 0.16826923076923078
2 0.5745192307692307 0.6538461538461539 0.04447115384615385 0.15625
2 0.5961538461538461 0.5612980769230769 0.02283653846153846 0.03245192307692308
2 0.6322115384615384 0.6310096153846154 0.06610576923076923 0.17307692307692307
2 0.6802884615384616 0.5913461538461539 0.03245192307692308 0.0829326923076923
2 0.7067307692307693 0.6370192307692307 0.028846153846153848 0.18389423076923078
2 0.7259615384615384 0.609375 0.037259615384615384 0.12980769230769232
2 0.7451923076923077 0.6069711538461539 0.01201923076923077 0.09615384615384616
2 0.7608173076923077 0.5588942307692307 0.016826923076923076 0.015625
2 0.7824519230769231 0.59375 0.03125 0.11538461538461539
2 0.8569711538461539 0.578125 0.1141826923076923 0.0673076923076923
2 0.9615384615384616 0.5612980769230769 0.07211538461538461 0.055288461538461536