2 0.3088942307692308 0.8617788461538461 0.6177884615384616 0.27524038461538464
2 0.027644230769230768 0.5552884615384616 0.038461538461538464 0.03485576923076923
2 0.039663461538461536 0.6935096153846154 0.037259615384615384 0.03245192307692308
2 0.038461538461538464 0.43149038461538464 0.025240384615384616 0.025240384615384616
2 0.09014423076923077 0.4362980769230769 0.037259615384615384 0.02403846153846154
2 0.08774038461538461 0.5576923076923077 0.027644230769230768 0.020432692307692308
2 0.1141826923076923 0.6947115384615384 0.039663461538461536 0.020432692307692308
2 0.10697115384615384 0.5600961538461539 0.015625 0.020432692307692308
2 0.12740384615384615 0.43990384615384615 0.038461538461538464 0.02283653846153846
2 0.15625 0.5612980769230769 0.037259615384615384 0.025240384615384616
2 0.15985576923076922 0.6838942307692307 0.040865384615384616 0.025240384615384616
2 0.16826923076923078 0.4387019230769231 0.03365384615384615 0.03485576923076923
2 0.1935096153846154 0.44350961538461536 0.020432692307692308 0.020432692307692308
2 0.20673076923076922 0.7019230769230769 0.03365384615384615 0.030048076923076924
2 0.234375 0.4519230769230769 0.028846153846153848 0.02403846153846154
2 0.234375 0.5697115384615384 0.028846153846153848 0.027644230769230768
2 0.25721153846153844 0.6995192307692307 0.03365384615384615 0.039663461538461536
2 0.2668269230769231 0.5709134615384616 0.025240384615384616 0.019230769230769232
2 0.2824519230769231 0.4567307692307692 0.025240384615384616 0.020432692307692308
2 0.2932692307692308 0.7019230769230769 0.020432692307692308 0.030048076923076924
2 0.2980769230769231 0.5721153846153846 0.01201923076923077 0.020432692307692308
2 0.3161057692307692 0.4639423076923077 0.025240384615384616 0.016826923076923076
2 0.33052884615384615 0.6983173076923077 0.039663461538461536 0.020432692307692308
2 0.33413461538461536 0.5721153846153846 0.015625 0.028846153846153848
2 0.3557692307692308 0.4675480769230769 0.027644230769230768 0.020432692307692308
2 0.3605769230769231 0.5733173076923077 0.020432692307692308 0.020432692307692308
2 0.3737980769230769 0.6935096153846154 0.020432692307692308 0.03245192307692308
2 0.38341346153846156 0.4699519230769231 0.027644230769230768 0.02403846153846154
2 0.3870192307692308 0.578125 0.025240384615384616 0.021634615384615384
2 0.41466346153846156 0.6983173076923077 0.03365384615384615 0.03245192307692308
2 0.4170673076923077 0.4699519230769231 0.025240384615384616 0.027644230769230768
2 0.453125 0.5793269230769231 0.03365384615384615 0.025240384615384616
2 0.45072115384615385 0.6971153846153846 0.020432692307692308 0.03245192307692308
2 0.4495192307692308 0.47596153846153844 0.013221153846153846 0.013221153846153846
2 0.5216346153846154 0.5841346153846154 0.025240384615384616 0.019230769230769232
2 0.7548076923076923 0.8425480769230769 0.4855769230769231 0.31009615384615385
2 0.5300480769230769 0.48677884615384615 0.03365384615384615 0.020432692307692308
2 0.7944711538461539 0.35336538461538464 0.4098557692307692 0.08533653846153846
2 0.625 0.5889423076923077 0.018028846153846152 0.020432692307692308
2 0.6634615384615384 0.5877403846153846 0.020432692307692308 0.020432692307692308
2 0.9122596153846154 0.5805288461538461 0.027644230769230768 0.016826923076923076