2 0.4963942307692308 0.14302884615384615 0.9927884615384616 0.2848557692307692
2 0.5 0.38822115384615385 0.9987980769230769 0.18028846153846154
2 0.5 0.6213942307692307 0.9987980769230769 0.2704326923076923
2 0.06850961538461539 0.8846153846153846 0.03125 0.07572115384615384
2 0.13221153846153846 0.8581730769230769 0.030048076923076924 0.057692307692307696
2 0.14543269230769232 0.9627403846153846 0.04326923076923077 0.0733173076923077
2 0.15384615384615385 0.8509615384615384 0.025240384615384616 0.046875
2 0.22596153846153846 0.84375 0.046875 0.06009615384615385
2 0.35336538461538464 0.8401442307692307 0.03125 0.056490384615384616
2 0.4182692307692308 0.9771634615384616 0.025240384615384616 0.04326923076923077
2 0.46153846153846156 0.7247596153846154 0.07692307692307693 0.0625
2 0.5360576923076923 0.8004807692307693 0.12379807692307693 0.11298076923076923
2 0.5192307692307693 0.8365384615384616 0.021634615384615384 0.057692307692307696
2 0.5877403846153846 0.7235576923076923 0.02403846153846154 0.05048076923076923
2 0.6237980769230769 0.9038461538461539 0.040865384615384616 0.13221153846153846
2 0.6322115384615384 0.8245192307692307 0.026442307692307692 0.09615384615384616
2 0.6646634615384616 0.8100961538461539 0.025240384615384616 0.0625
2 0.6646634615384616 0.8581730769230769 0.021634615384615384 0.06129807692307692
2 0.6694711538461539 0.78125 0.015625 0.05048076923076923
2 0.6887019230769231 0.9375 0.04447115384615385 0.06971153846153846
2 0.6959134615384616 0.8713942307692307 0.025240384615384616 0.07692307692307693
2 0.8197115384615384 0.8521634615384616 0.2668269230769231 0.1658653846153846
2 0.7367788461538461 0.9423076923076923 0.0625 0.11298076923076923
2 0.734375 0.8810096153846154 0.042067307692307696 0.056490384615384616
2 0.7367788461538461 0.7463942307692307 0.014423076923076924 0.04807692307692308
2 0.7608173076923077 0.7548076923076923 0.021634615384615384 0.05048076923076923
2 0.9603365384615384 0.8605769230769231 0.021634615384615384 0.09735576923076923
2 0.9771634615384616 0.8689903846153846 0.025240384615384616 0.10096153846153846
2 0.9891826923076923 0.84375 0.013221153846153846 0.12259615384615384