2 0.052884615384615384 0.15504807692307693 0.04326923076923077 0.09375
2 0.09975961538461539 0.1971153846153846 0.06129807692307692 0.08774038461538461
2 0.09134615384615384 0.12980769230769232 0.026442307692307692 0.042067307692307696
2 0.09975961538461539 0.17067307692307693 0.02403846153846154 0.027644230769230768
2 0.1466346153846154 0.18028846153846154 0.052884615384615384 0.10576923076923077
2 0.20192307692307693 0.18870192307692307 0.04447115384615385 0.08653846153846154
2 0.29086538461538464 0.12860576923076922 0.030048076923076924 0.10096153846153846
2 0.31490384615384615 0.12980769230769232 0.04567307692307692 0.12740384615384615
2 0.6346153846153846 0.13942307692307693 0.026442307692307692 0.11899038461538461
2 0.703125 0.15264423076923078 0.037259615384615384 0.10817307692307693
2 0.8245192307692307 0.13701923076923078 0.051682692307692304 0.14302884615384615