2 0.10697115384615384 0.59375 0.06971153846153846 0.14182692307692307
2 0.08052884615384616 0.5168269230769231 0.15985576923076922 0.25841346153846156
2 0.2644230769230769 0.6622596153846154 0.16346153846153846 0.3173076923076923
2 0.2247596153846154 0.5685096153846154 0.04567307692307692 0.10576923076923077
2 0.3112980769230769 0.59375 0.06850961538461539 0.18269230769230768
2 0.38221153846153844 0.5901442307692307 0.07692307692307693 0.17307692307692307
2 0.4723557692307692 0.5480769230769231 0.056490384615384616 0.11177884615384616
2 0.5276442307692307 0.5588942307692307 0.0829326923076923 0.14302884615384615
2 0.7067307692307693 0.7115384615384616 0.3112980769230769 0.5757211538461539
2 0.8569711538461539 0.5625 0.06971153846153846 0.171875
2 0.8810096153846154 0.5240384615384616 0.036057692307692304 0.0733173076923077
2 0.9314903846153846 0.6237980769230769 0.08653846153846154 0.29447115384615385