2 0.5973557692307693 0.5625 0.44471153846153844 0.8221153846153846
2 0.040865384615384616 0.49278846153846156 0.08173076923076923 0.25721153846153844
2 0.21875 0.47475961538461536 0.13341346153846154 0.20793269230769232
2 0.3641826923076923 0.5120192307692307 0.36538461538461536 0.3894230769230769
2 0.3016826923076923 0.4182692307692308 0.13822115384615385 0.3293269230769231
2 0.4567307692307692 0.37740384615384615 0.06129807692307692 0.15745192307692307
2 0.5060096153846154 0.421875 0.0829326923076923 0.23317307692307693
2 0.7235576923076923 0.3858173076923077 0.04567307692307692 0.07091346153846154
2 0.7668269230769231 0.4182692307692308 0.05048076923076923 0.10336538461538461
2 0.7848557692307693 0.359375 0.030048076923076924 0.038461538461538464
2 0.7908653846153846 0.3737980769230769 0.036057692307692304 0.12259615384615384
2 0.8269230769230769 0.3870192307692308 0.04807692307692308 0.17908653846153846
2 0.8677884615384616 0.44591346153846156 0.08533653846153846 0.2800480769230769
2 0.9302884615384616 0.5793269230769231 0.13701923076923078 0.4651442307692308
2 0.9555288461538461 0.3870192307692308 0.08653846153846154 0.14903846153846154