2 0.007211538461538462 0.5036057692307693 0.014423076923076924 0.07692307692307693
2 0.03485576923076923 0.546875 0.037259615384615384 0.22956730769230768
2 0.25 0.4987980769230769 0.055288461538461536 0.171875
2 0.2980769230769231 0.5084134615384616 0.054086538461538464 0.17668269230769232
2 0.45552884615384615 0.49278846153846156 0.04807692307692308 0.13341346153846154
2 0.515625 0.5036057692307693 0.056490384615384616 0.17548076923076922
2 0.5564903846153846 0.5120192307692307 0.030048076923076924 0.16466346153846154
2 0.5757211538461539 0.5228365384615384 0.026442307692307692 0.10697115384615384
2 0.5853365384615384 0.4987980769230769 0.016826923076923076 0.039663461538461536
2 0.5961538461538461 0.515625 0.028846153846153848 0.07451923076923077
2 0.6057692307692307 0.5372596153846154 0.040865384615384616 0.10216346153846154
2 0.6430288461538461 0.5108173076923077 0.0673076923076923 0.21875
2 0.7920673076923077 0.5588942307692307 0.05048076923076923 0.12860576923076922
2 0.8497596153846154 0.5625 0.054086538461538464 0.13221153846153846
2 0.8978365384615384 0.5384615384615384 0.042067307692307696 0.09375