2 0.11778846153846154 0.5264423076923077 0.15144230769230768 0.6237980769230769
2 0.23918269230769232 0.49399038461538464 0.09014423076923077 0.5012019230769231
2 0.3293269230769231 0.515625 0.15144230769230768 0.671875
2 0.4423076923076923 0.6009615384615384 0.0673076923076923 0.4026442307692308
2 0.5 0.5516826923076923 0.12139423076923077 0.45913461538461536
2 0.6213942307692307 0.5588942307692307 0.11298076923076923 0.49759615384615385
2 0.6274038461538461 0.5817307692307693 0.11658653846153846 0.26322115384615385
2 0.6887019230769231 0.6286057692307693 0.051682692307692304 0.31971153846153844
2 0.7980769230769231 0.5985576923076923 0.09254807692307693 0.35216346153846156
2 0.8581730769230769 0.6225961538461539 0.052884615384615384 0.23918269230769232
2 0.9459134615384616 0.625 0.06370192307692307 0.22596153846153846
2 0.984375 0.6105769230769231 0.030048076923076924 0.2091346153846154