2 0.5036057692307693 0.6442307692307693 0.07451923076923077 0.4326923076923077
2 0.13341346153846154 0.6009615384615384 0.04326923076923077 0.18269230769230768
2 0.5576923076923077 0.6514423076923077 0.8798076923076923 0.6923076923076923
2 0.1658653846153846 0.59375 0.04807692307692308 0.19831730769230768
2 0.22115384615384615 0.5889423076923077 0.03485576923076923 0.265625
2 0.23317307692307693 0.5973557692307693 0.052884615384615384 0.2824519230769231
2 0.2644230769230769 0.6069711538461539 0.04567307692307692 0.29086538461538464
2 0.29086538461538464 0.6165865384615384 0.06610576923076923 0.3173076923076923
2 0.36658653846153844 0.6153846153846154 0.09134615384615384 0.4074519230769231
2 0.4266826923076923 0.6213942307692307 0.08413461538461539 0.4699519230769231
2 0.5745192307692307 0.6586538461538461 0.10216346153846154 0.49759615384615385
2 0.6526442307692307 0.6430288461538461 0.10336538461538461 0.6129807692307693
2 0.7175480769230769 0.5192307692307693 0.056490384615384616 0.1658653846153846
2 0.765625 0.6766826923076923 0.09975961538461539 0.47836538461538464
2 0.8161057692307693 0.5444711538461539 0.051682692307692304 0.21634615384615385
2 0.8990384615384616 0.6490384615384616 0.18389423076923078 0.7007211538461539
2 0.9735576923076923 0.671875 0.05048076923076923 0.6550480769230769