2 0.31490384615384615 0.37259615384615385 0.10216346153846154 0.09254807692307693
2 0.18509615384615385 0.6430288461538461 0.09014423076923077 0.06971153846153846
2 0.1875 0.3701923076923077 0.09495192307692307 0.08173076923076923
2 0.19230769230769232 0.5024038461538461 0.09495192307692307 0.0733173076923077
2 0.203125 0.12379807692307693 0.07572115384615384 0.06370192307692307
2 0.203125 0.2403846153846154 0.06971153846153846 0.06370192307692307
2 0.3161057692307692 0.5096153846153846 0.08413461538461539 0.052884615384615384
2 0.3233173076923077 0.6346153846153846 0.09375 0.07692307692307693
2 0.32211538461538464 0.24158653846153846 0.05889423076923077 0.056490384615384616
2 0.328125 0.10817307692307693 0.0625 0.07091346153846154
2 0.44471153846153844 0.5012019230769231 0.08052884615384616 0.08413461538461539
2 0.44591346153846156 0.3713942307692308 0.078125 0.08653846153846154
2 0.45072115384615385 0.24519230769230768 0.07692307692307693 0.06850961538461539
2 0.45552884615384615 0.11057692307692307 0.0673076923076923 0.06129807692307692
2 0.5769230769230769 0.3737980769230769 0.07692307692307693 0.07932692307692307
2 0.5805288461538461 0.5144230769230769 0.07572115384615384 0.06971153846153846
2 0.5817307692307693 0.24879807692307693 0.078125 0.06490384615384616
2 0.7115384615384616 0.6430288461538461 0.0889423076923077 0.06850961538461539
2 0.7199519230769231 0.5072115384615384 0.09615384615384616 0.08653846153846154
2 0.7079326923076923 0.2536057692307692 0.06850961538461539 0.06610576923076923
2 0.7079326923076923 0.375 0.0625 0.07572115384615384
2 0.8221153846153846 0.11899038461538461 0.06009615384615385 0.07572115384615384
2 0.8329326923076923 0.24639423076923078 0.07932692307692307 0.06971153846153846
2 0.8341346153846154 0.3737980769230769 0.08413461538461539 0.0733173076923077
2 0.8377403846153846 0.6454326923076923 0.0889423076923077 0.08533653846153846
2 0.8413461538461539 0.5132211538461539 0.0625 0.07692307692307693