2 0.3605769230769231 0.33653846153846156 0.055288461538461536 0.22235576923076922
2 0.2620192307692308 0.625 0.4987980769230769 0.7475961538461539
2 0.4855769230769231 0.44711538461538464 0.24759615384615385 0.4699519230769231
2 0.45072115384615385 0.3004807692307692 0.06490384615384616 0.14302884615384615
2 0.5540865384615384 0.22115384615384615 0.07091346153846154 0.21033653846153846
2 0.6959134615384616 0.41466346153846156 0.2536057692307692 0.2776442307692308
2 0.6526442307692307 0.22596153846153846 0.052884615384615384 0.22355769230769232
2 0.7067307692307693 0.19831730769230768 0.054086538461538464 0.17908653846153846
2 0.7487980769230769 0.171875 0.08774038461538461 0.11778846153846154
2 0.8221153846153846 0.3245192307692308 0.10216346153846154 0.234375
2 0.9146634615384616 0.3581730769230769 0.10336538461538461 0.2512019230769231
2 0.9771634615384616 0.36538461538461536 0.04326923076923077 0.18269230769230768