2 0.030048076923076924 0.4483173076923077 0.06009615384615385 0.3245192307692308
2 0.11057692307692307 0.4387019230769231 0.09014423076923077 0.3701923076923077
2 0.203125 0.43990384615384615 0.06610576923076923 0.3629807692307692
2 0.32211538461538464 0.5444711538461539 0.2127403846153846 0.546875
2 0.24879807692307693 0.34134615384615385 0.042067307692307696 0.1346153846153846
2 0.31971153846153844 0.3317307692307692 0.07211538461538461 0.12620192307692307
2 0.4735576923076923 0.47115384615384615 0.056490384615384616 0.3016826923076923
2 0.5805288461538461 0.46153846153846156 0.055288461538461536 0.33533653846153844
2 0.7596153846153846 0.4807692307692308 0.07451923076923077 0.3076923076923077
2 0.8786057692307693 0.4831730769230769 0.0733173076923077 0.31009615384615385
2 0.9495192307692307 0.5036057692307693 0.07091346153846154 0.2764423076923077
2 0.9783653846153846 0.3894230769230769 0.042067307692307696 0.1045673076923077