2 0.046875 0.46274038461538464 0.07211538461538461 0.32211538461538464
2 0.055288461538461536 0.734375 0.07091346153846154 0.3641826923076923
2 0.12379807692307693 0.45913461538461536 0.04927884615384615 0.26322115384615385
2 0.13341346153846154 0.7115384615384616 0.054086538461538464 0.3713942307692308
2 0.1622596153846154 0.46274038461538464 0.05048076923076923 0.2980769230769231
2 0.20552884615384615 0.6862980769230769 0.04567307692307692 0.31971153846153844
2 0.23197115384615385 0.7367788461538461 0.09014423076923077 0.3557692307692308
2 0.20673076923076922 0.43509615384615385 0.038461538461538464 0.1201923076923077
2 0.22235576923076922 0.5456730769230769 0.04326923076923077 0.15504807692307693
2 0.2403846153846154 0.5228365384615384 0.042067307692307696 0.14903846153846154
2 0.30288461538461536 0.5432692307692307 0.08653846153846154 0.26802884615384615
2 0.3161057692307692 0.7704326923076923 0.08653846153846154 0.3449519230769231
2 0.3485576923076923 0.49158653846153844 0.07692307692307693 0.2620192307692308
2 0.3545673076923077 0.7163461538461539 0.06490384615384616 0.3233173076923077
2 0.421875 0.7596153846153846 0.09495192307692307 0.38221153846153844
2 0.4266826923076923 0.5769230769230769 0.054086538461538464 0.10096153846153846
2 0.42788461538461536 0.34375 0.04807692307692308 0.11899038461538461
2 0.43990384615384615 0.3713942307692308 0.03485576923076923 0.051682692307692304
2 0.46153846153846156 0.7211538461538461 0.06009615384615385 0.36177884615384615
2 0.4723557692307692 0.3557692307692308 0.03245192307692308 0.052884615384615384
2 0.49399038461538464 0.7764423076923077 0.057692307692307696 0.2764423076923077
2 0.5264423076923077 0.7980769230769231 0.08533653846153846 0.21634615384615385
2 0.5324519230769231 0.6129807692307693 0.06490384615384616 0.125
2 0.5757211538461539 0.7728365384615384 0.0673076923076923 0.2536057692307692
2 0.5697115384615384 0.5108173076923077 0.04326923076923077 0.2512019230769231
2 0.6105769230769231 0.5204326923076923 0.06850961538461539 0.22235576923076922
2 0.6370192307692307 0.4963942307692308 0.054086538461538464 0.2536057692307692
2 0.6826923076923077 0.7379807692307693 0.09735576923076923 0.35096153846153844
2 0.6682692307692307 0.5324519230769231 0.054086538461538464 0.21634615384615385
2 0.7211538461538461 0.5060096153846154 0.06129807692307692 0.28966346153846156
2 0.7512019230769231 0.6899038461538461 0.051682692307692304 0.24278846153846154
2 0.7752403846153846 0.8774038461538461 0.078125 0.24278846153846154
2 0.7800480769230769 0.5264423076923077 0.0733173076923077 0.22716346153846154
2 0.7788461538461539 0.703125 0.0625 0.22956730769230768
2 0.8040865384615384 0.35096153846153844 0.05889423076923077 0.15865384615384615
2 0.8028846153846154 0.5192307692307693 0.039663461538461536 0.3161057692307692
2 0.84375 0.78125 0.08173076923076923 0.375
2 0.8461538461538461 0.5240384615384616 0.056490384615384616 0.24879807692307693
2 0.859375 0.41586538461538464 0.04447115384615385 0.08173076923076923
2 0.8641826923076923 0.42788461538461536 0.036057692307692304 0.0733173076923077
2 0.8882211538461539 0.7115384615384616 0.06971153846153846 0.2536057692307692
2 0.8846153846153846 0.41947115384615385 0.039663461538461536 0.13341346153846154
2 0.9086538461538461 0.5036057692307693 0.04927884615384615 0.22115384615384615
2 0.9254807692307693 0.8257211538461539 0.07211538461538461 0.34615384615384615
2 0.9423076923076923 0.3942307692307692 0.052884615384615384 0.10096153846153846
2 0.9471153846153846 0.5252403846153846 0.05889423076923077 0.2764423076923077
2 0.9699519230769231 0.6935096153846154 0.040865384615384616 0.12259615384615384
2 0.9807692307692307 0.8233173076923077 0.037259615384615384 0.35096153846153844
2 0.9819711538461539 0.53125 0.03125 0.24519230769230768
2 0.9855769230769231 0.3858173076923077 0.027644230769230768 0.09375
2 0.9915865384615384 0.29447115384615385 0.014423076923076924 0.1141826923076923