2 0.02283653846153846 0.9447115384615384 0.04567307692307692 0.10576923076923077
2 0.027644230769230768 0.7163461538461539 0.055288461538461536 0.2644230769230769
2 0.051682692307692304 0.8605769230769231 0.0673076923076923 0.23317307692307693
2 0.10216346153846154 0.7908653846153846 0.05048076923076923 0.15985576923076922
2 0.11778846153846154 0.9387019230769231 0.06610576923076923 0.11899038461538461
2 0.12379807692307693 0.6850961538461539 0.05048076923076923 0.10576923076923077
2 0.14903846153846154 0.8197115384615384 0.05048076923076923 0.14543269230769232
2 0.17067307692307693 0.9350961538461539 0.06370192307692307 0.12740384615384615
2 0.47475961538461536 0.4651442307692308 0.640625 0.49038461538461536
2 0.18629807692307693 0.7896634615384616 0.054086538461538464 0.14783653846153846
2 0.19831730769230768 0.9519230769230769 0.07932692307692307 0.09254807692307693
2 0.2247596153846154 0.8305288461538461 0.04807692307692308 0.19471153846153846
2 0.25721153846153844 0.9194711538461539 0.07211538461538461 0.15865384615384615
2 0.265625 0.7752403846153846 0.046875 0.15384615384615385
2 0.3173076923076923 0.9314903846153846 0.09134615384615384 0.1346153846153846
2 0.31009615384615385 0.8125 0.052884615384615384 0.1346153846153846
2 0.359375 0.8629807692307693 0.06129807692307692 0.1622596153846154
2 0.4026442307692308 0.9338942307692307 0.07211538461538461 0.12860576923076922
2 0.421875 0.8293269230769231 0.06490384615384616 0.15985576923076922
2 0.48197115384615385 0.9278846153846154 0.06610576923076923 0.140625
2 0.5048076923076923 0.890625 0.06971153846153846 0.18389423076923078
2 0.5120192307692307 0.7776442307692307 0.055288461538461536 0.0985576923076923
2 0.5649038461538461 0.9615384615384616 0.07211538461538461 0.07451923076923077
2 0.5769230769230769 0.9134615384615384 0.06610576923076923 0.10817307692307693
2 0.5925480769230769 0.8245192307692307 0.054086538461538464 0.09254807692307693
2 0.6177884615384616 0.8533653846153846 0.03365384615384615 0.22355769230769232
2 0.6802884615384616 0.84375 0.06009615384615385 0.18870192307692307
2 0.6826923076923077 0.9483173076923077 0.054086538461538464 0.09975961538461539
2 0.8305288461538461 0.9507211538461539 0.07932692307692307 0.09495192307692307
2 0.8990384615384616 0.49038461538461536 0.027644230769230768 0.10576923076923077