2 0.021634615384615384 0.27403846153846156 0.027644230769230768 0.09014423076923077
2 0.028846153846153848 0.17307692307692307 0.015625 0.08533653846153846
2 0.038461538461538464 0.16706730769230768 0.013221153846153846 0.0733173076923077
2 0.06009615384615385 0.16826923076923078 0.018028846153846152 0.07692307692307693
2 0.06490384615384616 0.2824519230769231 0.021634615384615384 0.09495192307692307
2 0.08653846153846154 0.31490384615384615 0.018028846153846152 0.08413461538461539
2 0.1045673076923077 0.20793269230769232 0.016826923076923076 0.07451923076923077
2 0.11899038461538461 0.7367788461538461 0.039663461538461536 0.14302884615384615
2 0.11538461538461539 0.33774038461538464 0.025240384615384616 0.11538461538461539
2 0.12860576923076922 0.20552884615384615 0.019230769230769232 0.0889423076923077
2 0.1310096153846154 0.19831730769230768 0.014423076923076924 0.0829326923076923
2 0.14543269230769232 0.25841346153846156 0.018028846153846152 0.08653846153846154
2 0.15384615384615385 0.18509615384615385 0.018028846153846152 0.040865384615384616
2 0.15384615384615385 0.30649038461538464 0.015625 0.09375
2 0.17427884615384615 0.08774038461538461 0.03485576923076923 0.04447115384615385
2 0.16706730769230768 0.234375 0.016826923076923076 0.06610576923076923
2 0.1778846153846154 0.19831730769230768 0.03365384615384615 0.03485576923076923
2 0.18028846153846154 0.30528846153846156 0.020432692307692308 0.10336538461538461
2 0.18269230769230768 0.23677884615384615 0.016826923076923076 0.038461538461538464
2 0.20552884615384615 0.18269230769230768 0.014423076923076924 0.0733173076923077
2 0.21153846153846154 0.13942307692307693 0.019230769230769232 0.036057692307692304
2 0.21995192307692307 0.1971153846153846 0.01201923076923077 0.06009615384615385
2 0.2403846153846154 0.24519230769230768 0.010817307692307692 0.07091346153846154
2 0.25240384615384615 0.1935096153846154 0.019230769230769232 0.04447115384615385
2 0.2608173076923077 0.25 0.018028846153846152 0.06850961538461539
2 0.2704326923076923 0.20793269230769232 0.013221153846153846 0.06850961538461539
2 0.328125 0.17908653846153846 0.010817307692307692 0.057692307692307696
2 0.33413461538461536 0.4735576923076923 0.02283653846153846 0.12620192307692307
2 0.3401442307692308 0.18509615384615385 0.01201923076923077 0.06610576923076923
2 0.37259615384615385 0.7896634615384616 0.078125 0.07932692307692307
2 0.35336538461538464 0.1658653846153846 0.016826923076923076 0.0829326923076923
2 0.3545673076923077 0.18028846153846154 0.015625 0.0673076923076923
2 0.3629807692307692 0.3641826923076923 0.02403846153846154 0.0829326923076923
2 0.3870192307692308 0.7355769230769231 0.05048076923076923 0.09375
2 0.375 0.2824519230769231 0.019230769230769232 0.08413461538461539
2 0.37740384615384615 0.16346153846153846 0.020432692307692308 0.04927884615384615
2 0.38221153846153844 0.3641826923076923 0.021634615384615384 0.06610576923076923
2 0.39663461538461536 0.49278846153846156 0.04326923076923077 0.11778846153846154
2 0.3870192307692308 0.2956730769230769 0.015625 0.07932692307692307
2 0.42427884615384615 0.30528846153846156 0.02403846153846154 0.057692307692307696
2 0.4254807692307692 0.08533653846153846 0.025240384615384616 0.055288461538461536
2 0.44350961538461536 0.28846153846153844 0.013221153846153846 0.07692307692307693
2 0.44711538461538464 0.09615384615384616 0.016826923076923076 0.06490384615384616
2 0.47115384615384615 0.7295673076923077 0.039663461538461536 0.09014423076923077
2 0.4639423076923077 0.0985576923076923 0.020432692307692308 0.0625
2 0.4675480769230769 0.5024038461538461 0.016826923076923076 0.10336538461538461
2 0.4951923076923077 0.7115384615384616 0.037259615384615384 0.09615384615384616
2 0.5120192307692307 0.5408653846153846 0.04807692307692308 0.038461538461538464
2 0.5 0.21514423076923078 0.020432692307692308 0.07451923076923077
2 0.4987980769230769 0.20192307692307693 0.01201923076923077 0.057692307692307696
2 0.5120192307692307 0.5192307692307693 0.016826923076923076 0.04927884615384615
2 0.5228365384615384 0.5120192307692307 0.03125 0.052884615384615384
2 0.5252403846153846 0.2980769230769231 0.03365384615384615 0.04927884615384615
2 0.5540865384615384 0.4891826923076923 0.040865384615384616 0.12139423076923077
2 0.5625 0.21033653846153846 0.021634615384615384 0.07451923076923077
2 0.5649038461538461 0.29927884615384615 0.021634615384615384 0.04807692307692308
2 0.5985576923076923 0.29086538461538464 0.025240384615384616 0.0889423076923077
2 0.6033653846153846 0.20552884615384615 0.019230769230769232 0.08052884615384616
2 0.609375 0.21153846153846154 0.016826923076923076 0.03125
2 0.6346153846153846 0.5084134615384616 0.038461538461538464 0.125
2 0.6310096153846154 0.2980769230769231 0.026442307692307692 0.08774038461538461
2 0.6274038461538461 0.2091346153846154 0.01201923076923077 0.06850961538461539
2 0.6418269230769231 0.29927884615384615 0.019230769230769232 0.07091346153846154
2 0.6514423076923077 0.5180288461538461 0.036057692307692304 0.055288461538461536
2 0.6502403846153846 0.22115384615384615 0.027644230769230768 0.03485576923076923
2 0.6502403846153846 0.21153846153846154 0.020432692307692308 0.052884615384615384
2 0.6574519230769231 0.29086538461538464 0.019230769230769232 0.040865384615384616
2 0.6778846153846154 0.2247596153846154 0.025240384615384616 0.052884615384615384
2 0.6814903846153846 0.20673076923076922 0.014423076923076924 0.0829326923076923
2 0.7127403846153846 0.20673076923076922 0.025240384615384616 0.06610576923076923
2 0.7175480769230769 0.21875 0.015625 0.042067307692307696
2 0.7367788461538461 0.20432692307692307 0.014423076923076924 0.07091346153846154
2 0.7439903846153846 0.3401442307692308 0.028846153846153848 0.057692307692307696
2 0.7764423076923077 0.3425480769230769 0.036057692307692304 0.0625
2 0.8245192307692307 0.34134615384615385 0.03365384615384615 0.04927884615384615
2 0.8725961538461539 0.8870192307692307 0.05889423076923077 0.08653846153846154
2 0.8762019230769231 0.34134615384615385 0.03485576923076923 0.04447115384615385