2 0.040865384615384616 0.5168269230769231 0.08173076923076923 0.08533653846153846
2 0.07692307692307693 0.6045673076923077 0.06129807692307692 0.06610576923076923
2 0.07451923076923077 0.734375 0.025240384615384616 0.11658653846153846
2 0.11298076923076923 0.5540865384615384 0.06370192307692307 0.07572115384615384
2 0.09375 0.7427884615384616 0.02283653846153846 0.11057692307692307
2 0.12620192307692307 0.9146634615384616 0.06370192307692307 0.1658653846153846
2 0.22716346153846154 0.5841346153846154 0.1622596153846154 0.1045673076923077
2 0.18870192307692307 0.8137019230769231 0.05048076923076923 0.14423076923076922
2 0.1814903846153846 0.6754807692307693 0.028846153846153848 0.08533653846153846
2 0.21514423076923078 0.7752403846153846 0.02283653846153846 0.06490384615384616
2 0.234375 0.8353365384615384 0.037259615384615384 0.15865384615384615
2 0.27524038461538464 0.8004807692307693 0.10697115384615384 0.20192307692307693
2 0.2620192307692308 0.6346153846153846 0.0733173076923077 0.10336538461538461
2 0.27403846153846156 0.6694711538461539 0.025240384615384616 0.07451923076923077
2 0.2980769230769231 0.6862980769230769 0.03125 0.1045673076923077
2 0.39302884615384615 0.6526442307692307 0.16466346153846154 0.14302884615384615
2 0.3389423076923077 0.7427884615384616 0.03485576923076923 0.1141826923076923
2 0.3485576923076923 0.9146634615384616 0.04567307692307692 0.1658653846153846
2 0.3737980769230769 0.7463942307692307 0.03245192307692308 0.10697115384615384
2 0.3954326923076923 0.9302884615384616 0.05048076923076923 0.13581730769230768
2 0.41947115384615385 0.7620192307692307 0.02403846153846154 0.1141826923076923
2 0.4423076923076923 0.8449519230769231 0.046875 0.1466346153846154
2 0.4411057692307692 0.7403846153846154 0.025240384615384616 0.08173076923076923
2 0.47836538461538464 0.8713942307692307 0.03125 0.13942307692307693
2 0.5324519230769231 0.7139423076923077 0.11177884615384616 0.11778846153846154
2 0.515625 0.6646634615384616 0.020432692307692308 0.06129807692307692
2 0.5348557692307693 0.9014423076923077 0.040865384615384616 0.1502403846153846
2 0.6694711538461539 0.25 0.23677884615384615 0.04326923076923077
2 0.578125 0.9338942307692307 0.04447115384615385 0.12379807692307693
2 0.5961538461538461 0.7704326923076923 0.03485576923076923 0.11298076923076923
2 0.6201923076923077 0.9254807692307693 0.04807692307692308 0.14423076923076922
2 0.6153846153846154 0.6875 0.03485576923076923 0.06129807692307692
2 0.6225961538461539 0.7704326923076923 0.028846153846153848 0.11658653846153846
2 0.6586538461538461 0.7091346153846154 0.03485576923076923 0.052884615384615384
2 0.6622596153846154 0.9266826923076923 0.040865384615384616 0.14302884615384615
2 0.7536057692307693 0.828125 0.22115384615384615 0.17668269230769232
2 0.6923076923076923 0.8701923076923077 0.02403846153846154 0.12139423076923077
2 0.6959134615384616 0.9519230769230769 0.027644230769230768 0.09375
2 0.7079326923076923 0.7271634615384616 0.02403846153846154 0.06490384615384616
2 0.7199519230769231 0.8918269230769231 0.03485576923076923 0.1466346153846154
2 0.7403846153846154 0.7427884615384616 0.03125 0.06129807692307692
2 0.7992788461538461 0.47596153846153844 0.0733173076923077 0.06490384615384616
2 0.84375 0.2403846153846154 0.08533653846153846 0.04326923076923077
2 0.9182692307692307 0.8882211538461539 0.16105769230769232 0.21153846153846154
2 0.9326923076923077 0.4579326923076923 0.06129807692307692 0.08173076923076923
2 0.9375 0.6081730769230769 0.02403846153846154 0.06850961538461539
2 0.9603365384615384 0.609375 0.039663461538461536 0.08052884615384616