2 0.17067307692307693 0.5901442307692307 0.34134615384615385 0.8173076923076923
2 0.35697115384615385 0.234375 0.03245192307692308 0.08533653846153846
2 0.4014423076923077 0.18990384615384615 0.009615384615384616 0.038461538461538464
2 0.4182692307692308 0.21394230769230768 0.019230769230769232 0.10576923076923077
2 0.4387019230769231 0.21995192307692307 0.02283653846153846 0.11778846153846154
2 0.45552884615384615 0.2127403846153846 0.02283653846153846 0.11177884615384616
2 0.5288461538461539 0.20673076923076922 0.030048076923076924 0.109375
2 0.5576923076923077 0.20552884615384615 0.036057692307692304 0.11177884615384616
2 0.5925480769230769 0.20793269230769232 0.03485576923076923 0.12139423076923077
2 0.640625 0.2932692307692308 0.0625 0.31850961538461536
2 0.6995192307692307 0.27403846153846156 0.04807692307692308 0.2644230769230769
2 0.8858173076923077 0.4987980769230769 0.22355769230769232 0.9975961538461539
2 0.8197115384615384 0.2824519230769231 0.0733173076923077 0.26322115384615385