2 0.046875 0.5600961538461539 0.07211538461538461 0.4050480769230769
2 0.15144230769230768 0.5685096153846154 0.038461538461538464 0.07091346153846154
2 0.15985576923076922 0.45552884615384615 0.009615384615384616 0.03485576923076923
2 0.17427884615384615 0.4495192307692308 0.008413461538461538 0.040865384615384616
2 0.1778846153846154 0.45072115384615385 0.007211538461538462 0.038461538461538464
2 0.19471153846153846 0.4495192307692308 0.015625 0.06129807692307692
2 0.19951923076923078 0.44471153846153844 0.006009615384615385 0.051682692307692304
2 0.2091346153846154 0.4495192307692308 0.010817307692307692 0.054086538461538464
2 0.45552884615384615 0.4579326923076923 0.009615384615384616 0.06490384615384616
2 0.4735576923076923 0.4675480769230769 0.01201923076923077 0.07572115384615384
2 0.5012019230769231 0.4651442307692308 0.007211538461538462 0.05048076923076923
2 0.5144230769230769 0.46033653846153844 0.01201923076923077 0.056490384615384616
2 0.5793269230769231 0.4891826923076923 0.037259615384615384 0.1141826923076923
2 0.6622596153846154 0.4423076923076923 0.004807692307692308 0.013221153846153846
2 0.7776442307692307 0.44711538461538464 0.014423076923076924 0.025240384615384616
2 0.8954326923076923 0.47716346153846156 0.018028846153846152 0.039663461538461536