2 0.20432692307692307 0.2704326923076923 0.055288461538461536 0.14783653846153846
2 0.25240384615384615 0.28125 0.08774038461538461 0.14423076923076922
2 0.3016826923076923 0.27884615384615385 0.06971153846153846 0.14423076923076922
2 0.6189903846153846 0.21995192307692307 0.125 0.27283653846153844
2 0.6670673076923077 0.8930288461538461 0.0889423076923077 0.19471153846153846
2 0.7584134615384616 0.17307692307692307 0.21514423076923078 0.3293269230769231
2 0.7103365384615384 0.6117788461538461 0.10697115384615384 0.17548076923076922
2 0.734375 0.9014423076923077 0.1045673076923077 0.18870192307692307
2 0.7439903846153846 0.5817307692307693 0.036057692307692304 0.08533653846153846
2 0.7764423076923077 0.5793269230769231 0.03485576923076923 0.09735576923076923
2 0.7944711538461539 0.8882211538461539 0.07211538461538461 0.21514423076923078
2 0.8137019230769231 0.5985576923076923 0.08052884615384616 0.1814903846153846