2 0.03365384615384615 0.6742788461538461 0.0673076923076923 0.09375
2 0.04326923076923077 0.7463942307692307 0.08653846153846154 0.1814903846153846
2 0.08173076923076923 0.6983173076923077 0.08653846153846154 0.15504807692307693
2 0.13341346153846154 0.6862980769230769 0.051682692307692304 0.10216346153846154
2 0.21875 0.6670673076923077 0.08173076923076923 0.09014423076923077
2 0.29927884615384615 0.7127403846153846 0.1141826923076923 0.16706730769230768
2 0.359375 0.7067307692307693 0.038461538461538464 0.09495192307692307
2 0.40865384615384615 0.7115384615384616 0.07091346153846154 0.09254807692307693
2 0.6418269230769231 0.7439903846153846 0.08052884615384616 0.20432692307692307
2 0.7007211538461539 0.6862980769230769 0.055288461538461536 0.12379807692307693
2 0.7572115384615384 0.6971153846153846 0.03485576923076923 0.10576923076923077
2 0.8786057692307693 0.6622596153846154 0.039663461538461536 0.07091346153846154
2 0.9423076923076923 0.7103365384615384 0.11298076923076923 0.17427884615384615