2 0.08052884615384616 0.46875 0.021634615384615384 0.06129807692307692
2 0.13701923076923078 0.4675480769230769 0.019230769230769232 0.06971153846153846
2 0.34134615384615385 0.45552884615384615 0.016826923076923076 0.051682692307692304
2 0.39903846153846156 0.4483173076923077 0.014423076923076924 0.038461538461538464
2 0.47836538461538464 0.46033653846153844 0.018028846153846152 0.06971153846153846
2 0.5108173076923077 0.45552884615384615 0.013221153846153846 0.052884615384615384
2 0.5420673076923077 0.4579326923076923 0.03485576923076923 0.07692307692307693
2 0.5985576923076923 0.46153846153846156 0.018028846153846152 0.08052884615384616
2 0.6694711538461539 0.453125 0.02403846153846154 0.051682692307692304
2 0.7536057692307693 0.5168269230769231 0.10576923076923077 0.27403846153846156
2 0.8161057692307693 0.43990384615384615 0.07211538461538461 0.07091346153846154