2 0.33413461538461536 0.6117788461538461 0.042067307692307696 0.16105769230769232
2 0.37259615384615385 0.6165865384615384 0.042067307692307696 0.15745192307692307
2 0.41466346153846156 0.5324519230769231 0.04326923076923077 0.07211538461538461
2 0.41586538461538464 0.6189903846153846 0.039663461538461536 0.15264423076923078
2 0.43028846153846156 0.6502403846153846 0.04447115384615385 0.0889423076923077
2 0.46033653846153844 0.5961538461538461 0.040865384615384616 0.11177884615384616
2 0.45913461538461536 0.5360576923076923 0.037259615384615384 0.06610576923076923
2 0.47475961538461536 0.6526442307692307 0.046875 0.09134615384615384
2 0.49759615384615385 0.5432692307692307 0.036057692307692304 0.09495192307692307
2 0.5036057692307693 0.5985576923076923 0.04447115384615385 0.11778846153846154
2 0.5192307692307693 0.6538461538461539 0.04807692307692308 0.0889423076923077
2 0.5372596153846154 0.5336538461538461 0.040865384615384616 0.09495192307692307
2 0.5432692307692307 0.6177884615384616 0.04326923076923077 0.15865384615384615
2 0.5793269230769231 0.6141826923076923 0.038461538461538464 0.16346153846153846
2 0.6177884615384616 0.6141826923076923 0.04326923076923077 0.16105769230769232