2 0.06370192307692307 0.8245192307692307 0.12740384615384615 0.34975961538461536
2 0.0625 0.6237980769230769 0.09134615384615384 0.10576923076923077
2 0.14903846153846154 0.6177884615384616 0.06971153846153846 0.11778846153846154
2 0.26802884615384615 0.7728365384615384 0.18269230769230768 0.28846153846153844
2 0.3161057692307692 0.8257211538461539 0.2403846153846154 0.3473557692307692
2 0.24278846153846154 0.6201923076923077 0.07211538461538461 0.109375
2 0.3701923076923077 0.6754807692307693 0.06850961538461539 0.1141826923076923
2 0.43509615384615385 0.8076923076923077 0.1346153846153846 0.38221153846153844
2 0.4230769230769231 0.6009615384615384 0.08774038461538461 0.10697115384615384
2 0.5673076923076923 0.84375 0.19230769230769232 0.3112980769230769
2 0.5348557692307693 0.7151442307692307 0.08653846153846154 0.22355769230769232
2 0.6430288461538461 0.8064903846153846 0.1141826923076923 0.27524038461538464
2 0.7247596153846154 0.7439903846153846 0.0889423076923077 0.24278846153846154
2 0.859375 0.7175480769230769 0.1778846153846154 0.25721153846153844
2 0.8401442307692307 0.7980769230769231 0.11899038461538461 0.2860576923076923