2 0.7259615384615384 0.6141826923076923 0.1045673076923077 0.4579326923076923
2 0.09975961538461539 0.8641826923076923 0.19951923076923078 0.2692307692307692
2 0.3317307692307692 0.5757211538461539 0.6634615384615384 0.5072115384615384
2 0.04807692307692308 0.5516826923076923 0.0733173076923077 0.09254807692307693
2 0.09254807692307693 0.6646634615384616 0.08052884615384616 0.1141826923076923
2 0.13701923076923078 0.8557692307692307 0.13701923076923078 0.28725961538461536
2 0.1141826923076923 0.5697115384615384 0.03365384615384615 0.07091346153846154
2 0.16466346153846154 0.5865384615384616 0.052884615384615384 0.06009615384615385
2 0.17548076923076922 0.6694711538461539 0.06850961538461539 0.11538461538461539
2 0.23677884615384615 0.8401442307692307 0.13822115384615385 0.31850961538461536
2 0.24158653846153846 0.6538461538461539 0.078125 0.12860576923076922
2 0.31009615384615385 0.8377403846153846 0.11298076923076923 0.2920673076923077
2 0.39302884615384615 0.8173076923076923 0.15264423076923078 0.27163461538461536
2 0.9086538461538461 0.6358173076923077 0.028846153846153848 0.038461538461538464
2 0.9435096153846154 0.7379807692307693 0.09615384615384616 0.16346153846153846
2 0.9290865384615384 0.6045673076923077 0.021634615384615384 0.038461538461538464
2 0.9615384615384616 0.7295673076923077 0.04567307692307692 0.11538461538461539
2 0.9519230769230769 0.6033653846153846 0.02283653846153846 0.037259615384615384
2 0.9783653846153846 0.6346153846153846 0.037259615384615384 0.052884615384615384
2 0.9879807692307693 0.6045673076923077 0.021634615384615384 0.03485576923076923