1 0.065625 0.24140625 0.13125 0.1609375
0 0.1484375 0.3265625 0.1234375 0.140625
0 0.60078125 0.0390625 0.1640625 0.078125
1 0.73515625 0.06953125 0.2234375 0.1390625
0 0.70390625 0.278125 0.215625 0.2390625
0 0.48828125 0.39296875 0.1390625 0.1984375
0 0.8109375 0.25859375 0.1203125 0.146875
0 0.63125 0.36015625 0.1171875 0.1390625
1 0.58359375 0.7703125 0.1671875 0.2546875
1 0.2203125 0.90703125 0.20625 0.1859375
0 0.29609375 0.96015625 0.1015625 0.0796875
1 0.409375 0.98125 0.0875 0.0375
0 0.55625 0.94453125 0.0484375 0.059375
0 0.45390625 0.98828125 0.0609375 0.0234375
1 0.68828125 0.91328125 0.11875 0.121875
0 0.6078125 0.9828125 0.0 0.034375
0 0.78125 0.59296875 0.0921875 0.1140625
0 0.8640625 0.75 0.1828125 0.1796875