2 0.09495192307692307 0.7163461538461539 0.18509615384615385 0.5240384615384616
2 0.25600961538461536 0.7151442307692307 0.1346153846153846 0.5336538461538461
2 0.40024038461538464 0.71875 0.14423076923076922 0.546875
2 0.34615384615384615 0.6646634615384616 0.013221153846153846 0.03125
2 0.36177884615384615 0.6706730769230769 0.013221153846153846 0.027644230769230768
2 0.38822115384615385 0.49158653846153844 0.026442307692307692 0.056490384615384616
2 0.46153846153846156 0.22596153846153846 0.06610576923076923 0.13341346153846154
2 0.45072115384615385 0.4795673076923077 0.037259615384615384 0.12620192307692307
2 0.53125 0.7475961538461539 0.11778846153846154 0.49038461538461536
2 0.5384615384615384 0.4699519230769231 0.037259615384615384 0.06850961538461539
2 0.6682692307692307 0.7295673076923077 0.15144230769230768 0.5372596153846154
2 0.8293269230769231 0.7355769230769231 0.140625 0.5264423076923077
2 0.9038461538461539 0.5949519230769231 0.046875 0.1466346153846154
2 0.9507211538461539 0.7247596153846154 0.09735576923076923 0.5348557692307693