2 0.4326923076923077 0.5132211538461539 0.23076923076923078 0.7512019230769231
2 0.019230769230769232 0.41947115384615385 0.038461538461538464 0.19951923076923078
2 0.052884615384615384 0.3737980769230769 0.03485576923076923 0.18269230769230768
2 0.07692307692307693 0.3918269230769231 0.06009615384615385 0.21153846153846154
2 0.0985576923076923 0.28966346153846156 0.030048076923076924 0.054086538461538464
2 0.14423076923076922 0.38100961538461536 0.04447115384615385 0.18389423076923078
2 0.1814903846153846 0.33774038461538464 0.03365384615384615 0.078125
2 0.24278846153846154 0.3641826923076923 0.03245192307692308 0.0733173076923077
2 0.2668269230769231 0.3701923076923077 0.02403846153846154 0.057692307692307696
2 0.4110576923076923 0.29447115384615385 0.06971153846153846 0.14903846153846154
2 0.5540865384615384 0.23677884615384615 0.037259615384615384 0.12379807692307693
2 0.6418269230769231 0.22956730769230768 0.040865384615384616 0.10697115384615384
2 0.6742788461538461 0.23197115384615385 0.03365384615384615 0.08173076923076923
2 0.7079326923076923 0.2283653846153846 0.03245192307692308 0.06490384615384616
2 0.7115384615384616 0.19110576923076922 0.025240384615384616 0.0733173076923077
2 0.765625 0.1814903846153846 0.030048076923076924 0.078125
2 0.78125 0.1875 0.02403846153846154 0.06490384615384616
2 0.8076923076923077 0.17067307692307693 0.025240384615384616 0.06490384615384616
2 0.9002403846153846 0.09014423076923077 0.019230769230769232 0.0889423076923077
2 0.9302884615384616 0.07451923076923077 0.02283653846153846 0.08774038461538461