2 0.07572115384615384 0.7007211538461539 0.07211538461538461 0.30408653846153844
2 0.2091346153846154 0.7103365384615384 0.0673076923076923 0.31009615384615385
2 0.23197115384615385 0.5576923076923077 0.036057692307692304 0.08413461538461539
2 0.23317307692307693 0.5192307692307693 0.03125 0.08413461538461539
2 0.2403846153846154 0.6971153846153846 0.03365384615384615 0.2848557692307692
2 0.2956730769230769 0.6598557692307693 0.06850961538461539 0.2692307692307692
2 0.3701923076923077 0.6117788461538461 0.07932692307692307 0.2824519230769231
2 0.5829326923076923 0.53125 0.22355769230769232 0.4411057692307692
2 0.640625 0.7079326923076923 0.08052884615384616 0.36177884615384615
2 0.6742788461538461 0.5348557692307693 0.055288461538461536 0.16826923076923078
2 0.7944711538461539 0.359375 0.26322115384615385 0.36177884615384615
2 0.7163461538461539 0.6598557692307693 0.07211538461538461 0.3389423076923077
2 0.7584134615384616 0.7139423076923077 0.08774038461538461 0.33653846153846156
2 0.7800480769230769 0.5480769230769231 0.0733173076923077 0.17067307692307693
2 0.8617788461538461 0.7271634615384616 0.11298076923076923 0.40384615384615385
2 0.8569711538461539 0.5673076923076923 0.09615384615384616 0.18028846153846154
2 0.9230769230769231 0.6394230769230769 0.08052884615384616 0.35697115384615385