1 0.5203125 0.346875 0.1875 0.2953125
0 0.309375 0.4640625 0.0484375 0.059375
0 0.65859375 0.35625 0.0484375 0.059375
1 0.4359375 0.53359375 0.325 0.56875
0 0.69765625 0.44765625 0.0640625 0.0921875
0 0.603125 0.503125 0.09375 0.1078125
1 0.78046875 0.4515625 0.28125 0.484375
1 0.23984375 0.671875 0.2796875 0.534375
0 0.36484375 0.625 0.046875 0.0515625
0 0.75 0.5640625 0.0796875 0.125
0 0.36484375 0.74296875 0.0453125 0.0453125
0 0.640625 0.66875 0.221875 0.2921875
0 0.4140625 0.78359375 0.0359375 0.0359375
0 0.79921875 0.68671875 0.0828125 0.11875
0 0.40625 0.85625 0.0453125 0.0453125