1 0.5015625 0.36953125 0.1703125 0.3078125
0 0.27109375 0.4671875 0.0453125 0.0609375
0 0.64453125 0.39375 0.0453125 0.0609375
1 0.39375 0.55234375 0.2859375 0.5984375
0 0.67421875 0.49296875 0.059375 0.0953125
0 0.5703125 0.5390625 0.090625 0.1078125
1 0.76015625 0.50546875 0.246875 0.5078125
1 0.17734375 0.675 0.2375 0.565625
0 0.31171875 0.6390625 0.046875 0.0515625
0 0.71640625 0.61875 0.071875 0.13125
0 0.29765625 0.76171875 0.04375 0.04375
0 0.59140625 0.71484375 0.2078125 0.2984375
0 0.3453125 0.80859375 0.0359375 0.0359375
0 0.75390625 0.75078125 0.075 0.121875
0 0.3296875 0.8828125 0.04375 0.04375