1 0.49140625 0.3796875 0.2234375 0.3125
0 0.70546875 0.52421875 0.0546875 0.0640625
0 0.34140625 0.37578125 0.0546875 0.0640625
1 0.5640625 0.5859375 0.39375 0.6
0 0.29140625 0.4703125 0.075 0.0984375
0 0.3875 0.53828125 0.10625 0.1171875
1 0.20234375 0.46640625 0.3375 0.5109375
1 0.759375 0.73671875 0.34375 0.5265625
0 0.63046875 0.69140625 0.053125 0.05625
0 0.225 0.5890625 0.0953125 0.1328125
0 0.61953125 0.81796875 0.05 0.05
0 0.33203125 0.7125 0.2546875 0.315625
0 0.5640625 0.85546875 0.040625 0.040625
0 0.16015625 0.71640625 0.0953125 0.1265625
0 0.56484375 0.934375 0.05 0.05