2 0.055288461538461536 0.6033653846153846 0.03125 0.08173076923076923
2 0.1201923076923077 0.5865384615384616 0.028846153846153848 0.07932692307692307
2 0.15144230769230768 0.5360576923076923 0.016826923076923076 0.06610576923076923
2 0.16947115384615385 0.53125 0.019230769230769232 0.07211538461538461
2 0.17427884615384615 0.5084134615384616 0.008413461538461538 0.03485576923076923
2 0.17548076923076922 0.5216346153846154 0.009615384615384616 0.051682692307692304
2 0.1875 0.5036057692307693 0.014423076923076924 0.06129807692307692
2 0.19831730769230768 0.5024038461538461 0.013221153846153846 0.052884615384615384
2 0.41586538461538464 0.3870192307692308 0.16346153846153846 0.11057692307692307
2 0.3485576923076923 0.4266826923076923 0.013221153846153846 0.036057692307692304
2 0.3701923076923077 0.9098557692307693 0.04567307692307692 0.1310096153846154
2 0.375 0.40865384615384615 0.010817307692307692 0.03365384615384615
2 0.40024038461538464 0.40625 0.010817307692307692 0.037259615384615384
2 0.4362980769230769 0.7151442307692307 0.040865384615384616 0.0829326923076923
2 0.4254807692307692 0.4182692307692308 0.006009615384615385 0.02283653846153846
2 0.4326923076923077 0.390625 0.007211538461538462 0.026442307692307692
2 0.46274038461538464 0.8052884615384616 0.055288461538461536 0.14543269230769232
2 0.44591346153846156 0.4014423076923077 0.009615384615384616 0.027644230769230768
2 0.4735576923076923 0.5865384615384616 0.028846153846153848 0.06370192307692307
2 0.47475961538461536 0.6610576923076923 0.028846153846153848 0.08774038461538461
2 0.4879807692307692 0.5552884615384616 0.02403846153846154 0.05048076923076923
2 0.4963942307692308 0.44591346153846156 0.01201923076923077 0.04326923076923077
2 0.5072115384615384 0.4110576923076923 0.014423076923076924 0.028846153846153848
2 0.5108173076923077 0.40865384615384615 0.014423076923076924 0.038461538461538464
2 0.5192307692307693 0.6538461538461539 0.02403846153846154 0.0889423076923077
2 0.5492788461538461 0.43990384615384615 0.06971153846153846 0.11057692307692307
2 0.5228365384615384 0.47115384615384615 0.013221153846153846 0.046875
2 0.5480769230769231 0.38822115384615385 0.06129807692307692 0.14783653846153846
2 0.5300480769230769 0.5889423076923077 0.021634615384615384 0.052884615384615384
2 0.5408653846153846 0.5180288461538461 0.026442307692307692 0.06370192307692307
2 0.5396634615384616 0.45552884615384615 0.009615384615384616 0.036057692307692304
2 0.5420673076923077 0.5612980769230769 0.01201923076923077 0.016826923076923076
2 0.546875 0.5997596153846154 0.021634615384615384 0.07572115384615384
2 0.5456730769230769 0.46634615384615385 0.016826923076923076 0.04927884615384615
2 0.5456730769230769 0.5961538461538461 0.010817307692307692 0.07572115384615384
2 0.5853365384615384 0.6862980769230769 0.03365384615384615 0.11538461538461539
2 0.6009615384615384 0.9038461538461539 0.057692307692307696 0.13701923076923078
2 0.6165865384615384 0.7055288461538461 0.038461538461538464 0.11538461538461539