2 0.43149038461538464 0.4831730769230769 0.5180288461538461 0.8269230769230769
2 0.003605769230769231 0.7680288461538461 0.007211538461538462 0.013221153846153846
2 0.020432692307692308 0.7716346153846154 0.018028846153846152 0.01201923076923077
2 0.037259615384615384 0.7704326923076923 0.013221153846153846 0.01201923076923077
2 0.2608173076923077 0.7944711538461539 0.01201923076923077 0.01201923076923077
2 0.27283653846153844 0.7944711538461539 0.01201923076923077 0.016826923076923076
2 0.28365384615384615 0.7920673076923077 0.010817307692307692 0.019230769230769232
2 0.5096153846153846 0.8125 0.015625 0.021634615384615384
2 0.5432692307692307 0.8149038461538461 0.015625 0.02403846153846154
2 0.5745192307692307 0.8233173076923077 0.013221153846153846 0.01201923076923077
2 0.5973557692307693 0.8197115384615384 0.015625 0.019230769230769232