2 0.03485576923076923 0.038461538461538464 0.06971153846153846 0.07572115384615384
2 0.13581730769230768 0.04326923076923077 0.09134615384615384 0.08533653846153846
2 0.22956730769230768 0.04567307692307692 0.14423076923076922 0.09134615384615384
2 0.3112980769230769 0.03365384615384615 0.0673076923076923 0.0673076923076923
2 0.36778846153846156 0.05048076923076923 0.14903846153846154 0.10096153846153846
2 0.46033653846153844 0.03125 0.054086538461538464 0.06129807692307692
2 0.4891826923076923 0.039663461538461536 0.056490384615384616 0.078125
2 0.5540865384615384 0.04927884615384615 0.09735576923076923 0.0985576923076923
2 0.625 0.03485576923076923 0.06129807692307692 0.06971153846153846
2 0.71875 0.07091346153846154 0.1201923076923077 0.14182692307692307
2 0.7692307692307693 0.028846153846153848 0.04326923076923077 0.057692307692307696
2 0.828125 0.040865384615384616 0.140625 0.08173076923076923
2 0.9242788461538461 0.027644230769230768 0.054086538461538464 0.055288461538461536
2 0.9675480769230769 0.0673076923076923 0.06129807692307692 0.11899038461538461