2 0.01201923076923077 0.5360576923076923 0.02403846153846154 0.1814903846153846
2 0.09375 0.6935096153846154 0.18028846153846154 0.4567307692307692
2 0.16466346153846154 0.5036057692307693 0.30528846153846156 0.203125
2 0.37259615384615385 0.46153846153846156 0.042067307692307696 0.09375
2 0.39903846153846156 0.46875 0.038461538461538464 0.07451923076923077
2 0.43509615384615385 0.44471153846153844 0.036057692307692304 0.08052884615384616
2 0.4495192307692308 0.4651442307692308 0.04567307692307692 0.056490384615384616
2 0.47115384615384615 0.4495192307692308 0.020432692307692308 0.038461538461538464
2 0.4879807692307692 0.47475961538461536 0.03125 0.06129807692307692
2 0.5721153846153846 0.4326923076923077 0.016826923076923076 0.018028846153846152
2 0.6262019230769231 0.4423076923076923 0.020432692307692308 0.028846153846153848
2 0.8365384615384616 0.5108173076923077 0.07572115384615384 0.19110576923076922