2 0.2608173076923077 0.6622596153846154 0.038461538461538464 0.1466346153846154
2 0.3076923076923077 0.5961538461538461 0.028846153846153848 0.12980769230769232
2 0.3629807692307692 0.6141826923076923 0.04927884615384615 0.14783653846153846
2 0.39903846153846156 0.6983173076923077 0.03245192307692308 0.06971153846153846
2 0.49759615384615385 0.5036057692307693 0.12620192307692307 0.27283653846153844
2 0.5096153846153846 0.6862980769230769 0.039663461538461536 0.07211538461538461
2 0.5673076923076923 0.8822115384615384 0.04447115384615385 0.1045673076923077
2 0.5600961538461539 0.6213942307692307 0.026442307692307692 0.14543269230769232
2 0.6382211538461539 0.5588942307692307 0.028846153846153848 0.08173076923076923
2 0.7211538461538461 0.4675480769230769 0.028846153846153848 0.08173076923076923
2 0.7319711538461539 0.6045673076923077 0.037259615384615384 0.11538461538461539
2 0.7403846153846154 0.4362980769230769 0.04927884615384615 0.10216346153846154