2 0.030048076923076924 0.8653846153846154 0.028846153846153848 0.22596153846153846
2 0.051682692307692304 0.8713942307692307 0.036057692307692304 0.19591346153846154
2 0.12620192307692307 0.7079326923076923 0.030048076923076924 0.13822115384615385
2 0.1466346153846154 0.9579326923076923 0.051682692307692304 0.054086538461538464
2 0.1622596153846154 0.7007211538461539 0.037259615384615384 0.10096153846153846
2 0.18028846153846154 0.7608173076923077 0.046875 0.18870192307692307
2 0.21634615384615385 0.7872596153846154 0.057692307692307696 0.19591346153846154
2 0.25961538461538464 0.6201923076923077 0.026442307692307692 0.14543269230769232
2 0.27283653846153844 0.49759615384615385 0.037259615384615384 0.09975961538461539
2 0.28725961538461536 0.6814903846153846 0.046875 0.18269230769230768
2 0.2956730769230769 0.4483173076923077 0.028846153846153848 0.1201923076923077
2 0.3076923076923077 0.5168269230769231 0.03365384615384615 0.13942307692307693
2 0.32211538461538464 0.4495192307692308 0.027644230769230768 0.10336538461538461
2 0.3401442307692308 0.4014423076923077 0.02283653846153846 0.109375
2 0.3545673076923077 0.41225961538461536 0.018028846153846152 0.09134615384615384
2 0.3701923076923077 0.7295673076923077 0.036057692307692304 0.11899038461538461
2 0.40865384615384615 0.7295673076923077 0.04326923076923077 0.15985576923076922
2 0.44471153846153844 0.39903846153846156 0.03485576923076923 0.10216346153846154
2 0.4987980769230769 0.6478365384615384 0.04447115384615385 0.15985576923076922
2 0.515625 0.42908653846153844 0.027644230769230768 0.12139423076923077
2 0.5228365384615384 0.7716346153846154 0.03365384615384615 0.16706730769230768
2 0.5396634615384616 0.4387019230769231 0.014423076923076924 0.10216346153846154
2 0.546875 0.6310096153846154 0.026442307692307692 0.16466346153846154
2 0.5600961538461539 0.765625 0.055288461538461536 0.19831730769230768
2 0.5456730769230769 0.4951923076923077 0.02403846153846154 0.11177884615384616
2 0.5661057692307693 0.47836538461538464 0.021634615384615384 0.11778846153846154
2 0.5817307692307693 0.625 0.021634615384615384 0.07932692307692307
2 0.6057692307692307 0.765625 0.04326923076923077 0.1778846153846154
2 0.6274038461538461 0.6213942307692307 0.03245192307692308 0.15264423076923078
2 0.6310096153846154 0.44471153846153844 0.03365384615384615 0.13341346153846154
2 0.6730769230769231 0.7247596153846154 0.037259615384615384 0.18028846153846154
2 0.7211538461538461 0.7740384615384616 0.04447115384615385 0.09134615384615384
2 0.7319711538461539 0.4266826923076923 0.028846153846153848 0.11177884615384616
2 0.7451923076923077 0.6117788461538461 0.03365384615384615 0.15985576923076922
2 0.7608173076923077 0.7920673076923077 0.05048076923076923 0.14543269230769232
2 0.7632211538461539 0.6826923076923077 0.046875 0.10817307692307693
2 0.7608173076923077 0.453125 0.02283653846153846 0.11057692307692307
2 0.7860576923076923 0.46274038461538464 0.025240384615384616 0.10817307692307693
2 0.7920673076923077 0.7019230769230769 0.03485576923076923 0.11177884615384616
2 0.8112980769230769 0.6394230769230769 0.038461538461538464 0.15745192307692307
2 0.8125 0.4519230769230769 0.025240384615384616 0.07572115384615384
2 0.8269230769230769 0.7572115384615384 0.037259615384615384 0.18509615384615385
2 0.8413461538461539 0.6237980769230769 0.020432692307692308 0.09134615384615384
2 0.8665865384615384 0.7860576923076923 0.04447115384615385 0.22235576923076922
2 0.8725961538461539 0.7475961538461539 0.03365384615384615 0.10096153846153846
2 0.8798076923076923 0.6586538461538461 0.030048076923076924 0.06850961538461539
2 0.8870192307692307 0.6418269230769231 0.046875 0.10336538461538461
2 0.9050480769230769 0.8052884615384616 0.037259615384615384 0.20793269230769232
2 0.9362980769230769 0.671875 0.037259615384615384 0.09014423076923077
2 0.9447115384615384 0.7740384615384616 0.038461538461538464 0.18389423076923078
2 0.9519230769230769 0.5228365384615384 0.040865384615384616 0.12980769230769232
2 0.9507211538461539 0.8425480769230769 0.03365384615384615 0.12860576923076922
2 0.9675480769230769 0.6358173076923077 0.042067307692307696 0.09014423076923077
2 0.9723557692307693 0.7692307692307693 0.03365384615384615 0.18990384615384615