2 0.5024038461538461 0.8353365384615384 0.9567307692307693 0.2764423076923077
2 0.054086538461538464 0.8413461538461539 0.04807692307692308 0.12980769230769232
2 0.09254807692307693 0.8882211538461539 0.04927884615384615 0.17548076923076922
2 0.11057692307692307 0.8293269230769231 0.04807692307692308 0.09615384615384616
2 0.11778846153846154 0.7896634615384616 0.02283653846153846 0.03365384615384615
2 0.14182692307692307 0.8918269230769231 0.052884615384615384 0.11899038461538461
2 0.14423076923076922 0.7932692307692307 0.026442307692307692 0.04326923076923077
2 0.16826923076923078 0.8221153846153846 0.052884615384615384 0.0733173076923077
2 0.17067307692307693 0.7692307692307693 0.013221153846153846 0.028846153846153848
2 0.18028846153846154 0.7740384615384616 0.015625 0.05048076923076923
2 0.1971153846153846 0.7548076923076923 0.016826923076923076 0.04567307692307692
2 0.21033653846153846 0.8173076923076923 0.042067307692307696 0.11899038461538461
2 0.25600961538461536 0.7487980769230769 0.010817307692307692 0.04326923076923077
2 0.3088942307692308 0.8233173076923077 0.056490384615384616 0.12259615384615384
2 0.3629807692307692 0.8185096153846154 0.03485576923076923 0.11899038461538461
2 0.39903846153846156 0.8149038461538461 0.046875 0.1141826923076923
2 0.47475961538461536 0.8677884615384616 0.054086538461538464 0.17908653846153846
2 0.4723557692307692 0.7680288461538461 0.040865384615384616 0.037259615384615384
2 0.49759615384615385 0.9110576923076923 0.06971153846153846 0.1310096153846154
2 0.5084134615384616 0.7548076923076923 0.042067307692307696 0.04447115384615385
2 0.5408653846153846 0.8870192307692307 0.06971153846153846 0.17668269230769232
2 0.5444711538461539 0.8197115384615384 0.04807692307692308 0.08533653846153846
2 0.5540865384615384 0.7728365384615384 0.025240384615384616 0.02403846153846154
2 0.5973557692307693 0.8185096153846154 0.04927884615384615 0.10697115384615384
2 0.5817307692307693 0.7620192307692307 0.016826923076923076 0.02283653846153846
2 0.6334134615384616 0.8894230769230769 0.078125 0.16947115384615385
2 0.6346153846153846 0.7692307692307693 0.03245192307692308 0.055288461538461536
2 0.6538461538461539 0.8185096153846154 0.037259615384615384 0.12259615384615384
2 0.6899038461538461 0.7716346153846154 0.040865384615384616 0.06490384615384616
2 0.6971153846153846 0.8413461538461539 0.042067307692307696 0.125
2 0.7211538461538461 0.9399038461538461 0.078125 0.06850961538461539
2 0.7307692307692307 0.8161057692307693 0.036057692307692304 0.1201923076923077
2 0.7800480769230769 0.7872596153846154 0.04447115384615385 0.08774038461538461
2 0.8221153846153846 0.8353365384615384 0.046875 0.16826923076923078
2 0.8365384615384616 0.7704326923076923 0.03485576923076923 0.06370192307692307
2 0.8653846153846154 0.8497596153846154 0.05048076923076923 0.15504807692307693
2 0.8966346153846154 0.9350961538461539 0.07572115384615384 0.04807692307692308
2 0.8846153846153846 0.8257211538461539 0.016826923076923076 0.13942307692307693
2 0.9098557692307693 0.8293269230769231 0.037259615384615384 0.13341346153846154
2 0.9326923076923077 0.7884615384615384 0.03485576923076923 0.09975961538461539
2 0.9711538461538461 0.7932692307692307 0.025240384615384616 0.09975961538461539