2 0.14302884615384615 0.953125 0.02403846153846154 0.0625
2 0.1622596153846154 0.9483173076923077 0.018028846153846152 0.08052884615384616
2 0.19110576923076922 0.9567307692307693 0.018028846153846152 0.07932692307692307
2 0.25721153846153844 0.34615384615384615 0.025240384615384616 0.07692307692307693
2 0.2920673076923077 0.953125 0.027644230769230768 0.09254807692307693
2 0.3112980769230769 0.6430288461538461 0.057692307692307696 0.1310096153846154
2 0.4675480769230769 0.9555288461538461 0.02283653846153846 0.08413461538461539
2 0.5144230769230769 0.27163461538461536 0.02403846153846154 0.07572115384615384
2 0.5264423076923077 0.7776442307692307 0.038461538461538464 0.140625
2 0.5276442307692307 0.9507211538461539 0.038461538461538464 0.09615384615384616
2 0.7283653846153846 0.9350961538461539 0.2247596153846154 0.12740384615384615
2 0.7247596153846154 0.6442307692307693 0.056490384615384616 0.12620192307692307
2 0.7680288461538461 0.3473557692307692 0.025240384615384616 0.07572115384615384