2 0.5144230769230769 0.5757211538461539 0.05889423076923077 0.09254807692307693
2 0.19951923076923078 0.5528846153846154 0.04807692307692308 0.0673076923076923
2 0.1935096153846154 0.44711538461538464 0.016826923076923076 0.040865384615384616
2 0.2091346153846154 0.4387019230769231 0.020432692307692308 0.06009615384615385
2 0.2860576923076923 0.5528846153846154 0.04447115384615385 0.07451923076923077
2 0.35216346153846156 0.5168269230769231 0.04807692307692308 0.04447115384615385
2 0.41346153846153844 0.5228365384615384 0.038461538461538464 0.04927884615384615
2 0.45552884615384615 0.4891826923076923 0.026442307692307692 0.028846153846153848
2 0.5036057692307693 0.49158653846153844 0.02403846153846154 0.03485576923076923
2 0.6141826923076923 0.5096153846153846 0.16706730769230768 0.0733173076923077
2 0.5973557692307693 0.5697115384615384 0.057692307692307696 0.0625