2 0.3076923076923077 0.8209134615384616 0.037259615384615384 0.140625
2 0.06971153846153846 0.6081730769230769 0.003605769230769231 0.03125
2 0.0829326923076923 0.5985576923076923 0.008413461538461538 0.03365384615384615
2 0.5480769230769231 0.5552884615384616 0.9026442307692307 0.14302884615384615
2 0.21153846153846154 0.6875 0.020432692307692308 0.0673076923076923
2 0.27884615384615385 0.6514423076923077 0.01201923076923077 0.055288461538461536
2 0.31009615384615385 0.6694711538461539 0.015625 0.04326923076923077
2 0.3894230769230769 0.7223557692307693 0.021634615384615384 0.07451923076923077
2 0.41586538461538464 0.7103365384615384 0.016826923076923076 0.0673076923076923
2 0.43149038461538464 0.6418269230769231 0.004807692307692308 0.040865384615384616
2 0.4387019230769231 0.6634615384615384 0.013221153846153846 0.04807692307692308
2 0.46153846153846156 0.7319711538461539 0.016826923076923076 0.0673076923076923
2 0.5120192307692307 0.6862980769230769 0.014423076923076924 0.05889423076923077
2 0.5480769230769231 0.6586538461538461 0.008413461538461538 0.052884615384615384
2 0.5528846153846154 0.703125 0.018028846153846152 0.05889423076923077
2 0.5733173076923077 0.71875 0.021634615384615384 0.06129807692307692
2 0.5793269230769231 0.6598557692307693 0.008413461538461538 0.04567307692307692
2 0.6478365384615384 0.8185096153846154 0.02283653846153846 0.10817307692307693
2 0.6658653846153846 0.6286057692307693 0.010817307692307692 0.04447115384615385
2 0.6730769230769231 0.6622596153846154 0.013221153846153846 0.04567307692307692
2 0.6838942307692307 0.7836538461538461 0.016826923076923076 0.09134615384615384
2 0.6959134615384616 0.9314903846153846 0.03245192307692308 0.13581730769230768
2 0.6923076923076923 0.6694711538461539 0.008413461538461538 0.037259615384615384
2 0.7079326923076923 0.6742788461538461 0.01201923076923077 0.046875
2 0.9891826923076923 0.703125 0.018028846153846152 0.05889423076923077