2 0.3317307692307692 0.26322115384615385 0.0829326923076923 0.24278846153846154
2 0.015625 0.3004807692307692 0.030048076923076924 0.0829326923076923
2 0.07211538461538461 0.3713942307692308 0.06850961538461539 0.21514423076923078
2 0.08653846153846154 0.30408653846153844 0.021634615384615384 0.05889423076923077
2 0.11658653846153846 0.3233173076923077 0.039663461538461536 0.1778846153846154
2 0.16706730769230768 0.30288461538461536 0.039663461538461536 0.16466346153846154
2 0.19230769230769232 0.3605769230769231 0.07451923076923077 0.0889423076923077
2 0.18990384615384615 0.3786057692307692 0.03245192307692308 0.052884615384615384
2 0.20673076923076922 0.2848557692307692 0.037259615384615384 0.1346153846153846
2 0.2403846153846154 0.34375 0.06009615384615385 0.13942307692307693
2 0.24879807692307693 0.28846153846153844 0.03125 0.07692307692307693
2 0.32091346153846156 0.3762019230769231 0.051682692307692304 0.07932692307692307
2 0.38822115384615385 0.3786057692307692 0.052884615384615384 0.08413461538461539
2 0.4182692307692308 0.36177884615384615 0.03485576923076923 0.06370192307692307
2 0.44711538461538464 0.3449519230769231 0.046875 0.09014423076923077
2 0.5757211538461539 0.2704326923076923 0.03245192307692308 0.056490384615384616
2 0.6021634615384616 0.2800480769230769 0.021634615384615384 0.04807692307692308
2 0.6177884615384616 0.27884615384615385 0.020432692307692308 0.057692307692307696
2 0.7079326923076923 0.3329326923076923 0.12139423076923077 0.18870192307692307
2 0.8737980769230769 0.36778846153846156 0.17548076923076922 0.29447115384615385
2 0.984375 0.31490384615384615 0.030048076923076924 0.1502403846153846