2 0.025240384615384616 0.7572115384615384 0.020432692307692308 0.07211538461538461
2 0.26322115384615385 0.7151442307692307 0.018028846153846152 0.055288461538461536
2 0.27403846153846156 0.7019230769230769 0.015625 0.028846153846153848
2 0.2764423076923077 0.7439903846153846 0.015625 0.07572115384615384
2 0.29086538461538464 0.7163461538461539 0.014423076923076924 0.05048076923076923
2 0.42427884615384615 0.7379807692307693 0.019230769230769232 0.05889423076923077
2 0.47475961538461536 0.7175480769230769 0.0985576923076923 0.09615384615384616
2 0.45913461538461536 0.7103365384615384 0.06370192307692307 0.05889423076923077
2 0.5036057692307693 0.7355769230769231 0.020432692307692308 0.07451923076923077
2 0.5192307692307693 0.6959134615384616 0.013221153846153846 0.037259615384615384
2 0.6237980769230769 0.6706730769230769 0.014423076923076924 0.028846153846153848
2 0.6346153846153846 0.6742788461538461 0.030048076923076924 0.027644230769230768
2 0.6310096153846154 0.6730769230769231 0.013221153846153846 0.036057692307692304
2 0.640625 0.6754807692307693 0.004807692307692308 0.020432692307692308
2 0.6454326923076923 0.6742788461538461 0.010817307692307692 0.02403846153846154
2 0.7644230769230769 0.6514423076923077 0.010817307692307692 0.020432692307692308
2 0.7716346153846154 0.6514423076923077 0.007211538461538462 0.016826923076923076
2 0.7776442307692307 0.6526442307692307 0.009615384615384616 0.018028846153846152
2 0.7860576923076923 0.6502403846153846 0.01201923076923077 0.025240384615384616
2 0.8894230769230769 0.6730769230769231 0.007211538461538462 0.025240384615384616
2 0.9194711538461539 0.6778846153846154 0.06610576923076923 0.06490384615384616
2 0.9014423076923077 0.671875 0.007211538461538462 0.03125
2 0.9278846153846154 0.6802884615384616 0.015625 0.03125
2 0.9362980769230769 0.6875 0.007211538461538462 0.03245192307692308
2 0.9471153846153846 0.6670673076923077 0.007211538461538462 0.027644230769230768