2 0.055288461538461536 0.7548076923076923 0.051682692307692304 0.36177884615384615
2 0.20552884615384615 0.265625 0.27403846153846156 0.45072115384615385
2 0.10096153846153846 0.7536057692307693 0.040865384615384616 0.3004807692307692
2 0.1622596153846154 0.7584134615384616 0.09134615384615384 0.2548076923076923
2 0.22235576923076922 0.7716346153846154 0.030048076923076924 0.1935096153846154
2 0.25841346153846156 0.7584134615384616 0.042067307692307696 0.21875
2 0.42427884615384615 0.31971153846153844 0.037259615384615384 0.34134615384615385
2 0.4795673076923077 0.7451923076923077 0.10216346153846154 0.3004807692307692
2 0.47115384615384615 0.34375 0.06129807692307692 0.296875
2 0.5204326923076923 0.33533653846153844 0.040865384615384616 0.29447115384615385
2 0.5673076923076923 0.3233173076923077 0.05048076923076923 0.33413461538461536
2 0.5745192307692307 0.7512019230769231 0.037259615384615384 0.3076923076923077
2 0.6153846153846154 0.3088942307692308 0.0673076923076923 0.3485576923076923
2 0.6742788461538461 0.6754807692307693 0.021634615384615384 0.19591346153846154
2 0.7007211538461539 0.6899038461538461 0.04927884615384615 0.25961538461538464
2 0.7512019230769231 0.25240384615384615 0.042067307692307696 0.18389423076923078
2 0.7884615384615384 0.24639423076923078 0.025240384615384616 0.16105769230769232
2 0.8173076923076923 0.7403846153846154 0.06129807692307692 0.2848557692307692
2 0.8293269230769231 0.265625 0.037259615384615384 0.1622596153846154
2 0.8701923076923077 0.7079326923076923 0.039663461538461536 0.2848557692307692
2 0.8701923076923077 0.24879807692307693 0.030048076923076924 0.1658653846153846
2 0.9122596153846154 0.2548076923076923 0.037259615384615384 0.20192307692307693