2 0.10697115384615384 0.640625 0.21394230769230768 0.7139423076923077
2 0.43990384615384615 0.6213942307692307 0.8798076923076923 0.7548076923076923
2 0.2127403846153846 0.33653846153846156 0.036057692307692304 0.12259615384615384
2 0.24158653846153846 0.36658653846153844 0.06490384615384616 0.07451923076923077
2 0.3701923076923077 0.37740384615384615 0.24158653846153846 0.18509615384615385
2 0.5108173076923077 0.3713942307692308 0.039663461538461536 0.17668269230769232
2 0.5384615384615384 0.43028846153846156 0.07451923076923077 0.1346153846153846
2 0.5420673076923077 0.34375 0.04447115384615385 0.14302884615384615
2 0.6141826923076923 0.453125 0.10216346153846154 0.15144230769230768
2 0.6646634615384616 0.35336538461538464 0.07451923076923077 0.18990384615384615
2 0.7283653846153846 0.40625 0.07451923076923077 0.29447115384615385
2 0.8040865384615384 0.4723557692307692 0.14903846153846154 0.19951923076923078
2 0.9375 0.5180288461538461 0.12259615384615384 0.27163461538461536