2 0.7632211538461539 0.6682692307692307 0.09014423076923077 0.3557692307692308
2 0.11177884615384616 0.4879807692307692 0.22235576923076922 0.06370192307692307
2 0.171875 0.5745192307692307 0.06370192307692307 0.0985576923076923
2 0.31490384615384615 0.5300480769230769 0.038461538461538464 0.06129807692307692
2 0.3293269230769231 0.5132211538461539 0.03365384615384615 0.08052884615384616
2 0.4543269230769231 0.5504807692307693 0.04807692307692308 0.14302884615384615
2 0.46634615384615385 0.36538461538461536 0.042067307692307696 0.03125
2 0.5444711538461539 0.5168269230769231 0.10216346153846154 0.22716346153846154
2 0.5108173076923077 0.3581730769230769 0.007211538461538462 0.009615384615384616
2 0.5240384615384616 0.3581730769230769 0.01201923076923077 0.02403846153846154
2 0.5420673076923077 0.3545673076923077 0.013221153846153846 0.018028846153846152
2 0.5865384615384616 0.3894230769230769 0.020432692307692308 0.04807692307692308
2 0.6141826923076923 0.4651442307692308 0.020432692307692308 0.0829326923076923
2 0.6153846153846154 0.4170673076923077 0.007211538461538462 0.05048076923076923
2 0.6237980769230769 0.4098557692307692 0.016826923076923076 0.055288461538461536
2 0.65625 0.5793269230769231 0.05048076923076923 0.21514423076923078
2 0.6502403846153846 0.43028846153846156 0.026442307692307692 0.07211538461538461
2 0.6682692307692307 0.4098557692307692 0.018028846153846152 0.0673076923076923