2 0.10576923076923077 0.41225961538461536 0.038461538461538464 0.1045673076923077
2 0.13701923076923078 0.39783653846153844 0.030048076923076924 0.04927884615384615
2 0.18028846153846154 0.38822115384615385 0.11538461538461539 0.05889423076923077
2 0.17307692307692307 0.390625 0.026442307692307692 0.04927884615384615
2 0.18028846153846154 0.38341346153846156 0.014423076923076924 0.027644230769230768
2 0.18990384615384615 0.38100961538461536 0.01201923076923077 0.03245192307692308
2 0.21153846153846154 0.3798076923076923 0.006009615384615385 0.020432692307692308
2 0.21634615384615385 0.38221153846153844 0.006009615384615385 0.013221153846153846
2 0.22235576923076922 0.38461538461538464 0.015625 0.04567307692307692
2 0.2439903846153846 0.39663461538461536 0.026442307692307692 0.06971153846153846
2 0.30649038461538464 0.42427884615384615 0.04326923076923077 0.11778846153846154
2 0.3557692307692308 0.42427884615384615 0.037259615384615384 0.1141826923076923
2 0.3918269230769231 0.4266826923076923 0.04807692307692308 0.1141826923076923
2 0.38221153846153844 0.36177884615384615 0.009615384615384616 0.015625
2 0.3894230769230769 0.3605769230769231 0.010817307692307692 0.015625
2 0.4026442307692308 0.3641826923076923 0.006009615384615385 0.02403846153846154
2 0.7439903846153846 0.5228365384615384 0.1778846153846154 0.4879807692307692