2 0.22956730769230768 0.9122596153846154 0.08052884615384616 0.15264423076923078
2 0.0829326923076923 0.9194711538461539 0.16466346153846154 0.15985576923076922
2 0.06370192307692307 0.5853365384615384 0.12259615384615384 0.16706730769230768
2 0.11899038461538461 0.5877403846153846 0.09615384615384616 0.17067307692307693
2 0.24759615384615385 0.59375 0.1622596153846154 0.16105769230769232
2 0.24759615384615385 0.08413461538461539 0.15985576923076922 0.1622596153846154
2 0.2283653846153846 0.41225961538461536 0.057692307692307696 0.16105769230769232
2 0.2668269230769231 0.7487980769230769 0.12860576923076922 0.07451923076923077
2 0.27884615384615385 0.6213942307692307 0.0985576923076923 0.0985576923076923
2 0.27163461538461536 0.9194711538461539 0.039663461538461536 0.15985576923076922
2 0.3473557692307692 0.5997596153846154 0.030048076923076924 0.08533653846153846
2 0.3629807692307692 0.10216346153846154 0.056490384615384616 0.12980769230769232
2 0.41466346153846156 0.2536057692307692 0.12620192307692307 0.15504807692307693
2 0.3762019230769231 0.5973557692307693 0.036057692307692304 0.10576923076923077
2 0.4098557692307692 0.9074519230769231 0.07932692307692307 0.13822115384615385
2 0.4254807692307692 0.09735576923076923 0.06971153846153846 0.14543269230769232
2 0.43509615384615385 0.578125 0.07211538461538461 0.10216346153846154
2 0.4879807692307692 0.5733173076923077 0.02403846153846154 0.11899038461538461
2 0.5120192307692307 0.5528846153846154 0.030048076923076924 0.056490384615384616
2 0.5817307692307693 0.7608173076923077 0.16346153846153846 0.1466346153846154
2 0.5805288461538461 0.07572115384615384 0.15985576923076922 0.06850961538461539
2 0.5793269230769231 0.9230769230769231 0.07692307692307693 0.10216346153846154
2 0.5600961538461539 0.5625 0.02283653846153846 0.030048076923076924
2 0.5925480769230769 0.5721153846153846 0.020432692307692308 0.036057692307692304
2 0.6225961538461539 0.8870192307692307 0.04567307692307692 0.10576923076923077
2 0.6370192307692307 0.6069711538461539 0.04567307692307692 0.12620192307692307
2 0.6875 0.29086538461538464 0.04807692307692308 0.09014423076923077
2 0.7043269230769231 0.2620192307692308 0.08173076923076923 0.16346153846153846
2 0.7307692307692307 0.5865384615384616 0.08413461538461539 0.12740384615384615
2 0.7716346153846154 0.9194711538461539 0.1201923076923077 0.15625
2 0.7956730769230769 0.2776442307692308 0.07572115384615384 0.109375
2 0.8786057692307693 0.625 0.08653846153846154 0.08413461538461539
2 0.8834134615384616 0.9074519230769231 0.07692307692307693 0.125
2 0.9086538461538461 0.2548076923076923 0.11057692307692307 0.15144230769230768
2 0.9158653846153846 0.7572115384615384 0.08533653846153846 0.1466346153846154
2 0.9146634615384616 0.5793269230769231 0.06009615384615385 0.10697115384615384
2 0.9230769230769231 0.41947115384615385 0.05889423076923077 0.1622596153846154
2 0.9387019230769231 0.9230769230769231 0.0889423076923077 0.13581730769230768
2 0.9411057692307693 0.6141826923076923 0.08533653846153846 0.1045673076923077