2 0.7788461538461539 0.3485576923076923 0.06850961538461539 0.2403846153846154
2 0.21153846153846154 0.45913461538461536 0.038461538461538464 0.12259615384615384
2 0.28365384615384615 0.3293269230769231 0.026442307692307692 0.08653846153846154
2 0.2920673076923077 0.41225961538461536 0.036057692307692304 0.10697115384615384
2 0.36899038461538464 0.3641826923076923 0.03365384615384615 0.10336538461538461
2 0.38221153846153844 0.49759615384615385 0.04807692307692308 0.14182692307692307
2 0.4423076923076923 0.5192307692307693 0.06009615384615385 0.11177884615384616
2 0.49759615384615385 0.4807692307692308 0.05048076923076923 0.12740384615384615
2 0.5276442307692307 0.36538461538461536 0.03245192307692308 0.08052884615384616
2 0.5576923076923077 0.3954326923076923 0.052884615384615384 0.15144230769230768
2 0.625 0.3798076923076923 0.0829326923076923 0.09615384615384616
2 0.6478365384615384 0.38100961538461536 0.05889423076923077 0.07692307692307693
2 0.7079326923076923 0.39903846153846156 0.051682692307692304 0.08052884615384616