2 0.5060096153846154 0.9266826923076923 0.06490384615384616 0.13581730769230768
2 0.33413461538461536 0.35096153846153844 0.6682692307692307 0.234375
2 0.5084134615384616 0.8064903846153846 0.9819711538461539 0.3858173076923077
2 0.625 0.49038461538461536 0.10817307692307693 0.042067307692307696
2 0.8413461538461539 0.3401442307692308 0.3125 0.23317307692307693
2 0.7644230769230769 0.4951923076923077 0.12860576923076922 0.04807692307692308
2 0.7463942307692307 0.453125 0.009615384615384616 0.03125
2 0.8076923076923077 0.45913461538461536 0.007211538461538462 0.019230769230769232
2 0.8305288461538461 0.46153846153846156 0.003605769230769231 0.018028846153846152
2 0.8425480769230769 0.45913461538461536 0.013221153846153846 0.028846153846153848
2 0.8786057692307693 0.46274038461538464 0.013221153846153846 0.03245192307692308
2 0.9002403846153846 0.46875 0.01201923076923077 0.03125
2 0.9122596153846154 0.4675480769230769 0.004807692307692308 0.018028846153846152
2 0.9519230769230769 0.4651442307692308 0.01201923076923077 0.027644230769230768