0 0.63125 0.025 0.065625 0.0359375
1 0.79375 0.13203125 0.1140625 0.115625
0 0.66640625 0.09140625 0.1953125 0.1453125
1 0.934375 0.19140625 0.1234375 0.096875
0 0.734375 0.30234375 0.5015625 0.39375
1 0.9515625 0.49375 0.096875 0.23125
1 0.80078125 0.503125 0.1890625 0.13125
1 0.534375 0.4171875 0.1515625 0.1125
0 0.31875 0.0515625 0.0 0.103125
0 0.2515625 0.0453125 0.04375 0.065625
0 0.4234375 0.20078125 0.190625 0.2890625
0 0.15 0.13671875 0.1046875 0.234375
0 0.19765625 0.18125 0.115625 0.2171875
0 0.62734375 0.684375 0.2625 0.2515625
0 0.62265625 0.8953125 0.184375 0.1203125
0 0.1140625 0.6640625 0.11875 0.1625
0 0.12734375 0.4671875 0.2546875 0.196875