0 0.35703125 0.0359375 0.1890625 0.071875
1 0.0578125 0.11484375 0.115625 0.0484375
0 0.26484375 0.22109375 0.5296875 0.4078125
1 0.03046875 0.41171875 0.0609375 0.2421875
1 0.17890625 0.4359375 0.203125 0.1328125
1 0.471875 0.3578125 0.1625 0.115625
0 0.73984375 0.01484375 0.0734375 0.0296875
0 0.60390625 0.14296875 0.1953125 0.2859375
0 0.89375 0.1015625 0.08125 0.203125
0 0.85 0.12109375 0.1140625 0.2375
0 0.35546875 0.6421875 0.278125 0.2640625
0 0.34921875 0.8703125 0.1 0.1234375
0 0.9140625 0.65 0.121875 0.175
0 0.88515625 0.44453125 0.2296875 0.1859375