2 0.12139423076923077 0.6370192307692307 0.1310096153846154 0.3161057692307692
2 0.027644230769230768 0.5072115384615384 0.04567307692307692 0.042067307692307696
2 0.28966346153846156 0.6442307692307693 0.10817307692307693 0.24158653846153846
2 0.3473557692307692 0.5072115384615384 0.04807692307692308 0.039663461538461536
2 0.4014423076923077 0.6274038461538461 0.12259615384615384 0.2548076923076923
2 0.4254807692307692 0.5060096153846154 0.03125 0.037259615384615384
2 0.5060096153846154 0.6141826923076923 0.125 0.25961538461538464
2 0.5564903846153846 0.6658653846153846 0.12139423076923077 0.27163461538461536
2 0.6418269230769231 0.5949519230769231 0.12139423076923077 0.2620192307692308
2 0.6862980769230769 0.6634615384615384 0.13581730769230768 0.265625
2 0.7548076923076923 0.6057692307692307 0.09375 0.3137019230769231
2 0.8485576923076923 0.6286057692307693 0.1310096153846154 0.2932692307692308
2 0.9507211538461539 0.6502403846153846 0.09375 0.2848557692307692