2 0.13581730769230768 0.7824519230769231 0.06490384615384616 0.42427884615384615
2 0.20432692307692307 0.6935096153846154 0.17307692307692307 0.4483173076923077
2 0.30288461538461536 0.6862980769230769 0.32091346153846156 0.609375
2 0.31850961538461536 0.6899038461538461 0.057692307692307696 0.16826923076923078
2 0.47836538461538464 0.703125 0.09254807692307693 0.3137019230769231
2 0.5204326923076923 0.7283653846153846 0.14783653846153846 0.5384615384615384
2 0.6225961538461539 0.7548076923076923 0.06009615384615385 0.27524038461538464
2 0.7692307692307693 0.6298076923076923 0.28365384615384615 0.7355769230769231
2 0.6959134615384616 0.671875 0.07572115384615384 0.28846153846153844
2 0.9495192307692307 0.7524038461538461 0.06490384615384616 0.2512019230769231
2 0.9639423076923077 0.7127403846153846 0.06971153846153846 0.21394230769230768
2 0.9747596153846154 0.5733173076923077 0.04807692307692308 0.23798076923076922