2 0.12980769230769232 0.31490384615384615 0.10336538461538461 0.5540865384615384
2 0.055288461538461536 0.9615384615384616 0.11057692307692307 0.07211538461538461
2 0.06370192307692307 0.8125 0.12740384615384615 0.3473557692307692
2 0.08173076923076923 0.6442307692307693 0.16346153846153846 0.41466346153846156
2 0.2824519230769231 0.5540865384615384 0.22956730769230768 0.3557692307692308
2 0.25961538461538464 0.265625 0.14182692307692307 0.53125
2 0.29447115384615385 0.796875 0.16466346153846154 0.4050480769230769
2 0.2956730769230769 0.8233173076923077 0.10096153846153846 0.35096153846153844
2 0.3016826923076923 0.18028846153846154 0.06971153846153846 0.24519230769230768
2 0.3701923076923077 0.40024038461538464 0.1971153846153846 0.3449519230769231
2 0.39903846153846156 0.15384615384615385 0.15264423076923078 0.25961538461538464
2 0.43028846153846156 0.7800480769230769 0.12259615384615384 0.4387019230769231
2 0.4723557692307692 0.6538461538461539 0.18389423076923078 0.6911057692307693
2 0.4326923076923077 0.171875 0.09375 0.22355769230769232
2 0.5300480769230769 0.38221153846153844 0.22956730769230768 0.7211538461538461
2 0.5612980769230769 0.13341346153846154 0.09735576923076923 0.2668269230769231
2 0.6911057692307693 0.13822115384615385 0.18028846153846154 0.2764423076923077
2 0.9230769230769231 0.19230769230769232 0.14182692307692307 0.38461538461538464
2 0.8858173076923077 0.8305288461538461 0.021634615384615384 0.19110576923076922
2 0.9507211538461539 0.7439903846153846 0.09735576923076923 0.5108173076923077
2 0.953125 0.5060096153846154 0.09254807692307693 0.28846153846153844
2 0.9771634615384616 0.42908653846153844 0.02403846153846154 0.0733173076923077