2 0.020432692307692308 0.4387019230769231 0.030048076923076924 0.1466346153846154
2 0.04927884615384615 0.5048076923076923 0.06009615384615385 0.2127403846153846
2 0.07451923076923077 0.35697115384615385 0.015625 0.04567307692307692
2 0.125 0.33653846153846156 0.030048076923076924 0.06850961538461539
2 0.19471153846153846 0.30528846153846156 0.027644230769230768 0.06490384615384616
2 0.2980769230769231 0.39783653846153844 0.11899038461538461 0.36177884615384615
2 0.35336538461538464 0.33052884615384615 0.06850961538461539 0.10096153846153846
2 0.35336538461538464 0.25600961538461536 0.013221153846153846 0.037259615384615384
2 0.3641826923076923 0.2608173076923077 0.020432692307692308 0.040865384615384616
2 0.5348557692307693 0.39783653846153844 0.18990384615384615 0.4423076923076923
2 0.46274038461538464 0.27283653846153844 0.037259615384615384 0.13942307692307693
2 0.6923076923076923 0.3088942307692308 0.06490384615384616 0.1971153846153846