2 0.15504807692307693 0.5492788461538461 0.1310096153846154 0.2920673076923077
2 0.25600961538461536 0.8701923076923077 0.1310096153846154 0.15625
2 0.4206730769230769 0.875 0.17908653846153846 0.19110576923076922
2 0.5925480769230769 0.8341346153846154 0.1814903846153846 0.20192307692307693
2 0.6442307692307693 0.9242788461538461 0.12139423076923077 0.1502403846153846
2 0.7259615384615384 0.8353365384615384 0.125 0.12620192307692307
2 0.8377403846153846 0.8930288461538461 0.23798076923076922 0.2127403846153846
2 0.7692307692307693 0.7776442307692307 0.08413461538461539 0.14423076923076922
2 0.8713942307692307 0.7716346153846154 0.11177884615384616 0.11658653846153846
2 0.9603365384615384 0.7836538461538461 0.07692307692307693 0.15865384615384615
2 0.9651442307692307 0.9314903846153846 0.06490384615384616 0.13221153846153846