0 0.87421875 0.11171875 0.078125 0.0578125
0 0.7265625 0.0921875 0.0875 0.103125
1 0.46875 0.04453125 0.146875 0.0890625
0 0.3265625 0.10859375 0.246875 0.2171875
1 0.17265625 0.09453125 0.1796875 0.1890625
0 0.5015625 0.1765625 0.121875 0.16875
1 0.56640625 0.1 0.09375 0.15
0 0.43125 0.16328125 0.0640625 0.05
1 0.47109375 0.2859375 0.0765625 0.0890625
0 0.72890625 0.6921875 0.3125 0.3078125
0 0.28671875 0.4859375 0.1171875 0.2078125
1 0.27265625 0.2890625 0.0640625 0.059375
1 0.403125 0.5765625 0.1109375 0.2140625
0 0.31796875 0.66484375 0.178125 0.421875
1 0.36640625 0.7765625 0.15625 0.21875
0 0.1328125 0.7390625 0.265625 0.371875
1 0.359375 0.34765625 0.1046875 0.1234375
0 0.34609375 0.88984375 0.065625 0.05
1 0.3265625 0.9359375 0.2125 0.121875
1 0.44453125 0.39921875 0.121875 0.171875