2 0.07572115384615384 0.2127403846153846 0.15144230769230768 0.17067307692307693
2 0.09975961538461539 0.3942307692307692 0.19951923076923078 0.20432692307692307
2 0.3473557692307692 0.6358173076923077 0.6935096153846154 0.7211538461538461
2 0.16346153846153846 0.09014423076923077 0.15264423076923078 0.1045673076923077
2 0.27403846153846156 0.19591346153846154 0.24639423076923078 0.1502403846153846
2 0.31971153846153844 0.28725961538461536 0.32211538461538464 0.19951923076923078
2 0.5685096153846154 0.13822115384615385 0.44471153846153844 0.2764423076923077
2 0.6057692307692307 0.7896634615384616 0.28125 0.3125
2 0.8689903846153846 0.38100961538461536 0.25600961538461536 0.22956730769230768
2 0.7920673076923077 0.7475961538461539 0.046875 0.17067307692307693
2 0.9026442307692307 0.12740384615384615 0.1875 0.24639423076923078
2 0.9206730769230769 0.6286057692307693 0.027644230769230768 0.07451923076923077
2 0.9278846153846154 0.8605769230769231 0.04326923076923077 0.14543269230769232