1 0.30859375 0.0625 0.1890625 0.125
0 0.39296875 0.21953125 0.2484375 0.3453125
0 0.22734375 0.1484375 0.15 0.178125
0 0.29140625 0.20390625 0.140625 0.209375
1 0.384375 0.025 0.203125 0.05
1 0.4875 0.04375 0.103125 0.0875
1 0.5390625 0.04921875 0.071875 0.0984375
0 0.665625 0.44296875 0.66875 0.7640625
0 0.21015625 0.68828125 0.2328125 0.3328125
0 0.10625 0.8421875 0.1859375 0.121875
1 0.58046875 0.7125 0.5546875 0.2890625
1 0.82578125 0.90234375 0.1515625 0.1953125
0 0.378125 0.74140625 0.284375 0.253125
1 0.55546875 0.8328125 0.2125 0.23125
0 0.7046875 0.88828125 0.259375 0.2234375