2 0.40024038461538464 0.5612980769230769 0.06971153846153846 0.3004807692307692
2 0.018028846153846152 0.359375 0.036057692307692304 0.17548076923076922
2 0.04447115384615385 0.36658653846153844 0.037259615384615384 0.11538461538461539
2 0.06009615384615385 0.40625 0.06490384615384616 0.07451923076923077
2 0.13581730769230768 0.39663461538461536 0.038461538461538464 0.051682692307692304
2 0.17668269230769232 0.39302884615384615 0.03485576923076923 0.05889423076923077
2 0.17908653846153846 0.35697115384615385 0.038461538461538464 0.0889423076923077
2 0.20072115384615385 0.5829326923076923 0.054086538461538464 0.09495192307692307
2 0.21754807692307693 0.3629807692307692 0.026442307692307692 0.109375
2 0.28846153846153844 0.38341346153846156 0.11057692307692307 0.09134615384615384
2 0.2512019230769231 0.6033653846153846 0.030048076923076924 0.09615384615384616
2 0.27403846153846156 0.6045673076923077 0.04567307692307692 0.10096153846153846
2 0.3473557692307692 0.6177884615384616 0.03245192307692308 0.07932692307692307
2 0.3713942307692308 0.6165865384615384 0.025240384615384616 0.07692307692307693
2 0.4423076923076923 0.6382211538461539 0.02403846153846154 0.08052884615384616
2 0.5709134615384616 0.6634615384615384 0.2091346153846154 0.0985576923076923