2 0.10697115384615384 0.5348557692307693 0.11298076923076923 0.30288461538461536
2 0.15384615384615385 0.5444711538461539 0.07211538461538461 0.28966346153846156
2 0.19471153846153846 0.53125 0.09975961538461539 0.33533653846153844
2 0.2283653846153846 0.5396634615384616 0.04567307692307692 0.29086538461538464
2 0.33774038461538464 0.5180288461538461 0.07572115384615384 0.3088942307692308
2 0.41947115384615385 0.5108173076923077 0.06370192307692307 0.32091346153846156
2 0.4579326923076923 0.49759615384615385 0.04927884615384615 0.23798076923076922
2 0.5036057692307693 0.5108173076923077 0.03485576923076923 0.21634615384615385
2 0.5384615384615384 0.5144230769230769 0.0673076923076923 0.25841346153846156
2 0.5961538461538461 0.4735576923076923 0.03365384615384615 0.14182692307692307
2 0.6057692307692307 0.4795673076923077 0.04807692307692308 0.13581730769230768
2 0.6430288461538461 0.4963942307692308 0.06610576923076923 0.20192307692307693
2 0.7091346153846154 0.49158653846153844 0.04326923076923077 0.1466346153846154
2 0.7331730769230769 0.45552884615384615 0.01201923076923077 0.09375
2 0.7800480769230769 0.4362980769230769 0.026442307692307692 0.0673076923076923