2 0.11778846153846154 0.42427884615384615 0.04567307692307692 0.1141826923076923
2 0.13341346153846154 0.20072115384615385 0.039663461538461536 0.09735576923076923
2 0.22115384615384615 0.6141826923076923 0.07091346153846154 0.09615384615384616
2 0.21634615384615385 0.31971153846153844 0.030048076923076924 0.140625
2 0.22716346153846154 0.43149038461538464 0.03245192307692308 0.07572115384615384
2 0.2608173076923077 0.49158653846153844 0.021634615384615384 0.08653846153846154
2 0.2776442307692308 0.2956730769230769 0.04567307692307692 0.04447115384615385
2 0.2776442307692308 0.28846153846153844 0.020432692307692308 0.08774038461538461
2 0.33413461538461536 0.4831730769230769 0.02403846153846154 0.028846153846153848
2 0.37259615384615385 0.13822115384615385 0.021634615384615384 0.04447115384615385
2 0.4230769230769231 0.515625 0.10096153846153846 0.06490384615384616
2 0.43509615384615385 0.6875 0.0625 0.2620192307692308
2 0.42788461538461536 0.11778846153846154 0.013221153846153846 0.03125
2 0.43028846153846156 0.0829326923076923 0.014423076923076924 0.03485576923076923
2 0.44711538461538464 0.27163461538461536 0.03365384615384615 0.06370192307692307
2 0.4387019230769231 0.11298076923076923 0.006009615384615385 0.03245192307692308
2 0.48677884615384615 0.10817307692307693 0.009615384615384616 0.02283653846153846
2 0.5216346153846154 0.6610576923076923 0.07091346153846154 0.125
2 0.5504807692307693 0.5144230769230769 0.11538461538461539 0.051682692307692304
2 0.5420673076923077 0.3605769230769231 0.03485576923076923 0.0889423076923077
2 0.5384615384615384 0.14903846153846154 0.01201923076923077 0.05048076923076923
2 0.5396634615384616 0.1045673076923077 0.006009615384615385 0.019230769230769232
2 0.5877403846153846 0.3786057692307692 0.051682692307692304 0.09254807692307693
2 0.5721153846153846 0.21394230769230768 0.006009615384615385 0.05048076923076923
2 0.5853365384615384 0.21033653846153846 0.020432692307692308 0.038461538461538464
2 0.5985576923076923 0.10817307692307693 0.007211538461538462 0.02283653846153846
2 0.6634615384615384 0.32211538461538464 0.009615384615384616 0.019230769230769232
2 0.6754807692307693 0.17548076923076922 0.020432692307692308 0.04567307692307692
2 0.7007211538461539 0.22235576923076922 0.025240384615384616 0.05889423076923077
2 0.7331730769230769 0.5372596153846154 0.07091346153846154 0.09615384615384616
2 0.7283653846153846 0.20432692307692307 0.015625 0.054086538461538464
2 0.7632211538461539 0.6454326923076923 0.08052884615384616 0.13942307692307693
2 0.7403846153846154 0.24879807692307693 0.014423076923076924 0.06129807692307692
2 0.7980769230769231 0.9266826923076923 0.10697115384615384 0.14423076923076922
2 0.7860576923076923 0.30649038461538464 0.042067307692307696 0.07932692307692307
2 0.7956730769230769 0.2439903846153846 0.019230769230769232 0.0625
2 0.8305288461538461 0.25600961538461536 0.018028846153846152 0.0673076923076923
2 0.8665865384615384 0.40384615384615385 0.04447115384615385 0.05889423076923077
2 0.9038461538461539 0.22956730769230768 0.02283653846153846 0.040865384615384616
2 0.9050480769230769 0.45552884615384615 0.02283653846153846 0.03485576923076923
2 0.9290865384615384 0.32572115384615385 0.027644230769230768 0.0625
2 0.9411057692307693 0.16466346153846154 0.015625 0.028846153846153848
2 0.9567307692307693 0.2920673076923077 0.026442307692307692 0.08533653846153846
2 0.9819711538461539 0.28966346153846156 0.025240384615384616 0.06490384615384616