2 0.06490384615384616 0.4951923076923077 0.018028846153846152 0.07091346153846154
2 0.1045673076923077 0.5348557692307693 0.07091346153846154 0.125
2 0.07572115384615384 0.48197115384615385 0.009615384615384616 0.039663461538461536
2 0.09615384615384616 0.49038461538461536 0.021634615384615384 0.06009615384615385
2 0.12259615384615384 0.48197115384615385 0.013221153846153846 0.027644230769230768
2 0.15985576923076922 0.6081730769230769 0.05889423076923077 0.2247596153846154
2 0.14302884615384615 0.4723557692307692 0.007211538461538462 0.013221153846153846
2 0.19951923076923078 0.6466346153846154 0.03245192307692308 0.13221153846153846
2 0.20793269230769232 0.49038461538461536 0.025240384615384616 0.028846153846153848
2 0.2127403846153846 0.47475961538461536 0.008413461538461538 0.018028846153846152
2 0.2536057692307692 0.5024038461538461 0.027644230769230768 0.08533653846153846
2 0.2860576923076923 0.5084134615384616 0.013221153846153846 0.07211538461538461
2 0.28365384615384615 0.4855769230769231 0.006009615384615385 0.03245192307692308
2 0.32211538461538464 0.53125 0.06490384615384616 0.13822115384615385
2 0.35096153846153844 0.4831730769230769 0.013221153846153846 0.037259615384615384
2 0.36899038461538464 0.5252403846153846 0.03485576923076923 0.12740384615384615
2 0.38461538461538464 0.5072115384615384 0.01201923076923077 0.08533653846153846
2 0.4014423076923077 0.5516826923076923 0.04447115384615385 0.1778846153846154
2 0.4098557692307692 0.47716346153846156 0.009615384615384616 0.025240384615384616
2 0.44591346153846156 0.5348557692307693 0.028846153846153848 0.1658653846153846
2 0.46274038461538464 0.5492788461538461 0.04807692307692308 0.1466346153846154
2 0.5132211538461539 0.5492788461538461 0.03365384615384615 0.1502403846153846
2 0.5432692307692307 0.5961538461538461 0.05048076923076923 0.1346153846153846
2 0.5865384615384616 0.5300480769230769 0.1310096153846154 0.1310096153846154
2 0.5733173076923077 0.5877403846153846 0.021634615384615384 0.06610576923076923
2 0.5985576923076923 0.5733173076923077 0.036057692307692304 0.09254807692307693
2 0.6598557692307693 0.515625 0.021634615384615384 0.03125
2 0.6826923076923077 0.5192307692307693 0.020432692307692308 0.025240384615384616
2 0.6850961538461539 0.5 0.010817307692307692 0.020432692307692308
2 0.7007211538461539 0.5192307692307693 0.021634615384615384 0.05889423076923077
2 0.703125 0.4963942307692308 0.019230769230769232 0.054086538461538464
2 0.7235576923076923 0.5817307692307693 0.036057692307692304 0.11538461538461539
2 0.7307692307692307 0.5396634615384616 0.018028846153846152 0.04447115384615385
2 0.7572115384615384 0.6069711538461539 0.06490384615384616 0.10336538461538461
2 0.7668269230769231 0.5276442307692307 0.03365384615384615 0.06971153846153846
2 0.7752403846153846 0.5216346153846154 0.009615384615384616 0.042067307692307696
2 0.7872596153846154 0.5084134615384616 0.02403846153846154 0.0625
2 0.8088942307692307 0.5396634615384616 0.019230769230769232 0.046875
2 0.8100961538461539 0.4963942307692308 0.021634615384615384 0.055288461538461536
2 0.8197115384615384 0.5132211538461539 0.03245192307692308 0.06850961538461539
2 0.8449519230769231 0.4963942307692308 0.015625 0.037259615384615384
2 0.8629807692307693 0.5973557692307693 0.05048076923076923 0.12620192307692307
2 0.8557692307692307 0.4987980769230769 0.016826923076923076 0.042067307692307696
2 0.9182692307692307 0.5733173076923077 0.037259615384615384 0.13221153846153846
2 0.9266826923076923 0.5336538461538461 0.021634615384615384 0.07211538461538461
2 0.9399038461538461 0.4951923076923077 0.006009615384615385 0.01201923076923077