2 0.6550480769230769 0.4723557692307692 0.06850961538461539 0.20192307692307693
2 0.4891826923076923 0.3786057692307692 0.018028846153846152 0.07692307692307693
2 0.5048076923076923 0.4543269230769231 0.05048076923076923 0.13942307692307693
2 0.5408653846153846 0.41947115384615385 0.021634615384615384 0.06009615384615385
2 0.5949519230769231 0.4254807692307692 0.04807692307692308 0.046875
2 0.7427884615384616 0.4266826923076923 0.015625 0.08533653846153846
2 0.7644230769230769 0.43149038461538464 0.018028846153846152 0.07692307692307693
2 0.8581730769230769 0.4254807692307692 0.12860576923076922 0.09615384615384616
2 0.8665865384615384 0.5300480769230769 0.052884615384615384 0.125
2 0.9471153846153846 0.5853365384615384 0.1045673076923077 0.15865384615384615
2 0.9423076923076923 0.4567307692307692 0.038461538461538464 0.04807692307692308
2 0.9423076923076923 0.41346153846153844 0.015625 0.042067307692307696
2 0.9747596153846154 0.47115384615384615 0.04927884615384615 0.04807692307692308
2 0.9819711538461539 0.4170673076923077 0.014423076923076924 0.04447115384615385