2 0.28966346153846156 0.13581730769230768 0.03125 0.1310096153846154
2 0.33413461538461536 0.40024038461538464 0.05048076923076923 0.16706730769230768
2 0.33774038461538464 0.5192307692307693 0.046875 0.08413461538461539
2 0.3545673076923077 0.6057692307692307 0.078125 0.14903846153846154
2 0.4182692307692308 0.5685096153846154 0.203125 0.5288461538461539
2 0.359375 0.36658653846153844 0.03245192307692308 0.11899038461538461
2 0.4387019230769231 0.37740384615384615 0.05048076923076923 0.14903846153846154
2 0.4483173076923077 0.5120192307692307 0.056490384615384616 0.07932692307692307
2 0.46274038461538464 0.5721153846153846 0.0625 0.10817307692307693
2 0.4699519230769231 0.18629807692307693 0.056490384615384616 0.16947115384615385
2 0.48677884615384615 0.7163461538461539 0.052884615384615384 0.22956730769230768
2 0.5901442307692307 0.4338942307692308 0.036057692307692304 0.07572115384615384
2 0.6033653846153846 0.4855769230769231 0.0625 0.14302884615384615
2 0.640625 0.44471153846153844 0.1310096153846154 0.4170673076923077
2 0.6021634615384616 0.6334134615384616 0.040865384615384616 0.05889423076923077
2 0.6850961538461539 0.3112980769230769 0.04807692307692308 0.16346153846153846