2 0.2283653846153846 0.3713942307692308 0.09134615384615384 0.3954326923076923
2 0.013221153846153846 0.4254807692307692 0.026442307692307692 0.25240384615384615
2 0.051682692307692304 0.43509615384615385 0.08413461538461539 0.359375
2 0.09014423076923077 0.33533653846153844 0.028846153846153848 0.10216346153846154
2 0.15384615384615385 0.43149038461538464 0.11298076923076923 0.4326923076923077
2 0.1814903846153846 0.3389423076923077 0.055288461538461536 0.23317307692307693
2 0.3954326923076923 0.35096153846153844 0.13221153846153846 0.4050480769230769
2 0.4230769230769231 0.34975961538461536 0.056490384615384616 0.34375
2 0.5072115384615384 0.32091346153846156 0.1658653846153846 0.5396634615384616
2 0.5480769230769231 0.3137019230769231 0.09375 0.42788461538461536
2 0.6682692307692307 0.2776442307692308 0.2403846153846154 0.5552884615384616
2 0.8605769230769231 0.31971153846153844 0.26802884615384615 0.6394230769230769
2 0.9182692307692307 0.3269230769230769 0.021634615384615384 0.07451923076923077
2 0.9375 0.3269230769230769 0.020432692307692308 0.07091346153846154
2 0.9447115384615384 0.40625 0.028846153846153848 0.10576923076923077
2 0.9567307692307693 0.39903846153846156 0.027644230769230768 0.07692307692307693
2 0.9795673076923077 0.40865384615384615 0.039663461538461536 0.109375