2 0.03485576923076923 0.5829326923076923 0.052884615384615384 0.36177884615384615
2 0.08413461538461539 0.6021634615384616 0.07692307692307693 0.4230769230769231
2 0.16826923076923078 0.6634615384615384 0.11899038461538461 0.5108173076923077
2 0.24879807692307693 0.5997596153846154 0.07211538461538461 0.37259615384615385
2 0.3161057692307692 0.6129807692307693 0.12980769230769232 0.7620192307692307
2 0.4699519230769231 0.5564903846153846 0.23076923076923078 0.8858173076923077
2 0.6009615384615384 0.6742788461538461 0.14903846153846154 0.6262019230769231
2 0.6935096153846154 0.6069711538461539 0.06009615384615385 0.29447115384615385
2 0.8245192307692307 0.6153846153846154 0.15985576923076922 0.7668269230769231
2 0.9122596153846154 0.6021634615384616 0.06129807692307692 0.35697115384615385
2 0.9435096153846154 0.6310096153846154 0.11177884615384616 0.45913461538461536