2 0.09014423076923077 0.41586538461538464 0.11057692307692307 0.22596153846153846
2 0.10576923076923077 0.7127403846153846 0.07692307692307693 0.16947115384615385
2 0.1045673076923077 0.640625 0.06490384615384616 0.12139423076923077
2 0.15745192307692307 0.5697115384615384 0.039663461538461536 0.1935096153846154
2 0.1622596153846154 0.7055288461538461 0.040865384615384616 0.08533653846153846
2 0.19230769230769232 0.390625 0.0985576923076923 0.15985576923076922
2 0.18028846153846154 0.71875 0.06850961538461539 0.09375
2 0.1971153846153846 0.5697115384615384 0.05889423076923077 0.21995192307692307
2 0.24639423076923078 0.6899038461538461 0.056490384615384616 0.1141826923076923
2 0.2620192307692308 0.5649038461538461 0.056490384615384616 0.11899038461538461
2 0.25600961538461536 0.47475961538461536 0.039663461538461536 0.06370192307692307
2 0.2860576923076923 0.703125 0.07211538461538461 0.09495192307692307
2 0.31009615384615385 0.5649038461538461 0.04927884615384615 0.15384615384615385
2 0.3137019230769231 0.6838942307692307 0.030048076923076924 0.12139423076923077
2 0.35096153846153844 0.7115384615384616 0.051682692307692304 0.07692307692307693
2 0.3449519230769231 0.4807692307692308 0.03245192307692308 0.0673076923076923
2 0.3581730769230769 0.5516826923076923 0.04807692307692308 0.1935096153846154
2 0.3701923076923077 0.6694711538461539 0.03245192307692308 0.054086538461538464
2 0.4182692307692308 0.7115384615384616 0.0733173076923077 0.09254807692307693
2 0.4026442307692308 0.4807692307692308 0.039663461538461536 0.0673076923076923
2 0.41586538461538464 0.625 0.056490384615384616 0.1502403846153846
2 0.4098557692307692 0.5084134615384616 0.04326923076923077 0.10096153846153846
2 0.453125 0.5072115384615384 0.039663461538461536 0.11538461538461539
2 0.48197115384615385 0.5504807692307693 0.06490384615384616 0.19471153846153846
2 0.4963942307692308 0.6346153846153846 0.078125 0.13942307692307693
2 0.5036057692307693 0.7091346153846154 0.07091346153846154 0.10697115384615384
2 0.5336538461538461 0.4855769230769231 0.04927884615384615 0.0889423076923077
2 0.5444711538461539 0.6177884615384616 0.0625 0.16826923076923078
2 0.5612980769230769 0.5120192307692307 0.052884615384615384 0.09495192307692307
2 0.5769230769230769 0.734375 0.052884615384615384 0.054086538461538464
2 0.6129807692307693 0.6454326923076923 0.09254807692307693 0.23557692307692307
2 0.5997596153846154 0.47836538461538464 0.03245192307692308 0.07692307692307693
2 0.6310096153846154 0.7235576923076923 0.042067307692307696 0.0733173076923077
2 0.6382211538461539 0.5216346153846154 0.04326923076923077 0.09735576923076923
2 0.6790865384615384 0.5997596153846154 0.04927884615384615 0.11538461538461539
2 0.6911057692307693 0.5048076923076923 0.06971153846153846 0.12740384615384615
2 0.7247596153846154 0.7067307692307693 0.06490384615384616 0.11057692307692307
2 0.734375 0.6201923076923077 0.06971153846153846 0.15384615384615385
2 0.7355769230769231 0.5168269230769231 0.06971153846153846 0.14302884615384615
2 0.7872596153846154 0.7019230769230769 0.04567307692307692 0.1045673076923077
2 0.7992788461538461 0.5204326923076923 0.07091346153846154 0.1466346153846154
2 0.8088942307692307 0.6418269230769231 0.07091346153846154 0.24278846153846154
2 0.8473557692307693 0.7572115384615384 0.06971153846153846 0.14182692307692307
2 0.8834134615384616 0.5949519230769231 0.05048076923076923 0.21514423076923078
2 0.9254807692307693 0.7379807692307693 0.07572115384615384 0.19471153846153846