0 0.86171875 0.3046875 0.2765625 0.43125
0 0.99375 0.47578125 0.0125 0.0609375
1 0.71875 0.39609375 0.053125 0.075
1 0.96640625 0.54609375 0.0671875 0.0765625
0 0.8640625 0.51015625 0.1734375 0.1078125
1 0.72578125 0.49296875 0.1421875 0.1390625
1 0.86484375 0.57578125 0.2171875 0.128125
0 0.36640625 0.12734375 0.1578125 0.2546875
0 0.2984375 0.1328125 0.071875 0.0921875
0 0.4671875 0.4390625 0.0765625 0.1359375
1 0.8609375 0.89140625 0.0953125 0.1265625
0 0.70859375 0.85546875 0.2703125 0.2109375
0 0.6125 0.94140625 0.1875 0.1171875
1 0.8453125 0.7890625 0.1734375 0.1203125
0 0.69765625 0.7390625 0.15625 0.1125
0 0.134375 0.8796875 0.18125 0.0984375