0 0.7734375 0.19921875 0.278125 0.3890625
0 0.9125 0.34375 0.025 0.05625
1 0.61875 0.3515625 0.034375 0.0671875
1 0.89765625 0.42109375 0.059375 0.0609375
0 0.78828125 0.4171875 0.1625 0.0609375
1 0.653125 0.44140625 0.1140625 0.109375
1 0.80703125 0.47890625 0.2046875 0.0703125
0 0.203125 0.16875 0.0671875 0.3203125
0 0.15 0.2265625 0.0484375 0.08125
0 0.396875 0.4640625 0.040625 0.128125
1 0.9265625 0.77578125 0.13125 0.1140625
0 0.74140625 0.78515625 0.2375 0.1453125
0 0.6859375 0.925 0.146875 0.15
1 0.8828125 0.684375 0.2234375 0.078125
0 0.69765625 0.67890625 0.1390625 0.075
0 0.2109375 0.9703125 0.1734375 0.0453125