2 0.5264423076923077 0.3605769230769231 0.18028846153846154 0.39903846153846156
2 0.2548076923076923 0.6778846153846154 0.5096153846153846 0.6418269230769231
2 0.20793269230769232 0.3449519230769231 0.20192307692307693 0.04567307692307692
2 0.14302884615384615 0.4098557692307692 0.018028846153846152 0.06971153846153846
2 0.1658653846153846 0.38341346153846156 0.018028846153846152 0.027644230769230768
2 0.16706730769230768 0.4338942307692308 0.020432692307692308 0.0733173076923077
2 0.18028846153846154 0.39663461538461536 0.018028846153846152 0.06370192307692307
2 0.19110576923076922 0.42427884615384615 0.013221153846153846 0.07932692307692307
2 0.20793269230769232 0.4206730769230769 0.020432692307692308 0.08413461538461539
2 0.23076923076923078 0.4182692307692308 0.019230769230769232 0.08653846153846154
2 0.27524038461538464 0.3713942307692308 0.014423076923076924 0.06370192307692307
2 0.8137019230769231 0.4206730769230769 0.3713942307692308 0.21514423076923078