2 0.22596153846153846 0.6766826923076923 0.07572115384615384 0.23798076923076922
2 0.018028846153846152 0.6574519230769231 0.03245192307692308 0.17067307692307693
2 0.02283653846153846 0.5793269230769231 0.04326923076923077 0.0673076923076923
2 0.09014423076923077 0.609375 0.04447115384615385 0.051682692307692304
2 0.13581730769230768 0.6790865384615384 0.04807692307692308 0.1935096153846154
2 0.1935096153846154 0.5877403846153846 0.03485576923076923 0.056490384615384616
2 0.24759615384615385 0.5853365384615384 0.016826923076923076 0.025240384615384616
2 0.2824519230769231 0.6298076923076923 0.04326923076923077 0.15264423076923078
2 0.3389423076923077 0.6334134615384616 0.052884615384615384 0.140625
2 0.3894230769230769 0.5865384615384616 0.04567307692307692 0.056490384615384616
2 0.5504807692307693 0.5877403846153846 0.036057692307692304 0.054086538461538464
2 0.6117788461538461 0.5865384615384616 0.036057692307692304 0.039663461538461536
2 0.6694711538461539 0.640625 0.057692307692307696 0.14783653846153846
2 0.7271634615384616 0.6346153846153846 0.03485576923076923 0.13341346153846154
2 0.9747596153846154 0.6105769230769231 0.04927884615384615 0.1045673076923077