2 0.020432692307692308 0.5949519230769231 0.039663461538461536 0.10817307692307693
2 0.17548076923076922 0.5877403846153846 0.038461538461538464 0.1045673076923077
2 0.1935096153846154 0.5841346153846154 0.014423076923076924 0.09495192307692307
2 0.3161057692307692 0.5901442307692307 0.2283653846153846 0.09975961538461539
2 0.35697115384615385 0.6490384615384616 0.04567307692307692 0.14543269230769232
2 0.43990384615384615 0.6129807692307693 0.03365384615384615 0.12139423076923077
2 0.5336538461538461 0.5901442307692307 0.18629807692307693 0.09375
2 0.6394230769230769 0.6274038461538461 0.037259615384615384 0.12740384615384615
2 0.6622596153846154 0.5973557692307693 0.02403846153846154 0.06129807692307692
2 0.7007211538461539 0.5889423076923077 0.019230769230769232 0.06370192307692307
2 0.7596153846153846 0.5841346153846154 0.016826923076923076 0.052884615384615384
2 0.7764423076923077 0.5841346153846154 0.014423076923076924 0.06009615384615385
2 0.8882211538461539 0.75 0.16706730769230768 0.18028846153846154
2 0.8221153846153846 0.5913461538461539 0.018028846153846152 0.052884615384615384
2 0.8810096153846154 0.5853365384615384 0.026442307692307692 0.037259615384615384