2 0.046875 0.5324519230769231 0.09254807692307693 0.17067307692307693
2 0.14783653846153846 0.4675480769230769 0.009615384615384616 0.040865384615384616
2 0.2536057692307692 0.47596153846153844 0.08173076923076923 0.054086538461538464
2 0.30649038461538464 0.515625 0.025240384615384616 0.11057692307692307
2 0.375 0.2091346153846154 0.09975961538461539 0.3389423076923077
2 0.4519230769230769 0.5228365384615384 0.010817307692307692 0.06610576923076923
2 0.4579326923076923 0.48677884615384615 0.006009615384615385 0.027644230769230768
2 0.4651442307692308 0.5276442307692307 0.016826923076923076 0.10096153846153846
2 0.4795673076923077 0.53125 0.021634615384615384 0.10817307692307693
2 0.49278846153846156 0.5372596153846154 0.021634615384615384 0.10697115384615384
2 0.5096153846153846 0.5360576923076923 0.025240384615384616 0.1141826923076923
2 0.5252403846153846 0.5408653846153846 0.026442307692307692 0.10336538461538461
2 0.5240384615384616 0.4831730769230769 0.008413461538461538 0.036057692307692304
2 0.53125 0.546875 0.019230769230769232 0.11057692307692307
2 0.5444711538461539 0.5456730769230769 0.026442307692307692 0.10336538461538461
2 0.5528846153846154 0.5396634615384616 0.027644230769230768 0.125
2 0.5709134615384616 0.5492788461538461 0.019230769230769232 0.1201923076923077
2 0.5841346153846154 0.5504807692307693 0.03485576923076923 0.13341346153846154
2 0.5973557692307693 0.5060096153846154 0.014423076923076924 0.046875
2 0.609375 0.5588942307692307 0.018028846153846152 0.12620192307692307
2 0.6117788461538461 0.48677884615384615 0.015625 0.013221153846153846
2 0.6538461538461539 0.5612980769230769 0.09975961538461539 0.16826923076923078
2 0.7295673076923077 0.5697115384615384 0.04567307692307692 0.16466346153846154
2 0.8149038461538461 0.6754807692307693 0.19591346153846154 0.6225961538461539
2 0.7572115384615384 0.5721153846153846 0.039663461538461536 0.15264423076923078
2 0.7908653846153846 0.5625 0.030048076923076924 0.15625
2 0.8040865384615384 0.5300480769230769 0.036057692307692304 0.06490384615384616
2 0.890625 0.6129807692307693 0.12980769230769232 0.41346153846153844
2 0.9194711538461539 0.5673076923076923 0.036057692307692304 0.20192307692307693
2 0.9435096153846154 0.5240384615384616 0.03485576923076923 0.18629807692307693
2 0.9639423076923077 0.5745192307692307 0.04927884615384615 0.20072115384615385
2 0.9855769230769231 0.5745192307692307 0.02403846153846154 0.21153846153846154
2 0.9855769230769231 0.8016826923076923 0.02403846153846154 0.0985576923076923
2 0.9891826923076923 0.7536057692307693 0.016826923076923076 0.08413461538461539