2 0.13341346153846154 0.5612980769230769 0.08052884615384616 0.16706730769230768
2 0.21995192307692307 0.3629807692307692 0.020432692307692308 0.057692307692307696
2 0.24158653846153846 0.3737980769230769 0.036057692307692304 0.054086538461538464
2 0.31009615384615385 0.75 0.1502403846153846 0.1346153846153846
2 0.3016826923076923 0.4098557692307692 0.03485576923076923 0.0733173076923077
2 0.3245192307692308 0.36177884615384615 0.028846153846153848 0.055288461538461536
2 0.4338942307692308 0.5721153846153846 0.15985576923076922 0.46033653846153844
2 0.671875 0.40625 0.056490384615384616 0.08413461538461539
2 0.6598557692307693 0.34975961538461536 0.025240384615384616 0.054086538461538464
2 0.7271634615384616 0.7199519230769231 0.11538461538461539 0.11778846153846154
2 0.6995192307692307 0.6442307692307693 0.038461538461538464 0.1201923076923077
2 0.7019230769230769 0.3786057692307692 0.026442307692307692 0.06370192307692307
2 0.7175480769230769 0.6418269230769231 0.02403846153846154 0.09495192307692307
2 0.7415865384615384 0.6213942307692307 0.036057692307692304 0.0829326923076923
2 0.7836538461538461 0.37740384615384615 0.036057692307692304 0.08653846153846154
2 0.8137019230769231 0.5024038461538461 0.046875 0.08774038461538461
2 0.8389423076923077 0.49278846153846156 0.04927884615384615 0.09254807692307693