2 0.16105769230769232 0.4230769230769231 0.052884615384615384 0.11177884615384616
2 0.21394230769230768 0.390625 0.019230769230769232 0.046875
2 0.24278846153846154 0.3894230769230769 0.016826923076923076 0.05048076923076923
2 0.3004807692307692 0.4026442307692308 0.02403846153846154 0.07692307692307693
2 0.36177884615384615 0.3870192307692308 0.02283653846153846 0.08533653846153846
2 0.5036057692307693 0.3954326923076923 0.03485576923076923 0.07572115384615384
2 0.5853365384615384 0.3641826923076923 0.019230769230769232 0.07091346153846154
2 0.7319711538461539 0.3605769230769231 0.015625 0.0625
2 0.7884615384615384 0.3557692307692308 0.026442307692307692 0.08774038461538461
2 0.8557692307692307 0.34134615384615385 0.030048076923076924 0.07572115384615384
2 0.8725961538461539 0.3317307692307692 0.015625 0.0673076923076923
2 0.9567307692307693 0.3317307692307692 0.02403846153846154 0.08173076923076923