0 0.9609375 0.43515625 0.078125 0.1484375
0 0.41328125 0.25703125 0.0796875 0.065625
0 0.33984375 0.240625 0.0515625 0.046875
0 0.515625 0.33515625 0.2125 0.178125
0 0.34921875 0.2796875 0.05625 0.0484375
1 0.9640625 0.5796875 0.071875 0.178125
0 0.7328125 0.51640625 0.3578125 0.28125
1 0.65703125 0.496875 0.2046875 0.2140625
0 0.93359375 0.63203125 0.1078125 0.084375
0 0.3625 0.45 0.0703125 0.084375
1 0.45546875 0.5234375 0.240625 0.2484375
0 0.8828125 0.70390625 0.06875 0.0671875
1 0.73828125 0.6703125 0.428125 0.24375
1 0.8125 0.81640625 0.21875 0.1921875
0 0.33671875 0.11015625 0.1140625 0.09375