0 0.203125 0.20546875 0.2546875 0.178125
0 0.75390625 0.4671875 0.0703125 0.0578125
0 0.8109375 0.50078125 0.046875 0.040625
0 0.6390625 0.45546875 0.1890625 0.15625
0 0.78203125 0.5203125 0.05 0.0421875
1 0.12734375 0.30859375 0.2109375 0.2046875
0 0.38828125 0.44140625 0.3171875 0.246875
1 0.44921875 0.47578125 0.1796875 0.1890625
0 0.18671875 0.39609375 0.0953125 0.075
0 0.66953125 0.6234375 0.0625 0.075
1 0.56484375 0.6140625 0.2125 0.2203125
0 0.06796875 0.42734375 0.1359375 0.1609375
0 0.1765625 0.471875 0.0609375 0.059375
1 0.290625 0.53828125 0.3828125 0.2109375
1 0.125 0.56484375 0.25 0.2140625
0 0.89296875 0.41796875 0.0 0.0828125