0 0.1078125 0.54296875 0.215625 0.1984375
0 0.6484375 0.29921875 0.071875 0.0625
0 0.71171875 0.27890625 0.046875 0.04375
0 0.5640625 0.378125 0.1921875 0.16875
0 0.70703125 0.3140625 0.0515625 0.0453125
1 0.11796875 0.66875 0.2203125 0.215625
0 0.3890625 0.559375 0.3203125 0.2703125
1 0.4546875 0.534375 0.190625 0.196875
0 0.22265625 0.68046875 0.096875 0.08125
0 0.7109375 0.465625 0.0671875 0.0765625
1 0.6359375 0.5390625 0.2234375 0.228125
0 0.1625 0.8 0.1671875 0.16875
0 0.27421875 0.7390625 0.0640625 0.0625
1 0.3984375 0.696875 0.3734375 0.25
1 0.290625 0.8625 0.3109375 0.240625
0 0.703125 0.16328125 0.1015625 0.0890625