0 0.93125 0.39375 0.1375 0.1375
0 0.3328125 0.3265625 0.0734375 0.0546875
0 0.259375 0.325 0.046875 0.0390625
0 0.446875 0.3828125 0.196875 0.1484375
0 0.2765625 0.3609375 0.0515625 0.040625
1 0.95234375 0.53515625 0.0953125 0.1828125
0 0.68984375 0.5171875 0.3359375 0.2296875
1 0.6125 0.51328125 0.178125 0.1921875
0 0.9046875 0.59140625 0.0 0.0703125
0 0.3203125 0.5234375 0.059375 0.078125
1 0.42421875 0.575 0.2109375 0.221875
0 0.95625 0.6875 0.0578125 0.140625
0 0.86953125 0.66953125 0.0609375 0.059375
1 0.72421875 0.66484375 0.428125 0.1671875
1 0.84140625 0.7953125 0.2375 0.1703125
0 0.23125 0.1 0.10625 0.078125