0 0.0734375 0.51015625 0.146875 0.1890625
0 0.60625 0.240625 0.078125 0.0703125
0 0.675 0.21484375 0.0515625 0.0484375
0 0.51875 0.3296875 0.209375 0.1875
0 0.67109375 0.25390625 0.0546875 0.05
1 0.0828125 0.6453125 0.165625 0.203125
0 0.33515625 0.5328125 0.3484375 0.3
1 0.40546875 0.50390625 0.209375 0.215625
0 0.15859375 0.67109375 0.1046875 0.090625
0 0.68203125 0.41953125 0.075 0.0828125
1 0.6015625 0.5015625 0.2453125 0.2515625
0 0.1265625 0.7859375 0.1265625 0.1515625
0 0.21640625 0.73203125 0.0703125 0.06875
1 0.35 0.68125 0.4015625 0.28125
1 0.26796875 0.84921875 0.2796875 0.2359375
0 0.6609375 0.090625 0.1109375 0.0984375