0 0.890625 0.4390625 0.21875 0.15
0 0.303125 0.3484375 0.06875 0.0515625
0 0.2359375 0.34453125 0.0453125 0.0375
0 0.4046875 0.403125 0.18125 0.1390625
0 0.25 0.37734375 0.046875 0.0375
1 0.90625 0.56796875 0.1875 0.1890625
0 0.621875 0.5328125 0.309375 0.2171875
1 0.5515625 0.52734375 0.165625 0.178125
0 0.8140625 0.60703125 0.0921875 0.065625
0 0.28515625 0.5265625 0.05625 0.0734375
1 0.378125 0.57734375 0.1953125 0.20625
0 0.903125 0.70625 0.146875 0.15
0 0.78046875 0.67734375 0.0578125 0.0546875
1 0.64765625 0.66796875 0.3890625 0.1640625
1 0.7953125 0.8015625 0.3078125 0.18125
0 0.2140625 0.23046875 0.096875 0.0734375