2 0.040865384615384616 0.24759615384615385 0.008413461538461538 0.042067307692307696
2 0.09375 0.27403846153846156 0.006009615384615385 0.028846153846153848
2 0.13341346153846154 0.24278846153846154 0.0829326923076923 0.040865384615384616
2 0.2764423076923077 0.27283653846153844 0.015625 0.07572115384615384
2 0.34134615384615385 0.25721153846153844 0.010817307692307692 0.06009615384615385
2 0.5072115384615384 0.4891826923076923 0.07451923076923077 0.296875
2 0.4963942307692308 0.2644230769230769 0.013221153846153846 0.06009615384615385
2 0.5492788461538461 0.2668269230769231 0.015625 0.07932692307692307
2 0.6141826923076923 0.2776442307692308 0.026442307692307692 0.1346153846153846
2 0.6610576923076923 0.2704326923076923 0.025240384615384616 0.12860576923076922
2 0.6899038461538461 0.2764423076923077 0.03125 0.11658653846153846