2 0.09254807692307693 0.859375 0.18509615384615385 0.2800480769230769
2 0.21514423076923078 0.8990384615384616 0.06129807692307692 0.20072115384615385
2 0.20432692307692307 0.8052884615384616 0.03365384615384615 0.08774038461538461
2 0.22235576923076922 0.7716346153846154 0.025240384615384616 0.08173076923076923
2 0.25600961538461536 0.6875 0.03485576923076923 0.10336538461538461
2 0.2620192307692308 0.9110576923076923 0.04326923076923077 0.16826923076923078
2 0.2932692307692308 0.9362980769230769 0.07692307692307693 0.125
2 0.2848557692307692 0.6766826923076923 0.014423076923076924 0.07211538461538461
2 0.3016826923076923 0.8521634615384616 0.042067307692307696 0.04567307692307692
2 0.3137019230769231 0.7403846153846154 0.06009615384615385 0.1201923076923077
2 0.3016826923076923 0.6514423076923077 0.008413461538461538 0.037259615384615384
2 0.3173076923076923 0.6418269230769231 0.027644230769230768 0.06009615384615385
2 0.39903846153846156 0.9338942307692307 0.171875 0.1310096153846154
2 0.3389423076923077 0.8810096153846154 0.042067307692307696 0.06129807692307692
2 0.3713942307692308 0.8449519230769231 0.03245192307692308 0.038461538461538464
2 0.3737980769230769 0.7055288461538461 0.025240384615384616 0.1622596153846154
2 0.3942307692307692 0.7079326923076923 0.040865384615384616 0.20072115384615385
2 0.4495192307692308 0.7139423076923077 0.08052884615384616 0.24158653846153846
2 0.5492788461538461 0.9411057692307693 0.078125 0.11658653846153846
2 0.5685096153846154 0.7223557692307693 0.06370192307692307 0.27524038461538464
2 0.6262019230769231 0.9735576923076923 0.051682692307692304 0.051682692307692304
2 0.6478365384615384 0.7199519230769231 0.06971153846153846 0.29447115384615385
2 0.6935096153846154 0.9134615384615384 0.08533653846153846 0.171875
2 0.7283653846153846 0.7463942307692307 0.07451923076923077 0.3245192307692308
2 0.7764423076923077 0.9471153846153846 0.056490384615384616 0.10336538461538461
2 0.8209134615384616 0.7439903846153846 0.07091346153846154 0.32091346153846156
2 0.8533653846153846 0.9122596153846154 0.10216346153846154 0.17427884615384615
2 0.9254807692307693 0.7524038461538461 0.07451923076923077 0.3076923076923077
2 0.9314903846153846 0.9579326923076923 0.06490384615384616 0.08173076923076923
2 0.9819711538461539 0.9783653846153846 0.03485576923076923 0.042067307692307696