2 0.007211538461538462 0.6105769230769231 0.014423076923076924 0.14903846153846154
2 0.020432692307692308 0.5408653846153846 0.019230769230769232 0.040865384615384616
2 0.02283653846153846 0.609375 0.019230769230769232 0.12860576923076922
2 0.04807692307692308 0.5588942307692307 0.02403846153846154 0.04567307692307692
2 0.05889423076923077 0.6201923076923077 0.040865384615384616 0.16826923076923078
2 0.07451923076923077 0.5348557692307693 0.009615384615384616 0.036057692307692304
2 0.08173076923076923 0.5841346153846154 0.020432692307692308 0.1310096153846154
2 0.11298076923076923 0.6105769230769231 0.03485576923076923 0.14423076923076922
2 0.12259615384615384 0.5396634615384616 0.020432692307692308 0.038461538461538464
2 0.140625 0.6225961538461539 0.03485576923076923 0.16826923076923078
2 0.17548076923076922 0.6105769230769231 0.025240384615384616 0.14783653846153846
2 0.20673076923076922 0.5697115384615384 0.016826923076923076 0.0829326923076923
2 0.2548076923076923 0.5805288461538461 0.02403846153846154 0.07451923076923077
2 0.25240384615384615 0.5288461538461539 0.016826923076923076 0.028846153846153848
2 0.25961538461538464 0.5588942307692307 0.016826923076923076 0.038461538461538464
2 0.2704326923076923 0.5252403846153846 0.016826923076923076 0.028846153846153848
2 0.27403846153846156 0.5733173076923077 0.021634615384615384 0.06370192307692307
2 0.2932692307692308 0.5649038461538461 0.019230769230769232 0.057692307692307696
2 0.3161057692307692 0.5528846153846154 0.016826923076923076 0.036057692307692304
2 0.43149038461538464 0.5961538461538461 0.026442307692307692 0.12259615384615384
2 0.4543269230769231 0.5841346153846154 0.015625 0.09615384615384616
2 0.4651442307692308 0.59375 0.02403846153846154 0.10817307692307693
2 0.49278846153846156 0.5889423076923077 0.021634615384615384 0.10096153846153846
2 0.5228365384615384 0.5853365384615384 0.025240384615384616 0.09735576923076923
2 0.5456730769230769 0.5757211538461539 0.014423076923076924 0.09495192307692307
2 0.5492788461538461 0.5877403846153846 0.010817307692307692 0.09735576923076923
2 0.5612980769230769 0.5949519230769231 0.018028846153846152 0.1045673076923077
2 0.5769230769230769 0.6045673076923077 0.013221153846153846 0.11177884615384616
2 0.5949519230769231 0.6141826923076923 0.020432692307692308 0.12860576923076922
2 0.6105769230769231 0.6189903846153846 0.02283653846153846 0.14182692307692307
2 0.6189903846153846 0.6358173076923077 0.020432692307692308 0.1502403846153846
2 0.6334134615384616 0.6490384615384616 0.020432692307692308 0.15384615384615385
2 0.6538461538461539 0.5552884615384616 0.0625 0.046875
2 0.6430288461538461 0.6622596153846154 0.030048076923076924 0.16826923076923078
2 0.6802884615384616 0.6959134615384616 0.042067307692307696 0.21514423076923078
2 0.6802884615384616 0.5745192307692307 0.01201923076923077 0.025240384615384616
2 0.7019230769230769 0.7175480769230769 0.042067307692307696 0.2403846153846154
2 0.7055288461538461 0.5745192307692307 0.013221153846153846 0.027644230769230768
2 0.7103365384615384 0.578125 0.01201923076923077 0.027644230769230768
2 0.7439903846153846 0.7451923076923077 0.04807692307692308 0.2692307692307692
2 0.734375 0.6237980769230769 0.02283653846153846 0.06370192307692307
2 0.7307692307692307 0.5697115384615384 0.008413461538461538 0.02283653846153846
2 0.7572115384615384 0.6346153846153846 0.020432692307692308 0.06971153846153846
2 0.7908653846153846 0.7283653846153846 0.040865384615384616 0.22596153846153846
2 0.7788461538461539 0.5829326923076923 0.01201923076923077 0.027644230769230768
2 0.796875 0.5865384615384616 0.019230769230769232 0.038461538461538464
2 0.8112980769230769 0.6382211538461539 0.02283653846153846 0.054086538461538464
2 0.8245192307692307 0.7560096153846154 0.05048076923076923 0.2620192307692308
2 0.8257211538461539 0.6141826923076923 0.025240384615384616 0.040865384615384616
2 0.84375 0.6177884615384616 0.020432692307692308 0.051682692307692304
2 0.8509615384615384 0.71875 0.028846153846153848 0.1935096153846154
2 0.8665865384615384 0.6310096153846154 0.020432692307692308 0.038461538461538464
2 0.8774038461538461 0.6177884615384616 0.018028846153846152 0.03365384615384615
2 0.8846153846153846 0.6045673076923077 0.019230769230769232 0.03485576923076923
2 0.9110576923076923 0.6045673076923077 0.021634615384615384 0.03125
2 0.9615384615384616 0.7572115384615384 0.056490384615384616 0.26322115384615385
2 0.9711538461538461 0.6334134615384616 0.026442307692307692 0.04447115384615385
2 0.9831730769230769 0.6237980769230769 0.02403846153846154 0.046875