2 0.4411057692307692 0.5661057692307693 0.02283653846153846 0.11538461538461539
2 0.4891826923076923 0.53125 0.021634615384615384 0.05048076923076923
2 0.515625 0.5769230769230769 0.026442307692307692 0.11298076923076923
2 0.5396634615384616 0.5637019230769231 0.037259615384615384 0.10336538461538461
2 0.5757211538461539 0.5685096153846154 0.008413461538461538 0.028846153846153848
2 0.5889423076923077 0.5528846153846154 0.008413461538461538 0.02403846153846154
2 0.5961538461538461 0.5564903846153846 0.008413461538461538 0.019230769230769232
2 0.6105769230769231 0.5516826923076923 0.014423076923076924 0.019230769230769232
2 0.6418269230769231 0.5348557692307693 0.01201923076923077 0.013221153846153846
2 0.9519230769230769 0.5877403846153846 0.08774038461538461 0.3076923076923077
2 0.9891826923076923 0.5444711538461539 0.016826923076923076 0.13221153846153846