2 0.09975961538461539 0.7776442307692307 0.037259615384615384 0.25600961538461536
2 0.12980769230769232 0.7980769230769231 0.08173076923076923 0.3317307692307692
2 0.20673076923076922 0.7980769230769231 0.06129807692307692 0.26322115384615385
2 0.26802884615384615 0.7848557692307693 0.054086538461538464 0.24158653846153846
2 0.2860576923076923 0.7079326923076923 0.038461538461538464 0.11658653846153846
2 0.31850961538461536 0.734375 0.0829326923076923 0.2692307692307692
2 0.3894230769230769 0.6766826923076923 0.038461538461538464 0.15384615384615385
2 0.4387019230769231 0.6742788461538461 0.03485576923076923 0.14302884615384615
2 0.47475961538461536 0.8233173076923077 0.0733173076923077 0.31850961538461536
2 0.4639423076923077 0.6274038461538461 0.026442307692307692 0.06490384615384616
2 0.49399038461538464 0.7175480769230769 0.03485576923076923 0.12980769230769232
2 0.49399038461538464 0.6574519230769231 0.027644230769230768 0.10576923076923077
2 0.5384615384615384 0.6971153846153846 0.051682692307692304 0.0889423076923077
2 0.5516826923076923 0.8088942307692307 0.0673076923076923 0.3125
2 0.5973557692307693 0.7043269230769231 0.042067307692307696 0.11177884615384616
2 0.6514423076923077 0.8028846153846154 0.06129807692307692 0.25961538461538464
2 0.6850961538461539 0.7824519230769231 0.12980769230769232 0.4338942307692308