2 0.25721153846153844 0.6370192307692307 0.10697115384615384 0.27283653846153844
2 0.3137019230769231 0.5456730769230769 0.05048076923076923 0.09014423076923077
2 0.36658653846153844 0.5673076923076923 0.051682692307692304 0.125
2 0.3918269230769231 0.5745192307692307 0.06370192307692307 0.1466346153846154
2 0.5336538461538461 0.625 0.12740384615384615 0.25841346153846156
2 0.5420673076923077 0.5564903846153846 0.03365384615384615 0.10576923076923077
2 0.6225961538461539 0.5793269230769231 0.056490384615384616 0.1310096153846154
2 0.6995192307692307 0.5817307692307693 0.11778846153846154 0.17067307692307693
2 0.8293269230769231 0.7139423076923077 0.2668269230769231 0.5144230769230769
2 0.7536057692307693 0.5600961538461539 0.07692307692307693 0.12139423076923077
2 0.7920673076923077 0.5588942307692307 0.040865384615384616 0.08774038461538461