2 0.17908653846153846 0.5745192307692307 0.0625 0.2692307692307692
2 0.020432692307692308 0.5612980769230769 0.040865384615384616 0.2776442307692308
2 0.03245192307692308 0.5588942307692307 0.04326923076923077 0.2704326923076923
2 0.0829326923076923 0.6189903846153846 0.078125 0.16706730769230768
2 0.09735576923076923 0.4855769230769231 0.030048076923076924 0.1045673076923077
2 0.12860576923076922 0.5372596153846154 0.05889423076923077 0.22596153846153846
2 0.21033653846153846 0.5444711538461539 0.042067307692307696 0.19831730769230768
2 0.23918269230769232 0.46153846153846156 0.020432692307692308 0.06009615384615385
2 0.25721153846153844 0.5348557692307693 0.051682692307692304 0.21514423076923078
2 0.6358173076923077 0.7439903846153846 0.7271634615384616 0.5108173076923077
2 0.2980769230769231 0.5745192307692307 0.04567307692307692 0.27403846153846156
2 0.3401442307692308 0.46634615384615385 0.036057692307692304 0.09735576923076923
2 0.3713942307692308 0.4735576923076923 0.05889423076923077 0.17067307692307693
2 0.43149038461538464 0.4963942307692308 0.04927884615384615 0.12139423076923077
2 0.4675480769230769 0.49278846153846156 0.037259615384615384 0.12980769230769232
2 0.5168269230769231 0.4951923076923077 0.039663461538461536 0.1622596153846154
2 0.5757211538461539 0.484375 0.052884615384615384 0.13942307692307693
2 0.6081730769230769 0.46274038461538464 0.03365384615384615 0.06610576923076923
2 0.6442307692307693 0.46274038461538464 0.027644230769230768 0.0673076923076923
2 0.6622596153846154 0.49399038461538464 0.04807692307692308 0.09615384615384616
2 0.6947115384615384 0.484375 0.03365384615384615 0.09254807692307693
2 0.7211538461538461 0.45913461538461536 0.010817307692307692 0.042067307692307696
2 0.7319711538461539 0.47596153846153844 0.03365384615384615 0.06129807692307692
2 0.7728365384615384 0.4831730769230769 0.036057692307692304 0.10817307692307693
2 0.8233173076923077 0.46274038461538464 0.028846153846153848 0.054086538461538464
2 0.8353365384615384 0.46274038461538464 0.020432692307692308 0.06610576923076923
2 0.8653846153846154 0.484375 0.042067307692307696 0.09254807692307693
2 0.875 0.46274038461538464 0.02283653846153846 0.05048076923076923
2 0.9050480769230769 0.46634615384615385 0.028846153846153848 0.057692307692307696
2 0.9254807692307693 0.47596153846153844 0.037259615384615384 0.07932692307692307
2 0.9543269230769231 0.4723557692307692 0.026442307692307692 0.042067307692307696