2 0.057692307692307696 0.6754807692307693 0.06971153846153846 0.09134615384615384
2 0.055288461538461536 0.640625 0.052884615384615384 0.06370192307692307
2 0.06610576923076923 0.6442307692307693 0.052884615384615384 0.09014423076923077
2 0.11658653846153846 0.7992788461538461 0.11057692307692307 0.08052884615384616
2 0.15264423076923078 0.6394230769230769 0.06610576923076923 0.1310096153846154
2 0.21394230769230768 0.8185096153846154 0.07091346153846154 0.09495192307692307
2 0.19471153846153846 0.7259615384615384 0.028846153846153848 0.07692307692307693
2 0.21875 0.5901442307692307 0.03245192307692308 0.03485576923076923
2 0.23557692307692307 0.6262019230769231 0.04807692307692308 0.08533653846153846
2 0.29447115384615385 0.7199519230769231 0.04927884615384615 0.055288461538461536
2 0.2980769230769231 0.6225961538461539 0.020432692307692308 0.03365384615384615
2 0.3317307692307692 0.6262019230769231 0.026442307692307692 0.042067307692307696
2 0.36778846153846156 0.6298076923076923 0.03125 0.036057692307692304
2 0.3737980769230769 0.6838942307692307 0.028846153846153848 0.06490384615384616
2 0.4014423076923077 0.6237980769230769 0.015625 0.030048076923076924
2 0.41947115384615385 0.6670673076923077 0.03245192307692308 0.06610576923076923
2 0.46875 0.8329326923076923 0.04927884615384615 0.07091346153846154
2 0.46153846153846156 0.5120192307692307 0.02403846153846154 0.06370192307692307
2 0.4651442307692308 0.6502403846153846 0.027644230769230768 0.07091346153846154
2 0.5 0.6730769230769231 0.020432692307692308 0.030048076923076924
2 0.5036057692307693 0.5024038461538461 0.018028846153846152 0.040865384615384616
2 0.5096153846153846 0.625 0.016826923076923076 0.03245192307692308
2 0.5444711538461539 0.8389423076923077 0.06610576923076923 0.0673076923076923
2 0.5252403846153846 0.5048076923076923 0.015625 0.042067307692307696
2 0.5444711538461539 0.6730769230769231 0.03245192307692308 0.038461538461538464
2 0.546875 0.6262019230769231 0.020432692307692308 0.03365384615384615
2 0.5853365384615384 0.6310096153846154 0.018028846153846152 0.027644230769230768
2 0.5901442307692307 0.6790865384615384 0.020432692307692308 0.026442307692307692
2 0.6213942307692307 0.625 0.026442307692307692 0.04447115384615385
2 0.6598557692307693 0.8088942307692307 0.08653846153846154 0.19951923076923078
2 0.6622596153846154 0.6298076923076923 0.018028846153846152 0.027644230769230768
2 0.6838942307692307 0.6778846153846154 0.03365384615384615 0.036057692307692304
2 0.78125 0.6478365384615384 0.09735576923076923 0.11538461538461539
2 0.7596153846153846 0.8557692307692307 0.04447115384615385 0.09375
2 0.8581730769230769 0.6995192307692307 0.05889423076923077 0.09615384615384616
2 0.8918269230769231 0.6550480769230769 0.052884615384615384 0.06129807692307692
2 0.9122596153846154 0.6225961538461539 0.056490384615384616 0.05048076923076923
2 0.9254807692307693 0.7944711538461539 0.0625 0.23197115384615385
2 0.9663461538461539 0.7379807692307693 0.05889423076923077 0.07932692307692307
2 0.984375 0.6887019230769231 0.028846153846153848 0.038461538461538464