2 0.7884615384615384 0.7163461538461539 0.2283653846153846 0.5012019230769231
2 0.019230769230769232 0.6322115384615384 0.038461538461538464 0.07572115384615384
2 0.04927884615384615 0.6370192307692307 0.03485576923076923 0.0625
2 0.09134615384615384 0.6189903846153846 0.03485576923076923 0.09615384615384616
2 0.13341346153846154 0.6141826923076923 0.046875 0.10697115384615384
2 0.16947115384615385 0.6201923076923077 0.03365384615384615 0.11057692307692307
2 0.20673076923076922 0.6225961538461539 0.04447115384615385 0.11538461538461539
2 0.28725961538461536 0.6778846153846154 0.09375 0.24158653846153846
2 0.3557692307692308 0.6622596153846154 0.06850961538461539 0.23317307692307693
2 0.4387019230769231 0.6646634615384616 0.08774038461538461 0.23557692307692307
2 0.5072115384615384 0.6586538461538461 0.07211538461538461 0.21875
2 0.5769230769230769 0.6550480769230769 0.057692307692307696 0.23798076923076922
2 0.9170673076923077 0.6442307692307693 0.05048076923076923 0.057692307692307696
2 0.9519230769230769 0.6370192307692307 0.027644230769230768 0.06009615384615385
2 0.9783653846153846 0.6466346153846154 0.03365384615384615 0.07091346153846154