2 0.051682692307692304 0.9266826923076923 0.0673076923076923 0.14302884615384615
2 0.06370192307692307 0.8822115384615384 0.06129807692307692 0.23197115384615385
2 0.10216346153846154 0.8689903846153846 0.07091346153846154 0.2548076923076923
2 0.1466346153846154 0.8473557692307693 0.07091346153846154 0.2668269230769231
2 0.17307692307692307 0.8930288461538461 0.054086538461538464 0.21153846153846154
2 0.20192307692307693 0.328125 0.057692307692307696 0.2127403846153846
2 0.25240384615384615 0.8641826923076923 0.07211538461538461 0.2704326923076923
2 0.26322115384615385 0.890625 0.0673076923076923 0.21634615384615385
2 0.2980769230769231 0.6935096153846154 0.06009615384615385 0.3016826923076923
2 0.31490384615384615 0.4026442307692308 0.06129807692307692 0.24158653846153846
2 0.3701923076923077 0.8581730769230769 0.06490384615384616 0.2800480769230769
2 0.3894230769230769 0.7608173076923077 0.057692307692307696 0.33533653846153844
2 0.42427884615384615 0.6237980769230769 0.06129807692307692 0.18870192307692307
2 0.4483173076923077 0.8329326923076923 0.06610576923076923 0.3329326923076923
2 0.4795673076923077 0.7920673076923077 0.05889423076923077 0.3088942307692308
2 0.515625 0.6598557692307693 0.07091346153846154 0.28725961538461536
2 0.5276442307692307 0.9242788461538461 0.09014423076923077 0.1502403846153846
2 0.5408653846153846 0.8040865384615384 0.051682692307692304 0.2283653846153846
2 0.5540865384615384 0.6021634615384616 0.04927884615384615 0.20192307692307693
2 0.5805288461538461 0.6598557692307693 0.04927884615384615 0.2692307692307692
2 0.6105769230769231 0.8161057692307693 0.06490384615384616 0.3125
2 0.6213942307692307 0.6971153846153846 0.078125 0.24519230769230768
2 0.6322115384615384 0.3137019230769231 0.040865384615384616 0.20552884615384615
2 0.6826923076923077 0.7884615384615384 0.06610576923076923 0.33052884615384615
2 0.6935096153846154 0.8353365384615384 0.07091346153846154 0.2776442307692308