2 0.006009615384615385 0.9038461538461539 0.010817307692307692 0.10336538461538461
2 0.027644230769230768 0.7379807692307693 0.055288461538461536 0.052884615384615384
2 0.019230769230769232 0.9038461538461539 0.026442307692307692 0.11538461538461539
2 0.036057692307692304 0.9014423076923077 0.018028846153846152 0.09975961538461539
2 0.0625 0.8978365384615384 0.025240384615384616 0.10817307692307693
2 0.10697115384615384 0.8137019230769231 0.10697115384615384 0.13341346153846154
2 0.08653846153846154 0.6947115384615384 0.03245192307692308 0.05048076923076923
2 0.11899038461538461 0.6911057692307693 0.030048076923076924 0.04326923076923077
2 0.15264423076923078 0.6862980769230769 0.027644230769230768 0.06490384615384616
2 0.22115384615384615 0.78125 0.10817307692307693 0.11177884615384616
2 0.265625 0.7007211538461539 0.038461538461538464 0.06129807692307692
2 0.3401442307692308 0.609375 0.027644230769230768 0.08533653846153846
2 0.3425480769230769 0.8413461538461539 0.025240384615384616 0.08533653846153846
2 0.41225961538461536 0.8737980769230769 0.026442307692307692 0.039663461538461536
2 0.4338942307692308 0.8701923076923077 0.027644230769230768 0.056490384615384616
2 0.4675480769230769 0.7992788461538461 0.027644230769230768 0.06490384615384616
2 0.6033653846153846 0.609375 0.02283653846153846 0.07211538461538461
2 0.625 0.7980769230769231 0.03245192307692308 0.07451923076923077
2 0.8137019230769231 0.8485576923076923 0.3233173076923077 0.1971153846153846
2 0.6742788461538461 0.6298076923076923 0.021634615384615384 0.02283653846153846
2 0.8497596153846154 0.6911057692307693 0.22716346153846154 0.08173076923076923
2 0.7932692307692307 0.5600961538461539 0.026442307692307692 0.052884615384615384
2 0.8040865384615384 0.6045673076923077 0.028846153846153848 0.04447115384615385