2 0.0985576923076923 0.7896634615384616 0.09495192307692307 0.3389423076923077
2 0.026442307692307692 0.9170673076923077 0.052884615384615384 0.1622596153846154
2 0.04807692307692308 0.7451923076923077 0.04567307692307692 0.06370192307692307
2 0.16947115384615385 0.7163461538461539 0.03365384615384615 0.08774038461538461
2 0.20192307692307693 0.8305288461538461 0.052884615384615384 0.1622596153846154
2 0.25 0.5649038461538461 0.13581730769230768 0.33533653846153844
2 0.21514423076923078 0.7175480769230769 0.057692307692307696 0.07692307692307693
2 0.23317307692307693 0.9603365384615384 0.06971153846153846 0.07692307692307693
2 0.2692307692307692 0.7175480769230769 0.025240384615384616 0.052884615384615384
2 0.28725961538461536 0.9747596153846154 0.04807692307692308 0.046875
2 0.3125 0.7223557692307693 0.0625 0.10336538461538461
2 0.3329326923076923 0.8701923076923077 0.10336538461538461 0.1875
2 0.30649038461538464 0.8173076923076923 0.04326923076923077 0.09615384615384616
2 0.4110576923076923 0.4879807692307692 0.21394230769230768 0.4543269230769231
2 0.41586538461538464 0.7247596153846154 0.06129807692307692 0.1310096153846154
2 0.43149038461538464 0.6911057692307693 0.02403846153846154 0.039663461538461536
2 0.43990384615384615 0.7800480769230769 0.040865384615384616 0.04326923076923077
2 0.48677884615384615 0.7427884615384616 0.052884615384615384 0.09735576923076923
2 0.5673076923076923 0.8846153846153846 0.15745192307692307 0.2283653846153846
2 0.5408653846153846 0.7355769230769231 0.052884615384615384 0.08173076923076923
2 0.6514423076923077 0.5853365384615384 0.19471153846153846 0.24759615384615385
2 0.6129807692307693 0.7379807692307693 0.039663461538461536 0.10697115384615384
2 0.6670673076923077 0.7259615384615384 0.03365384615384615 0.06009615384615385
2 0.7019230769230769 0.9362980769230769 0.0889423076923077 0.12379807692307693
2 0.734375 0.6947115384615384 0.04447115384615385 0.07451923076923077
2 0.765625 0.9807692307692307 0.06009615384615385 0.036057692307692304
2 0.8810096153846154 0.9483173076923077 0.16706730769230768 0.10096153846153846
2 0.9350961538461539 0.8401442307692307 0.08413461538461539 0.23677884615384615