2 0.24278846153846154 0.2512019230769231 0.02403846153846154 0.028846153846153848
2 0.27283653846153844 0.24759615384615385 0.02283653846153846 0.03245192307692308
2 0.30528846153846156 0.2403846153846154 0.03125 0.03125
2 0.45913461538461536 0.24759615384615385 0.09134615384615384 0.15865384615384615
2 0.5925480769230769 0.2704326923076923 0.038461538461538464 0.052884615384615384
2 0.6237980769230769 0.2764423076923077 0.03365384615384615 0.051682692307692304
2 0.6454326923076923 0.2704326923076923 0.03365384615384615 0.06490384615384616
2 0.7932692307692307 0.2764423076923077 0.018028846153846152 0.08774038461538461
2 0.8064903846153846 0.27524038461538464 0.03245192307692308 0.08533653846153846
2 0.8173076923076923 0.27403846153846156 0.021634615384615384 0.08052884615384616
2 0.8858173076923077 0.27524038461538464 0.04567307692307692 0.09615384615384616
2 0.9459134615384616 0.29447115384615385 0.07932692307692307 0.11298076923076923