2 0.6153846153846154 0.5168269230769231 0.38822115384615385 0.5997596153846154
2 0.02283653846153846 0.5108173076923077 0.04567307692307692 0.21875
2 0.09615384615384616 0.5036057692307693 0.1310096153846154 0.265625
2 0.19471153846153846 0.49038461538461536 0.14182692307692307 0.26802884615384615
2 0.35216346153846156 0.5 0.0829326923076923 0.23557692307692307
2 0.48197115384615385 0.4963942307692308 0.10576923076923077 0.24158653846153846
2 0.5036057692307693 0.48197115384615385 0.06129807692307692 0.09014423076923077
2 0.8185096153846154 0.4495192307692308 0.0829326923076923 0.0733173076923077
2 0.8545673076923077 0.49278846153846156 0.10697115384615384 0.18629807692307693
2 0.9182692307692307 0.4879807692307692 0.055288461538461536 0.16706730769230768
2 0.9699519230769231 0.5012019230769231 0.057692307692307696 0.15865384615384615