2 0.8305288461538461 0.8798076923076923 0.051682692307692304 0.18990384615384615
2 0.31009615384615385 0.7067307692307693 0.019230769230769232 0.07451923076923077
2 0.36658653846153844 0.6778846153846154 0.08774038461538461 0.09134615384615384
2 0.5048076923076923 0.6177884615384616 0.009615384615384616 0.038461538461538464
2 0.5084134615384616 0.6430288461538461 0.014423076923076924 0.04447115384615385
2 0.5408653846153846 0.5432692307692307 0.018028846153846152 0.04447115384615385
2 0.5649038461538461 0.5384615384615384 0.018028846153846152 0.038461538461538464
2 0.6081730769230769 0.6286057692307693 0.014423076923076924 0.055288461538461536
2 0.6346153846153846 0.6213942307692307 0.030048076923076924 0.042067307692307696
2 0.7067307692307693 0.6923076923076923 0.07932692307692307 0.10697115384615384
2 0.7007211538461539 0.6382211538461539 0.039663461538461536 0.06129807692307692
2 0.7115384615384616 0.8509615384615384 0.04807692307692308 0.15625
2 0.7403846153846154 0.8653846153846154 0.04807692307692308 0.19951923076923078
2 0.7608173076923077 0.7536057692307693 0.08052884615384616 0.1045673076923077
2 0.7764423076923077 0.8786057692307693 0.03485576923076923 0.1778846153846154
2 0.8269230769230769 0.7920673076923077 0.04447115384615385 0.07451923076923077
2 0.9134615384615384 0.8461538461538461 0.10697115384615384 0.22355769230769232