2 0.016826923076923076 0.6658653846153846 0.03365384615384615 0.18870192307692307
2 0.06850961538461539 0.8016826923076923 0.13581730769230768 0.3954326923076923
2 0.07692307692307693 0.6394230769230769 0.02403846153846154 0.15745192307692307
2 0.11899038461538461 0.6610576923076923 0.0673076923076923 0.27884615384615385
2 0.15504807692307693 0.6502403846153846 0.04927884615384615 0.22716346153846154
2 0.19951923076923078 0.6526442307692307 0.052884615384615384 0.26322115384615385
2 0.24759615384615385 0.7139423076923077 0.09014423076923077 0.29927884615384615
2 0.27884615384615385 0.6418269230769231 0.036057692307692304 0.16346153846153846
2 0.31009615384615385 0.6213942307692307 0.057692307692307696 0.21634615384615385
2 0.3401442307692308 0.6189903846153846 0.028846153846153848 0.12740384615384615
2 0.36778846153846156 0.6213942307692307 0.051682692307692304 0.18870192307692307
2 0.39663461538461536 0.6298076923076923 0.057692307692307696 0.18629807692307693
2 0.4098557692307692 0.6117788461538461 0.046875 0.19471153846153846
2 0.53125 0.6262019230769231 0.22355769230769232 0.20192307692307693
2 0.7319711538461539 0.6057692307692307 0.22235576923076922 0.18870192307692307
2 0.9194711538461539 0.6466346153846154 0.15985576923076922 0.2668269230769231