2 0.042067307692307696 0.5829326923076923 0.0829326923076923 0.07211538461538461
2 0.038461538461538464 0.5829326923076923 0.037259615384615384 0.04447115384615385
2 0.04326923076923077 0.5264423076923077 0.027644230769230768 0.040865384615384616
2 0.5060096153846154 0.6442307692307693 0.9447115384615384 0.18509615384615385
2 0.08774038461538461 0.6742788461538461 0.09254807692307693 0.12379807692307693
2 0.0733173076923077 0.5805288461538461 0.036057692307692304 0.052884615384615384
2 0.07932692307692307 0.5264423076923077 0.037259615384615384 0.04567307692307692
2 0.10697115384615384 0.5324519230769231 0.037259615384615384 0.0625
2 0.15384615384615385 0.6742788461538461 0.028846153846153848 0.078125
2 0.17067307692307693 0.5733173076923077 0.040865384615384616 0.055288461538461536
2 0.1814903846153846 0.6622596153846154 0.03245192307692308 0.09975961538461539
2 0.203125 0.5264423076923077 0.03125 0.06370192307692307
2 0.22355769230769232 0.6658653846153846 0.037259615384615384 0.11298076923076923
2 0.24158653846153846 0.5216346153846154 0.026442307692307692 0.06490384615384616
2 0.2644230769230769 0.6466346153846154 0.052884615384615384 0.09134615384615384
2 0.2620192307692308 0.421875 0.026442307692307692 0.08173076923076923
2 0.2764423076923077 0.5240384615384616 0.03125 0.057692307692307696
2 0.31490384615384615 0.6598557692307693 0.05048076923076923 0.10817307692307693
2 0.3076923076923077 0.5192307692307693 0.028846153846153848 0.046875
2 0.3161057692307692 0.41466346153846156 0.03125 0.078125
2 0.33533653846153844 0.6778846153846154 0.04567307692307692 0.12139423076923077
2 0.33653846153846156 0.5132211538461539 0.03245192307692308 0.055288461538461536
2 0.44711538461538464 0.671875 0.203125 0.1502403846153846
2 0.43990384615384615 0.5540865384615384 0.042067307692307696 0.039663461538461536
2 0.4807692307692308 0.5528846153846154 0.03245192307692308 0.054086538461538464
2 0.484375 0.4795673076923077 0.027644230769230768 0.05048076923076923
2 0.5120192307692307 0.4855769230769231 0.028846153846153848 0.036057692307692304
2 0.5276442307692307 0.5492788461538461 0.028846153846153848 0.05048076923076923
2 0.5600961538461539 0.5576923076923077 0.03125 0.05048076923076923
2 0.5697115384615384 0.6694711538461539 0.04567307692307692 0.12379807692307693
2 0.5901442307692307 0.5564903846153846 0.03245192307692308 0.0673076923076923
2 0.7379807692307693 0.6514423076923077 0.2692307692307692 0.21394230769230768
2 0.6971153846153846 0.5168269230769231 0.027644230769230768 0.05048076923076923
2 0.7259615384615384 0.5180288461538461 0.042067307692307696 0.055288461538461536
2 0.7223557692307693 0.5144230769230769 0.03245192307692308 0.036057692307692304
2 0.7463942307692307 0.6634615384615384 0.078125 0.21875
2 0.7524038461538461 0.5372596153846154 0.02403846153846154 0.040865384615384616
2 0.9254807692307693 0.6478365384615384 0.09254807692307693 0.10576923076923077