2 0.4375 0.7067307692307693 0.3425480769230769 0.5144230769230769
2 0.1346153846153846 0.5528846153846154 0.2692307692307692 0.8930288461538461
2 0.19831730769230768 0.6490384615384616 0.06971153846153846 0.13822115384615385
2 0.26802884615384615 0.6382211538461539 0.09495192307692307 0.12620192307692307
2 0.3485576923076923 0.6418269230769231 0.09975961538461539 0.17548076923076922
2 0.5793269230769231 0.6899038461538461 0.12620192307692307 0.19471153846153846
2 0.8004807692307693 0.7860576923076923 0.3317307692307692 0.4254807692307692
2 0.6826923076923077 0.7836538461538461 0.06009615384615385 0.14302884615384615
2 0.8497596153846154 0.7115384615384616 0.038461538461538464 0.08533653846153846
2 0.8689903846153846 0.7608173076923077 0.03485576923076923 0.08052884615384616
2 0.8798076923076923 0.7019230769230769 0.02403846153846154 0.06490384615384616
2 0.9170673076923077 0.7235576923076923 0.05889423076923077 0.15504807692307693
2 0.9567307692307693 0.6899038461538461 0.07211538461538461 0.18028846153846154