2 0.03125 0.8413461538461539 0.05048076923076923 0.21995192307692307
2 0.09375 0.9362980769230769 0.08653846153846154 0.12620192307692307
2 0.12379807692307693 0.8209134615384616 0.06850961538461539 0.20072115384615385
2 0.19951923076923078 0.9194711538461539 0.14302884615384615 0.15985576923076922
2 0.21153846153846154 0.8112980769230769 0.07211538461538461 0.23677884615384615
2 0.32091346153846156 0.8533653846153846 0.07932692307692307 0.28725961538461536
2 0.4230769230769231 0.7271634615384616 0.04447115384615385 0.15985576923076922
2 0.5108173076923077 0.7199519230769231 0.040865384615384616 0.14783653846153846
2 0.5216346153846154 0.7175480769230769 0.06009615384615385 0.14423076923076922
2 0.8125 0.7043269230769231 0.026442307692307692 0.1201923076923077
2 0.8425480769230769 0.7163461538461539 0.025240384615384616 0.08774038461538461
2 0.9026442307692307 0.7692307692307693 0.036057692307692304 0.19951923076923078