2 0.28365384615384615 0.7932692307692307 0.018028846153846152 0.07692307692307693
2 0.31009615384615385 0.7920673076923077 0.019230769230769232 0.07692307692307693
2 0.32572115384615385 0.7920673076923077 0.014423076923076924 0.07692307692307693
2 0.34134615384615385 0.7872596153846154 0.013221153846153846 0.07692307692307693
2 0.35096153846153844 0.7884615384615384 0.007211538461538462 0.07211538461538461
2 0.40865384615384615 0.7572115384615384 0.08774038461538461 0.04447115384615385
2 0.47115384615384615 0.7956730769230769 0.025240384615384616 0.10216346153846154
2 0.4891826923076923 0.7620192307692307 0.007211538461538462 0.03365384615384615
2 0.5012019230769231 0.765625 0.014423076923076924 0.030048076923076924
2 0.6117788461538461 0.7548076923076923 0.009615384615384616 0.036057692307692304
2 0.6201923076923077 0.7451923076923077 0.009615384615384616 0.020432692307692308
2 0.6213942307692307 0.7584134615384616 0.01201923076923077 0.04447115384615385
2 0.6598557692307693 0.7560096153846154 0.025240384615384616 0.04927884615384615