2 0.7163461538461539 0.7427884615384616 0.07091346153846154 0.18629807692307693
2 0.027644230769230768 0.4567307692307692 0.04927884615384615 0.12980769230769232
2 0.042067307692307696 0.39302884615384615 0.04326923076923077 0.109375
2 0.14783653846153846 0.5252403846153846 0.17427884615384615 0.4831730769230769
2 0.13581730769230768 0.8016826923076923 0.06009615384615385 0.1814903846153846
2 0.19951923076923078 0.8365384615384616 0.09375 0.23076923076923078
2 0.2439903846153846 0.5673076923076923 0.042067307692307696 0.09134615384615384
2 0.25961538461538464 0.5336538461538461 0.039663461538461536 0.109375
2 0.31971153846153844 0.7920673076923077 0.06370192307692307 0.23677884615384615
2 0.30649038461538464 0.35697115384615385 0.025240384615384616 0.07451923076923077
2 0.3293269230769231 0.6322115384615384 0.057692307692307696 0.13581730769230768
2 0.3329326923076923 0.34975961538461536 0.03485576923076923 0.09615384615384616
2 0.3449519230769231 0.5108173076923077 0.04927884615384615 0.07692307692307693
2 0.4050480769230769 0.5540865384615384 0.04326923076923077 0.09615384615384616
2 0.41225961538461536 0.359375 0.03245192307692308 0.07692307692307693
2 0.4423076923076923 0.78125 0.056490384615384616 0.2247596153846154
2 0.43509615384615385 0.3629807692307692 0.025240384615384616 0.042067307692307696
2 0.4495192307692308 0.546875 0.04447115384615385 0.0829326923076923
2 0.46153846153846156 0.25600961538461536 0.027644230769230768 0.04927884615384615
2 0.484375 0.47836538461538464 0.036057692307692304 0.06610576923076923
2 0.49158653846153844 0.25 0.030048076923076924 0.04567307692307692
2 0.5168269230769231 0.42427884615384615 0.03245192307692308 0.0829326923076923
2 0.5264423076923077 0.4807692307692308 0.028846153846153848 0.06129807692307692
2 0.5396634615384616 0.5360576923076923 0.040865384615384616 0.08052884615384616
2 0.546875 0.39663461538461536 0.025240384615384616 0.052884615384615384
2 0.5745192307692307 0.8257211538461539 0.0625 0.13942307692307693
2 0.5649038461538461 0.4699519230769231 0.03245192307692308 0.07091346153846154
2 0.5805288461538461 0.5420673076923077 0.027644230769230768 0.03245192307692308
2 0.6646634615384616 0.8040865384615384 0.09134615384615384 0.08774038461538461
2 0.7487980769230769 0.3449519230769231 0.2548076923076923 0.21394230769230768
2 0.6826923076923077 0.9747596153846154 0.07572115384615384 0.04807692307692308
2 0.6838942307692307 0.5192307692307693 0.028846153846153848 0.042067307692307696
2 0.7451923076923077 0.9603365384615384 0.06610576923076923 0.078125
2 0.8125 0.27163461538461536 0.021634615384615384 0.0625
2 0.9098557692307693 0.546875 0.1778846153846154 0.18990384615384615
2 0.8942307692307693 0.453125 0.036057692307692304 0.11298076923076923
2 0.9278846153846154 0.4423076923076923 0.027644230769230768 0.12620192307692307
2 0.9555288461538461 0.6622596153846154 0.05889423076923077 0.17307692307692307