2 0.1971153846153846 0.31971153846153844 0.0733173076923077 0.17067307692307693
2 0.21033653846153846 0.43028846153846156 0.056490384615384616 0.1346153846153846
2 0.26322115384615385 0.3449519230769231 0.07932692307692307 0.3016826923076923
2 0.27403846153846156 0.4723557692307692 0.057692307692307696 0.12860576923076922
2 0.34975961538461536 0.4026442307692308 0.09375 0.2283653846153846
2 0.359375 0.3112980769230769 0.02403846153846154 0.08173076923076923
2 0.37740384615384615 0.4375 0.037259615384615384 0.18389423076923078
2 0.4110576923076923 0.38822115384615385 0.051682692307692304 0.1935096153846154
2 0.5240384615384616 0.4567307692307692 0.057692307692307696 0.27403846153846156
2 0.5901442307692307 0.5396634615384616 0.07932692307692307 0.15144230769230768
2 0.6670673076923077 0.4951923076923077 0.07572115384615384 0.19951923076923078
2 0.6658653846153846 0.390625 0.037259615384615384 0.051682692307692304
2 0.7175480769230769 0.53125 0.03245192307692308 0.1346153846153846
2 0.7536057692307693 0.49278846153846156 0.07091346153846154 0.12259615384615384
2 0.7608173076923077 0.4699519230769231 0.05048076923076923 0.09375