2 0.13822115384615385 0.5889423076923077 0.04807692307692308 0.08052884615384616
2 0.12980769230769232 0.5841346153846154 0.025240384615384616 0.06009615384615385
2 0.15504807692307693 0.5925480769230769 0.042067307692307696 0.05048076923076923
2 0.15384615384615385 0.5913461538461539 0.02283653846153846 0.04567307692307692
2 0.3713942307692308 0.11057692307692307 0.40384615384615385 0.22115384615384615
2 0.2283653846153846 0.5637019230769231 0.03245192307692308 0.1045673076923077
2 0.28725961538461536 0.5733173076923077 0.03485576923076923 0.1310096153846154
2 0.32211538461538464 0.5685096153846154 0.037259615384615384 0.14182692307692307
2 0.35216346153846156 0.5372596153846154 0.013221153846153846 0.0829326923076923
2 0.36899038461538464 0.5685096153846154 0.03245192307692308 0.140625
2 0.4074519230769231 0.5576923076923077 0.015625 0.1201923076923077
2 0.4170673076923077 0.5673076923076923 0.036057692307692304 0.1045673076923077
2 0.45072115384615385 0.5673076923076923 0.030048076923076924 0.11658653846153846
2 0.4987980769230769 0.5721153846153846 0.03365384615384615 0.15985576923076922
2 0.6009615384615384 0.6033653846153846 0.04807692307692308 0.2548076923076923
2 0.6899038461538461 0.31971153846153844 0.1814903846153846 0.17548076923076922
2 0.6370192307692307 0.5637019230769231 0.027644230769230768 0.17067307692307693
2 0.6574519230769231 0.5408653846153846 0.021634615384615384 0.11658653846153846
2 0.6959134615384616 0.53125 0.02403846153846154 0.11057692307692307
2 0.7391826923076923 0.578125 0.052884615384615384 0.22115384615384615
2 0.7716346153846154 0.6995192307692307 0.09735576923076923 0.5600961538461539
2 0.8834134615384616 0.5012019230769231 0.013221153846153846 0.06850961538461539
2 0.9146634615384616 0.5132211538461539 0.014423076923076924 0.06850961538461539