2 0.04326923076923077 0.5625 0.08533653846153846 0.32211538461538464
2 0.2403846153846154 0.8245192307692307 0.3954326923076923 0.34975961538461536
2 0.08653846153846154 0.4170673076923077 0.06009615384615385 0.1502403846153846
2 0.10697115384615384 0.4026442307692308 0.052884615384615384 0.11057692307692307
2 0.16466346153846154 0.5192307692307693 0.1658653846153846 0.24759615384615385
2 0.19471153846153846 0.6225961538461539 0.20793269230769232 0.34134615384615385
2 0.12860576923076922 0.37259615384615385 0.03245192307692308 0.054086538461538464
2 0.1658653846153846 0.35336538461538464 0.027644230769230768 0.04567307692307692
2 0.18629807692307693 0.3605769230769231 0.030048076923076924 0.04447115384615385
2 0.21995192307692307 0.44471153846153844 0.07211538461538461 0.17548076923076922
2 0.2127403846153846 0.3425480769230769 0.016826923076923076 0.020432692307692308
2 0.23918269230769232 0.3713942307692308 0.028846153846153848 0.04807692307692308
2 0.23317307692307693 0.35697115384615385 0.016826923076923076 0.040865384615384616
2 0.29927884615384615 0.5540865384615384 0.14182692307692307 0.21514423076923078
2 0.265625 0.4170673076923077 0.06971153846153846 0.13701923076923078
2 0.2920673076923077 0.375 0.04447115384615385 0.040865384615384616
2 0.3233173076923077 0.43028846153846156 0.056490384615384616 0.10216346153846154
2 0.33413461538461536 0.36899038461538464 0.028846153846153848 0.040865384615384616
2 0.3473557692307692 0.3786057692307692 0.030048076923076924 0.09254807692307693
2 0.375 0.4855769230769231 0.08173076923076923 0.22716346153846154
2 0.38341346153846156 0.3942307692307692 0.06370192307692307 0.07932692307692307
2 0.39663461538461536 0.3485576923076923 0.07572115384615384 0.052884615384615384
2 0.4387019230769231 0.5120192307692307 0.15384615384615385 0.16947115384615385
2 0.40625 0.37740384615384615 0.020432692307692308 0.0673076923076923
2 0.42908653846153844 0.375 0.027644230769230768 0.06971153846153846
2 0.4519230769230769 0.39302884615384615 0.05889423076923077 0.0673076923076923
2 0.46634615384615385 0.4338942307692308 0.06129807692307692 0.09735576923076923
2 0.47836538461538464 0.3329326923076923 0.018028846153846152 0.055288461538461536
2 0.5096153846153846 0.42427884615384615 0.051682692307692304 0.12740384615384615
2 0.5384615384615384 0.4795673076923077 0.04807692307692308 0.18870192307692307
2 0.5949519230769231 0.5144230769230769 0.13221153846153846 0.1658653846153846
2 0.5697115384615384 0.3629807692307692 0.054086538461538464 0.06370192307692307
2 0.5709134615384616 0.39663461538461536 0.04567307692307692 0.11538461538461539
2 0.5913461538461539 0.35096153846153844 0.027644230769230768 0.057692307692307696
2 0.6153846153846154 0.37740384615384615 0.042067307692307696 0.09254807692307693
2 0.6442307692307693 0.4326923076923077 0.037259615384615384 0.13942307692307693
2 0.6538461538461539 0.359375 0.03245192307692308 0.04447115384615385
2 0.6742788461538461 0.46153846153846156 0.07091346153846154 0.19110576923076922
2 0.6754807692307693 0.3762019230769231 0.039663461538461536 0.07932692307692307
2 0.7427884615384616 0.5829326923076923 0.15144230769230768 0.35096153846153844
2 0.7079326923076923 0.40024038461538464 0.042067307692307696 0.09254807692307693
2 0.7139423076923077 0.34615384615384615 0.018028846153846152 0.037259615384615384
2 0.7247596153846154 0.3473557692307692 0.013221153846153846 0.03125
2 0.7355769230769231 0.3713942307692308 0.02283653846153846 0.046875
2 0.8353365384615384 0.6875 0.20432692307692307 0.4362980769230769
2 0.8725961538461539 0.8581730769230769 0.25 0.27884615384615385
2 0.7740384615384616 0.33052884615384615 0.05048076923076923 0.0985576923076923
2 0.7728365384615384 0.36778846153846156 0.040865384615384616 0.06129807692307692
2 0.8088942307692307 0.40384615384615385 0.04927884615384615 0.10096153846153846
2 0.8088942307692307 0.34375 0.021634615384615384 0.04447115384615385
2 0.8774038461538461 0.4110576923076923 0.09975961538461539 0.1045673076923077
2 0.8798076923076923 0.38461538461538464 0.07091346153846154 0.08052884615384616
2 0.8762019230769231 0.35697115384615385 0.030048076923076924 0.06009615384615385
2 0.9375 0.36538461538461536 0.04567307692307692 0.0733173076923077
2 0.9423076923076923 0.39903846153846156 0.04927884615384615 0.1141826923076923
2 0.9555288461538461 0.4699519230769231 0.07451923076923077 0.16947115384615385
2 0.9651442307692307 0.5168269230769231 0.06490384615384616 0.25
2 0.9831730769230769 0.36538461538461536 0.03245192307692308 0.051682692307692304