2 0.14182692307692307 0.6262019230769231 0.040865384615384616 0.09495192307692307
2 0.296875 0.6622596153846154 0.05048076923076923 0.22716346153846154
2 0.34134615384615385 0.6706730769230769 0.054086538461538464 0.22115384615384615
2 0.3629807692307692 0.6466346153846154 0.056490384615384616 0.21634615384615385
2 0.4050480769230769 0.65625 0.052884615384615384 0.19951923076923078
2 0.4519230769230769 0.640625 0.06009615384615385 0.1778846153846154
2 0.7608173076923077 0.7079326923076923 0.05889423076923077 0.31971153846153844
2 0.8233173076923077 0.7247596153846154 0.052884615384615384 0.26802884615384615
2 0.8689903846153846 0.7295673076923077 0.11057692307692307 0.3389423076923077
2 0.8834134615384616 0.7259615384615384 0.038461538461538464 0.27524038461538464
2 0.9194711538461539 0.7151442307692307 0.055288461538461536 0.26802884615384615
2 0.9699519230769231 0.7235576923076923 0.055288461538461536 0.28365384615384615