2 0.32572115384615385 0.6586538461538461 0.036057692307692304 0.14543269230769232
2 0.375 0.6141826923076923 0.0889423076923077 0.08533653846153846
2 0.3701923076923077 0.6778846153846154 0.039663461538461536 0.14302884615384615
2 0.3762019230769231 0.6274038461538461 0.027644230769230768 0.07451923076923077
2 0.4182692307692308 0.6742788461538461 0.04567307692307692 0.15865384615384615
2 0.44711538461538464 0.6526442307692307 0.026442307692307692 0.1141826923076923
2 0.4639423076923077 0.6430288461538461 0.018028846153846152 0.11538461538461539
2 0.4723557692307692 0.6730769230769231 0.03125 0.15384615384615385
2 0.5120192307692307 0.6478365384615384 0.019230769230769232 0.1045673076923077
2 0.5252403846153846 0.6466346153846154 0.021634615384615384 0.1141826923076923
2 0.5300480769230769 0.65625 0.019230769230769232 0.11298076923076923
2 0.5540865384615384 0.6526442307692307 0.030048076923076924 0.125
2 0.5901442307692307 0.6622596153846154 0.027644230769230768 0.12620192307692307
2 0.6394230769230769 0.6322115384615384 0.04326923076923077 0.052884615384615384