2 0.8713942307692307 0.16706730769230768 0.2283653846153846 0.33413461538461536
2 0.046875 0.18269230769230768 0.09254807692307693 0.31490384615384615
2 0.08653846153846154 0.14302884615384615 0.0733173076923077 0.21634615384615385
2 0.15504807692307693 0.11057692307692307 0.09615384615384616 0.12139423076923077
2 0.25 0.09014423076923077 0.11538461538461539 0.171875
2 0.23317307692307693 0.0673076923076923 0.0673076923076923 0.1346153846153846
2 0.3894230769230769 0.18870192307692307 0.23076923076923078 0.37740384615384615
2 0.5396634615384616 0.07692307692307693 0.09375 0.15384615384615385
2 0.6838942307692307 0.0829326923076923 0.13581730769230768 0.16466346153846154
2 0.7103365384615384 0.07692307692307693 0.12259615384615384 0.15384615384615385
2 0.7415865384615384 0.07451923076923077 0.07451923076923077 0.14783653846153846