2 0.1310096153846154 0.5709134615384616 0.11057692307692307 0.43149038461538464
2 0.16706730769230768 0.5456730769230769 0.07692307692307693 0.39663461538461536
2 0.1971153846153846 0.5300480769230769 0.037259615384615384 0.4338942307692308
2 0.23918269230769232 0.5444711538461539 0.0673076923076923 0.38221153846153844
2 0.2824519230769231 0.4014423076923077 0.052884615384615384 0.140625
2 0.28365384615384615 0.5372596153846154 0.054086538461538464 0.36538461538461536
2 0.31971153846153844 0.5576923076923077 0.07451923076923077 0.3245192307692308
2 0.3605769230769231 0.42427884615384615 0.057692307692307696 0.17427884615384615
2 0.4014423076923077 0.5456730769230769 0.0829326923076923 0.34134615384615385
2 0.4326923076923077 0.3858173076923077 0.05889423076923077 0.11658653846153846
2 0.46033653846153844 0.5372596153846154 0.06490384615384616 0.33774038461538464
2 0.5096153846153846 0.4026442307692308 0.036057692307692304 0.11057692307692307
2 0.5240384615384616 0.5576923076923077 0.06490384615384616 0.3858173076923077
2 0.5733173076923077 0.5336538461538461 0.05889423076923077 0.3858173076923077
2 0.6177884615384616 0.41346153846153844 0.038461538461538464 0.11658653846153846
2 0.6454326923076923 0.5480769230769231 0.08052884615384616 0.3737980769230769
2 0.6706730769230769 0.39783653846153844 0.056490384615384616 0.140625
2 0.7223557692307693 0.5540865384615384 0.07451923076923077 0.39302884615384615
2 0.7836538461538461 0.5528846153846154 0.11298076923076923 0.4170673076923077