2 0.8882211538461539 0.5913461538461539 0.06490384615384616 0.15384615384615385
2 0.04326923076923077 0.5637019230769231 0.036057692307692304 0.1045673076923077
2 0.12259615384615384 0.7223557692307693 0.12139423076923077 0.375
2 0.2536057692307692 0.5408653846153846 0.04326923076923077 0.14423076923076922
2 0.45913461538461536 0.7223557692307693 0.1346153846153846 0.3641826923076923
2 0.5961538461538461 0.6971153846153846 0.08774038461538461 0.28725961538461536
2 0.5721153846153846 0.5360576923076923 0.027644230769230768 0.057692307692307696
2 0.6045673076923077 0.53125 0.02403846153846154 0.04807692307692308
2 0.6298076923076923 0.5516826923076923 0.021634615384615384 0.0625
2 0.6538461538461539 0.5456730769230769 0.027644230769230768 0.06610576923076923
2 0.6850961538461539 0.6814903846153846 0.07932692307692307 0.24158653846153846
2 0.6742788461538461 0.5552884615384616 0.028846153846153848 0.05889423076923077
2 0.7692307692307693 0.5973557692307693 0.07932692307692307 0.13221153846153846
2 0.8329326923076923 0.5925480769230769 0.051682692307692304 0.06850961538461539
2 0.9182692307692307 0.6502403846153846 0.08413461538461539 0.21995192307692307
2 0.9927884615384616 0.5661057692307693 0.009615384615384616 0.06971153846153846