2 0.027644230769230768 0.7391826923076923 0.055288461538461536 0.22355769230769232
2 0.25240384615384615 0.8221153846153846 0.10817307692307693 0.15865384615384615
2 0.23677884615384615 0.6286057692307693 0.03485576923076923 0.13701923076923078
2 0.28725961538461536 0.6141826923076923 0.020432692307692308 0.07211538461538461
2 0.3762019230769231 0.5997596153846154 0.026442307692307692 0.07211538461538461
2 0.4855769230769231 0.5925480769230769 0.01201923076923077 0.06971153846153846
2 0.5853365384615384 0.6105769230769231 0.026442307692307692 0.1045673076923077
2 0.6622596153846154 0.6009615384615384 0.02283653846153846 0.06971153846153846
2 0.8125 0.6153846153846154 0.05048076923076923 0.10697115384615384
2 0.8834134615384616 0.6117788461538461 0.042067307692307696 0.13942307692307693
2 0.9639423076923077 0.6129807692307693 0.042067307692307696 0.13942307692307693