2 0.16466346153846154 0.31009615384615385 0.018028846153846152 0.10096153846153846
2 0.16947115384615385 0.22956730769230768 0.020432692307692308 0.06009615384615385
2 0.20673076923076922 0.3293269230769231 0.027644230769230768 0.13581730769230768
2 0.25 0.30288461538461536 0.025240384615384616 0.07932692307692307
2 0.2620192307692308 0.35216346153846156 0.028846153846153848 0.15384615384615385
2 0.2848557692307692 0.33653846153846156 0.021634615384615384 0.17307692307692307
2 0.3173076923076923 0.35336538461538464 0.052884615384615384 0.21153846153846154
2 0.390625 0.3762019230769231 0.078125 0.28725961538461536
2 0.47596153846153844 0.41466346153846156 0.1045673076923077 0.3173076923076923
2 0.5733173076923077 0.28365384615384615 0.02403846153846154 0.08774038461538461
2 0.7403846153846154 0.47475961538461536 0.140625 0.5264423076923077
2 0.8581730769230769 0.33052884615384615 0.06370192307692307 0.3269230769230769