2 0.15504807692307693 0.5901442307692307 0.08052884615384616 0.32091346153846156
2 0.019230769230769232 0.65625 0.038461538461538464 0.27163461538461536
2 0.02403846153846154 0.5913461538461539 0.04807692307692308 0.2512019230769231
2 0.05048076923076923 0.5877403846153846 0.019230769230769232 0.12740384615384615
2 0.1141826923076923 0.6346153846153846 0.039663461538461536 0.15865384615384615
2 0.1971153846153846 0.6802884615384616 0.09014423076923077 0.21033653846153846
2 0.18870192307692307 0.5384615384615384 0.036057692307692304 0.1502403846153846
2 0.265625 0.6838942307692307 0.09254807692307693 0.20552884615384615
2 0.28846153846153844 0.5504807692307693 0.06610576923076923 0.1466346153846154
2 0.6706730769230769 0.40024038461538464 0.11177884615384616 0.24879807692307693
2 0.7403846153846154 0.5024038461538461 0.030048076923076924 0.052884615384615384
2 0.9483173076923077 0.4963942307692308 0.04927884615384615 0.09375