2 0.6105769230769231 0.5721153846153846 0.05048076923076923 0.16706730769230768
2 0.09975961538461539 0.7776442307692307 0.19831730769230768 0.3894230769230769
2 0.040865384615384616 0.5420673076923077 0.03365384615384615 0.11658653846153846
2 0.06971153846153846 0.5372596153846154 0.028846153846153848 0.11057692307692307
2 0.10697115384615384 0.5204326923076923 0.01201923076923077 0.046875
2 0.13341346153846154 0.5216346153846154 0.02403846153846154 0.057692307692307696
2 0.15144230769230768 0.5420673076923077 0.052884615384615384 0.10336538461538461
2 0.17548076923076922 0.5276442307692307 0.018028846153846152 0.06370192307692307
2 0.18509615384615385 0.5216346153846154 0.014423076923076924 0.0625
2 0.20432692307692307 0.5360576923076923 0.02283653846153846 0.09134615384615384
2 0.24759615384615385 0.5360576923076923 0.027644230769230768 0.09134615384615384
2 0.28846153846153844 0.5372596153846154 0.027644230769230768 0.08774038461538461
2 0.2956730769230769 0.5264423076923077 0.014423076923076924 0.0625
2 0.29927884615384615 0.5108173076923077 0.013221153846153846 0.055288461538461536
2 0.3112980769230769 0.5252403846153846 0.016826923076923076 0.08413461538461539
2 0.3173076923076923 0.5132211538461539 0.013221153846153846 0.06009615384615385
2 0.3317307692307692 0.5348557692307693 0.026442307692307692 0.09615384615384616
2 0.38461538461538464 0.6466346153846154 0.10697115384615384 0.06971153846153846
2 0.35216346153846156 0.5372596153846154 0.019230769230769232 0.09134615384615384
2 0.375 0.5396634615384616 0.02283653846153846 0.09375
2 0.41586538461538464 0.5372596153846154 0.02283653846153846 0.0985576923076923
2 0.43149038461538464 0.5408653846153846 0.020432692307692308 0.09134615384615384
2 0.49399038461538464 0.6694711538461539 0.14543269230769232 0.06009615384615385
2 0.453125 0.5396634615384616 0.03245192307692308 0.11298076923076923
2 0.48677884615384615 0.5120192307692307 0.015625 0.04807692307692308
2 0.5228365384615384 0.53125 0.038461538461538464 0.12740384615384615
2 0.5300480769230769 0.5372596153846154 0.021634615384615384 0.09615384615384616
2 0.5552884615384616 0.5420673076923077 0.026442307692307692 0.11177884615384616
2 0.5733173076923077 0.5432692307692307 0.02403846153846154 0.10697115384615384
2 0.59375 0.5444711538461539 0.021634615384615384 0.10817307692307693
2 0.6286057692307693 0.6838942307692307 0.09014423076923077 0.1045673076923077
2 0.5889423076923077 0.5252403846153846 0.008413461538461538 0.06370192307692307
2 0.7247596153846154 0.7127403846153846 0.109375 0.09014423076923077
2 0.6875 0.5528846153846154 0.02403846153846154 0.11538461538461539
2 0.7139423076923077 0.5576923076923077 0.027644230769230768 0.12259615384615384
2 0.7163461538461539 0.5396634615384616 0.028846153846153848 0.10216346153846154
2 0.7596153846153846 0.5480769230769231 0.03245192307692308 0.10336538461538461
2 0.8197115384615384 0.5444711538461539 0.030048076923076924 0.11177884615384616
2 0.8545673076923077 0.5492788461538461 0.025240384615384616 0.140625
2 0.8774038461538461 0.5612980769230769 0.03485576923076923 0.14182692307692307
2 0.9122596153846154 0.5492788461538461 0.040865384615384616 0.11778846153846154