2 0.11298076923076923 0.1875 0.03245192307692308 0.11899038461538461
2 0.18269230769230768 0.19591346153846154 0.036057692307692304 0.14783653846153846
2 0.23197115384615385 0.18629807692307693 0.039663461538461536 0.15865384615384615
2 0.33774038461538464 0.19110576923076922 0.036057692307692304 0.13341346153846154
2 0.36177884615384615 0.1814903846153846 0.030048076923076924 0.14302884615384615
2 0.4266826923076923 0.17307692307692307 0.03365384615384615 0.109375
2 0.4723557692307692 0.09735576923076923 0.03245192307692308 0.10216346153846154
2 0.5420673076923077 0.18389423076923078 0.046875 0.17548076923076922
2 0.6225961538461539 0.19951923076923078 0.06490384615384616 0.203125
2 0.6862980769230769 0.16466346153846154 0.038461538461538464 0.09134615384615384
2 0.8329326923076923 0.28365384615384615 0.1658653846153846 0.36177884615384615