2 0.021634615384615384 0.5757211538461539 0.037259615384615384 0.30408653846153844
2 0.06370192307692307 0.5528846153846154 0.06490384615384616 0.25961538461538464
2 0.1201923076923077 0.5516826923076923 0.04567307692307692 0.109375
2 0.16706730769230768 0.5540865384615384 0.04447115384615385 0.11177884615384616
2 0.2512019230769231 0.6081730769230769 0.06971153846153846 0.2668269230769231
2 0.28846153846153844 0.5360576923076923 0.057692307692307696 0.09495192307692307
2 0.4254807692307692 0.6153846153846154 0.052884615384615384 0.234375
2 0.4831730769230769 0.6153846153846154 0.0889423076923077 0.16346153846153846
2 0.7487980769230769 0.6670673076923077 0.13822115384615385 0.47596153846153844
2 0.8197115384615384 0.6274038461538461 0.09975961538461539 0.3581730769230769
2 0.9350961538461539 0.5757211538461539 0.12860576923076922 0.4206730769230769