2 0.28725961538461536 0.3016826923076923 0.03125 0.03125
2 0.33533653846153844 0.6850961538461539 0.0985576923076923 0.12860576923076922
2 0.41346153846153844 0.27524038461538464 0.013221153846153846 0.036057692307692304
2 0.4699519230769231 0.6790865384615384 0.07091346153846154 0.11658653846153846
2 0.5456730769230769 0.3076923076923077 0.046875 0.13221153846153846
2 0.5997596153846154 0.6838942307692307 0.09615384615384616 0.13581730769230768
2 0.6490384615384616 0.27283653846153844 0.042067307692307696 0.11298076923076923
2 0.7415865384615384 0.7764423076923077 0.14783653846153846 0.16706730769230768
2 0.6971153846153846 0.6550480769230769 0.054086538461538464 0.056490384615384616
2 0.75 0.6514423076923077 0.038461538461538464 0.09014423076923077
2 0.7908653846153846 0.6538461538461539 0.028846153846153848 0.08533653846153846
2 0.8762019230769231 0.7127403846153846 0.03485576923076923 0.1141826923076923