2 0.016826923076923076 0.5540865384615384 0.03365384615384615 0.05048076923076923
2 0.037259615384615384 0.9567307692307693 0.07451923076923077 0.0829326923076923
2 0.03485576923076923 0.6983173076923077 0.04927884615384615 0.06370192307692307
2 0.038461538461538464 0.7536057692307693 0.036057692307692304 0.06490384615384616
2 0.0625 0.5673076923076923 0.042067307692307696 0.0673076923076923
2 0.09495192307692307 0.5108173076923077 0.03485576923076923 0.08774038461538461
2 0.1310096153846154 0.7211538461538461 0.06610576923076923 0.15865384615384615
2 0.1201923076923077 0.578125 0.027644230769230768 0.04807692307692308
2 0.14543269230769232 0.8389423076923077 0.04807692307692308 0.0733173076923077
2 0.16706730769230768 0.546875 0.036057692307692304 0.051682692307692304
2 0.19951923076923078 0.3798076923076923 0.05889423076923077 0.08173076923076923
2 0.25961538461538464 0.5024038461538461 0.15625 0.0985576923076923
2 0.22115384615384615 0.6538461538461539 0.0673076923076923 0.14302884615384615
2 0.30288461538461536 0.8894230769230769 0.17548076923076922 0.21754807692307693
2 0.28846153846153844 0.5576923076923077 0.02283653846153846 0.038461538461538464
2 0.31490384615384615 0.7295673076923077 0.07692307692307693 0.12980769230769232
2 0.31490384615384615 0.5384615384615384 0.021634615384615384 0.030048076923076924
2 0.32091346153846156 0.44350961538461536 0.02403846153846154 0.051682692307692304
2 0.3389423076923077 0.5288461538461539 0.02283653846153846 0.046875
2 0.38100961538461536 0.6790865384615384 0.07091346153846154 0.16706730769230768
2 0.38100961538461536 0.8545673076923077 0.04567307692307692 0.06370192307692307
2 0.3737980769230769 0.5108173076923077 0.02403846153846154 0.040865384615384616
2 0.39302884615384615 0.7824519230769231 0.040865384615384616 0.04326923076923077
2 0.43990384615384615 0.46033653846153844 0.018028846153846152 0.08052884615384616
2 0.453125 0.8245192307692307 0.036057692307692304 0.03125
2 0.5264423076923077 0.8834134615384616 0.1814903846153846 0.23197115384615385
2 0.4519230769230769 0.4795673076923077 0.021634615384615384 0.030048076923076924
2 0.4567307692307692 0.4963942307692308 0.018028846153846152 0.03245192307692308
2 0.5012019230769231 0.5048076923076923 0.02283653846153846 0.03485576923076923
2 0.5048076923076923 0.47836538461538464 0.018028846153846152 0.03485576923076923
2 0.5240384615384616 0.5516826923076923 0.026442307692307692 0.04807692307692308
2 0.5228365384615384 0.5048076923076923 0.02283653846153846 0.038461538461538464
2 0.6490384615384616 0.49278846153846156 0.19230769230769232 0.11778846153846154
2 0.7091346153846154 0.8509615384615384 0.21634615384615385 0.2956730769230769
2 0.6706730769230769 0.35096153846153844 0.051682692307692304 0.06490384615384616
2 0.84375 0.5637019230769231 0.3112980769230769 0.30528846153846156
2 0.7487980769230769 0.3942307692307692 0.01201923076923077 0.051682692307692304
2 0.7680288461538461 0.4026442307692308 0.015625 0.0673076923076923
2 0.8473557692307693 0.8233173076923077 0.14903846153846154 0.3401442307692308
2 0.90625 0.7331730769230769 0.18269230769230768 0.30288461538461536
2 0.8545673076923077 0.39903846153846156 0.015625 0.038461538461538464