2 0.08653846153846154 0.6899038461538461 0.11658653846153846 0.16947115384615385
2 0.21394230769230768 0.7043269230769231 0.13942307692307693 0.24879807692307693
2 0.28966346153846156 0.7391826923076923 0.051682692307692304 0.14903846153846154
2 0.3449519230769231 0.6117788461538461 0.09495192307692307 0.15865384615384615
2 0.3473557692307692 0.7512019230769231 0.04567307692307692 0.16706730769230768
2 0.3870192307692308 0.7584134615384616 0.04807692307692308 0.17307692307692307
2 0.40865384615384615 0.5685096153846154 0.03485576923076923 0.07211538461538461
2 0.43028846153846156 0.7584134615384616 0.056490384615384616 0.17307692307692307
2 0.4831730769230769 0.6105769230769231 0.12259615384615384 0.11298076923076923
2 0.4675480769230769 0.30528846153846156 0.028846153846153848 0.056490384615384616
2 0.47475961538461536 0.7764423076923077 0.03365384615384615 0.1622596153846154
2 0.5096153846153846 0.7908653846153846 0.05048076923076923 0.17548076923076922
2 0.5120192307692307 0.3088942307692308 0.026442307692307692 0.056490384615384616
2 0.5625 0.7860576923076923 0.05889423076923077 0.18389423076923078
2 0.6177884615384616 0.7884615384615384 0.054086538461538464 0.17908653846153846
2 0.6670673076923077 0.7932692307692307 0.06490384615384616 0.19591346153846154
2 0.6622596153846154 0.3173076923076923 0.037259615384615384 0.046875
2 0.6971153846153846 0.5733173076923077 0.039663461538461536 0.07572115384615384
2 0.7271634615384616 0.8173076923076923 0.06490384615384616 0.17427884615384615
2 0.7427884615384616 0.3245192307692308 0.019230769230769232 0.042067307692307696
2 0.7896634615384616 0.8185096153846154 0.0625 0.19110576923076922
2 0.8930288461538461 0.5012019230769231 0.2091346153846154 0.2283653846153846
2 0.8497596153846154 0.8365384615384616 0.042067307692307696 0.19230769230769232
2 0.9110576923076923 0.8425480769230769 0.06009615384615385 0.20072115384615385