2 0.06610576923076923 0.9182692307692307 0.13221153846153846 0.15865384615384615
2 0.20432692307692307 0.9074519230769231 0.10336538461538461 0.18269230769230768
2 0.1875 0.5504807692307693 0.0625 0.19471153846153846
2 0.24278846153846154 0.5084134615384616 0.026442307692307692 0.10216346153846154
2 0.27283653846153844 0.5841346153846154 0.04927884615384615 0.18509615384615385
2 0.28125 0.43990384615384615 0.030048076923076924 0.1045673076923077
2 0.3076923076923077 0.9507211538461539 0.08173076923076923 0.09615384615384616
2 0.31971153846153844 0.6334134615384616 0.055288461538461536 0.20673076923076922
2 0.32091346153846156 0.4807692307692308 0.04567307692307692 0.15985576923076922
2 0.36538461538461536 0.7139423076923077 0.07692307692307693 0.29086538461538464
2 0.41586538461538464 0.8737980769230769 0.0733173076923077 0.2512019230769231
2 0.4110576923076923 0.5288461538461539 0.037259615384615384 0.15144230769230768
2 0.43149038461538464 0.5829326923076923 0.04447115384615385 0.18629807692307693
2 0.45552884615384615 0.7680288461538461 0.08052884615384616 0.21634615384615385
2 0.4579326923076923 0.5661057692307693 0.039663461538461536 0.18028846153846154
2 0.5072115384615384 0.9495192307692307 0.09615384615384616 0.09975961538461539
2 0.5252403846153846 0.47475961538461536 0.06129807692307692 0.1658653846153846
2 0.5288461538461539 0.7247596153846154 0.057692307692307696 0.2512019230769231
2 0.5625 0.6298076923076923 0.06490384615384616 0.19230769230769232
2 0.5829326923076923 0.4423076923076923 0.046875 0.140625
2 0.6069711538461539 0.8521634615384616 0.08653846153846154 0.2091346153846154
2 0.6057692307692307 0.5877403846153846 0.051682692307692304 0.15384615384615385
2 0.640625 0.7475961538461539 0.05889423076923077 0.09615384615384616
2 0.6814903846153846 0.9387019230769231 0.09975961538461539 0.12139423076923077
2 0.6610576923076923 0.5444711538461539 0.046875 0.09134615384615384
2 0.6598557692307693 0.6081730769230769 0.038461538461538464 0.10096153846153846
2 0.6814903846153846 0.6862980769230769 0.051682692307692304 0.14423076923076922
2 0.7175480769230769 0.5973557692307693 0.052884615384615384 0.10096153846153846
2 0.7752403846153846 0.9110576923076923 0.1346153846153846 0.17668269230769232
2 0.7415865384615384 0.6790865384615384 0.051682692307692304 0.09375
2 0.7620192307692307 0.6418269230769231 0.03365384615384615 0.09975961538461539
2 0.8052884615384616 0.7151442307692307 0.08533653846153846 0.10576923076923077
2 0.9399038461538461 0.8317307692307693 0.11778846153846154 0.2800480769230769