2 0.020432692307692308 0.5204326923076923 0.040865384615384616 0.055288461538461536
2 0.054086538461538464 0.5120192307692307 0.026442307692307692 0.03365384615384615
2 0.28846153846153844 0.5757211538461539 0.036057692307692304 0.0829326923076923
2 0.42427884615384615 0.8774038461538461 0.2980769230769231 0.24278846153846154
2 0.33774038461538464 0.5564903846153846 0.02283653846153846 0.08533653846153846
2 0.5 0.5829326923076923 0.19471153846153846 0.23798076923076922
2 0.4326923076923077 0.9350961538461539 0.056490384615384616 0.12860576923076922
2 0.6105769230769231 0.4795673076923077 0.10096153846153846 0.08533653846153846
2 0.7788461538461539 0.9182692307692307 0.054086538461538464 0.1622596153846154
2 0.8774038461538461 0.5649038461538461 0.23557692307692307 0.27283653846153844
2 0.7908653846153846 0.7379807692307693 0.04447115384615385 0.16947115384615385
2 0.8149038461538461 0.921875 0.07211538461538461 0.15504807692307693
2 0.8161057692307693 0.7403846153846154 0.055288461538461536 0.10216346153846154
2 0.9002403846153846 0.8533653846153846 0.057692307692307696 0.23798076923076922