2 0.17307692307692307 0.6802884615384616 0.039663461538461536 0.23197115384615385
2 0.19471153846153846 0.31850961538461536 0.08413461538461539 0.20793269230769232
2 0.2091346153846154 0.6887019230769231 0.055288461538461536 0.22115384615384615
2 0.43509615384615385 0.29086538461538464 0.036057692307692304 0.23317307692307693
2 0.4735576923076923 0.6526442307692307 0.078125 0.19591346153846154
2 0.4831730769230769 0.2704326923076923 0.046875 0.16706730769230768
2 0.6550480769230769 0.5949519230769231 0.056490384615384616 0.14783653846153846
2 0.7992788461538461 0.3076923076923077 0.04326923076923077 0.1814903846153846
2 0.8016826923076923 0.6105769230769231 0.02283653846153846 0.15384615384615385
2 0.8377403846153846 0.5961538461538461 0.03365384615384615 0.14182692307692307
2 0.8485576923076923 0.2932692307692308 0.021634615384615384 0.15865384615384615