2 0.34134615384615385 0.9074519230769231 0.06370192307692307 0.11899038461538461
2 0.007211538461538462 0.49399038461538464 0.014423076923076924 0.046875
2 0.02283653846153846 0.8473557692307693 0.04326923076923077 0.11538461538461539
2 0.028846153846153848 0.4831730769230769 0.02403846153846154 0.07091346153846154
2 0.038461538461538464 0.5012019230769231 0.019230769230769232 0.055288461538461536
2 0.06610576923076923 0.49278846153846156 0.02283653846153846 0.05048076923076923
2 0.11177884615384616 0.7644230769230769 0.030048076923076924 0.09495192307692307
2 0.12379807692307693 0.8665865384615384 0.030048076923076924 0.08052884615384616
2 0.17427884615384615 0.9074519230769231 0.06610576923076923 0.11538461538461539
2 0.22596153846153846 0.8401442307692307 0.038461538461538464 0.06009615384615385
2 0.2536057692307692 0.875 0.04807692307692308 0.07211538461538461
2 0.2956730769230769 0.7451923076923077 0.015625 0.07692307692307693
2 0.31490384615384615 0.7512019230769231 0.014423076923076924 0.051682692307692304
2 0.3269230769230769 0.7451923076923077 0.014423076923076924 0.08052884615384616
2 0.3629807692307692 0.7451923076923077 0.02283653846153846 0.08052884615384616
2 0.3918269230769231 0.7475961538461539 0.027644230769230768 0.07091346153846154
2 0.40625 0.7620192307692307 0.014423076923076924 0.07211538461538461
2 0.43509615384615385 0.7608173076923077 0.03245192307692308 0.052884615384615384
2 0.46153846153846156 0.9158653846153846 0.042067307692307696 0.08413461538461539
2 0.4891826923076923 0.7295673076923077 0.02403846153846154 0.052884615384615384
2 0.5012019230769231 0.8762019230769231 0.036057692307692304 0.11298076923076923
2 0.5336538461538461 0.7572115384615384 0.03485576923076923 0.055288461538461536
2 0.5396634615384616 0.8689903846153846 0.030048076923076924 0.12379807692307693
2 0.5661057692307693 0.7560096153846154 0.02283653846153846 0.07692307692307693
2 0.6189903846153846 0.7692307692307693 0.028846153846153848 0.09134615384615384
2 0.6646634615384616 0.8329326923076923 0.025240384615384616 0.11778846153846154
2 0.7139423076923077 0.8473557692307693 0.03485576923076923 0.11298076923076923
2 0.7403846153846154 0.7536057692307693 0.037259615384615384 0.09615384615384616
2 0.7728365384615384 0.8449519230769231 0.030048076923076924 0.11298076923076923
2 0.7716346153846154 0.7560096153846154 0.026442307692307692 0.08774038461538461
2 0.7980769230769231 0.7848557692307693 0.02403846153846154 0.0985576923076923
2 0.859375 0.7572115384615384 0.016826923076923076 0.07451923076923077
2 0.8677884615384616 0.8605769230769231 0.030048076923076924 0.14182692307692307
2 0.8713942307692307 0.7596153846153846 0.03485576923076923 0.05048076923076923
2 0.9002403846153846 0.8545673076923077 0.05889423076923077 0.14302884615384615
2 0.9326923076923077 0.8449519230769231 0.051682692307692304 0.11778846153846154
2 0.9387019230769231 0.7692307692307693 0.010817307692307692 0.04567307692307692
2 0.9771634615384616 0.8545673076923077 0.020432692307692308 0.14302884615384615