2 0.038461538461538464 0.8509615384615384 0.07692307692307693 0.25
2 0.24879807692307693 0.7307692307692307 0.49759615384615385 0.1622596153846154
2 0.07091346153846154 0.8954326923076923 0.09375 0.20793269230769232
2 0.09495192307692307 0.765625 0.0829326923076923 0.21514423076923078
2 0.171875 0.9254807692307693 0.1201923076923077 0.1466346153846154
2 0.2824519230769231 0.8966346153846154 0.16706730769230768 0.203125
2 0.42427884615384615 0.8762019230769231 0.11298076923076923 0.24519230769230768
2 0.4230769230769231 0.6346153846153846 0.03365384615384615 0.09615384615384616
2 0.4855769230769231 0.875 0.09014423076923077 0.24639423076923078
2 0.7283653846153846 0.6802884615384616 0.5384615384615384 0.10216346153846154
2 0.5348557692307693 0.6346153846153846 0.03365384615384615 0.09375
2 0.5829326923076923 0.9086538461538461 0.1141826923076923 0.18028846153846154
2 0.6550480769230769 0.8942307692307693 0.1658653846153846 0.21033653846153846
2 0.7884615384615384 0.8461538461538461 0.1045673076923077 0.30649038461538464
2 0.8317307692307693 0.8677884615384616 0.0625 0.2620192307692308
2 0.9002403846153846 0.8677884615384616 0.11057692307692307 0.2620192307692308
2 0.9771634615384616 0.8389423076923077 0.04447115384615385 0.25600961538461536
2 0.9807692307692307 0.8653846153846154 0.037259615384615384 0.2668269230769231