2 0.014423076923076924 0.6382211538461539 0.028846153846153848 0.2536057692307692
2 0.16105769230769232 0.5877403846153846 0.09134615384615384 0.3016826923076923
2 0.3076923076923077 0.6766826923076923 0.1141826923076923 0.46274038461538464
2 0.3557692307692308 0.5829326923076923 0.06490384615384616 0.2548076923076923
2 0.4879807692307692 0.6069711538461539 0.07091346153846154 0.3088942307692308
2 0.5192307692307693 0.5552884615384616 0.021634615384615384 0.13701923076923078
2 0.5697115384615384 0.6358173076923077 0.09134615384615384 0.36778846153846156
2 0.6346153846153846 0.6057692307692307 0.056490384615384616 0.2536057692307692
2 0.7764423076923077 0.515625 0.020432692307692308 0.03125
2 0.8221153846153846 0.6706730769230769 0.07932692307692307 0.35096153846153844
2 0.9014423076923077 0.7560096153846154 0.19230769230769232 0.4831730769230769
2 0.8846153846153846 0.6935096153846154 0.10697115384615384 0.38461538461538464
2 0.9302884615384616 0.6478365384615384 0.08052884615384616 0.21634615384615385
2 0.9098557692307693 0.5132211538461539 0.026442307692307692 0.06370192307692307
2 0.9338942307692307 0.5144230769230769 0.03245192307692308 0.06129807692307692
2 0.9387019230769231 0.5480769230769231 0.030048076923076924 0.09014423076923077
2 0.9651442307692307 0.5384615384615384 0.042067307692307696 0.09615384615384616
2 0.9903846153846154 0.4951923076923077 0.014423076923076924 0.04807692307692308