2 0.31490384615384615 0.671875 0.07211538461538461 0.2548076923076923
2 0.04326923076923077 0.59375 0.01201923076923077 0.019230769230769232
2 0.12620192307692307 0.5985576923076923 0.021634615384615384 0.03485576923076923
2 0.1502403846153846 0.6009615384615384 0.009615384615384616 0.03485576923076923
2 0.1814903846153846 0.6069711538461539 0.007211538461538462 0.026442307692307692
2 0.18870192307692307 0.6021634615384616 0.006009615384615385 0.03125
2 0.2247596153846154 0.609375 0.01201923076923077 0.03365384615384615
2 0.24278846153846154 0.6117788461538461 0.009615384615384616 0.036057692307692304
2 0.39663461538461536 0.6153846153846154 0.007211538461538462 0.03485576923076923
2 0.609375 0.5673076923076923 0.014423076923076924 0.07451923076923077
2 0.8305288461538461 0.640625 0.01201923076923077 0.042067307692307696
2 0.8461538461538461 0.6490384615384616 0.021634615384615384 0.0733173076923077