2 0.234375 0.5132211538461539 0.0673076923076923 0.21394230769230768
2 0.03485576923076923 0.5913461538461539 0.06971153846153846 0.359375
2 0.125 0.4723557692307692 0.03245192307692308 0.15865384615384615
2 0.18389423076923078 0.46033653846153844 0.03365384615384615 0.11778846153846154
2 0.3125 0.4699519230769231 0.025240384615384616 0.06610576923076923
2 0.38461538461538464 0.6862980769230769 0.10817307692307693 0.25240384615384615
2 0.44591346153846156 0.4951923076923077 0.039663461538461536 0.0673076923076923
2 0.5216346153846154 0.6935096153846154 0.1310096153846154 0.2920673076923077
2 0.4987980769230769 0.45072115384615385 0.040865384615384616 0.11538461538461539
2 0.5829326923076923 0.45552884615384615 0.027644230769230768 0.10216346153846154
2 0.7836538461538461 0.4951923076923077 0.21995192307692307 0.1045673076923077