2 0.5721153846153846 0.5841346153846154 0.5817307692307693 0.7692307692307693
2 0.019230769230769232 0.8858173076923077 0.037259615384615384 0.06009615384615385
2 0.12379807692307693 0.6766826923076923 0.24759615384615385 0.17668269230769232
2 0.028846153846153848 0.7980769230769231 0.055288461538461536 0.05889423076923077
2 0.0733173076923077 0.8918269230769231 0.06610576923076923 0.05889423076923077
2 0.08052884615384616 0.8040865384615384 0.04447115384615385 0.036057692307692304
2 0.14543269230769232 0.8846153846153846 0.11899038461538461 0.2283653846153846
2 0.12379807692307693 0.7848557692307693 0.052884615384615384 0.0733173076923077
2 0.18269230769230768 0.7487980769230769 0.03365384615384615 0.05048076923076923
2 0.23076923076923078 0.9038461538461539 0.0985576923076923 0.0625
2 0.2283653846153846 0.8161057692307693 0.04807692307692308 0.051682692307692304
2 0.8461538461538461 0.9387019230769231 0.027644230769230768 0.06009615384615385
2 0.8581730769230769 0.8713942307692307 0.042067307692307696 0.055288461538461536
2 0.8786057692307693 0.8942307692307693 0.05048076923076923 0.0625
2 0.8894230769230769 0.9447115384615384 0.06850961538461539 0.07211538461538461
2 0.8930288461538461 0.8173076923076923 0.05889423076923077 0.09134615384615384
2 0.9110576923076923 0.8689903846153846 0.057692307692307696 0.054086538461538464
2 0.9326923076923077 0.9735576923076923 0.0673076923076923 0.04927884615384615
2 0.9423076923076923 0.9158653846153846 0.078125 0.07451923076923077
2 0.9543269230769231 0.8257211538461539 0.056490384615384616 0.0889423076923077
2 0.953125 0.890625 0.038461538461538464 0.036057692307692304
2 0.9855769230769231 0.8990384615384616 0.026442307692307692 0.054086538461538464