2 0.6213942307692307 0.9314903846153846 0.07451923076923077 0.11298076923076923
2 0.051682692307692304 0.6213942307692307 0.07451923076923077 0.036057692307692304
2 0.04927884615384615 0.6334134615384616 0.06490384615384616 0.06370192307692307
2 0.22596153846153846 0.5504807692307693 0.040865384615384616 0.1045673076923077
2 0.24759615384615385 0.6129807692307693 0.056490384615384616 0.06370192307692307
2 0.2848557692307692 0.609375 0.025240384615384616 0.039663461538461536
2 0.3137019230769231 0.46153846153846156 0.02403846153846154 0.1045673076923077
2 0.390625 0.9375 0.052884615384615384 0.026442307692307692
2 0.41346153846153844 0.6310096153846154 0.052884615384615384 0.042067307692307696
2 0.4026442307692308 0.5733173076923077 0.020432692307692308 0.05048076923076923
2 0.4362980769230769 0.5721153846153846 0.06370192307692307 0.07572115384615384
2 0.4230769230769231 0.4567307692307692 0.019230769230769232 0.0733173076923077
2 0.45552884615384615 0.625 0.03125 0.04927884615384615
2 0.49399038461538464 0.6382211538461539 0.03365384615384615 0.05889423076923077
2 0.5096153846153846 0.46875 0.015625 0.04927884615384615
2 0.5348557692307693 0.43509615384615385 0.015625 0.04927884615384615
2 0.5504807692307693 0.5817307692307693 0.04447115384615385 0.052884615384615384
2 0.5456730769230769 0.4338942307692308 0.014423076923076924 0.046875
2 0.59375 0.5973557692307693 0.037259615384615384 0.05048076923076923
2 0.6850961538461539 0.5925480769230769 0.028846153846153848 0.040865384615384616
2 0.6850961538461539 0.4230769230769231 0.018028846153846152 0.037259615384615384
2 0.7560096153846154 0.45072115384615385 0.030048076923076924 0.051682692307692304
2 0.7788461538461539 0.5949519230769231 0.030048076923076924 0.04807692307692308
2 0.7872596153846154 0.4519230769230769 0.015625 0.06370192307692307
2 0.8064903846153846 0.4891826923076923 0.015625 0.02283653846153846
2 0.8185096153846154 0.6165865384615384 0.028846153846153848 0.05048076923076923