2 0.052884615384615384 0.43149038461538464 0.010817307692307692 0.0625
2 0.13701923076923078 0.32211538461538464 0.056490384615384616 0.04567307692307692
2 0.11538461538461539 0.41466346153846156 0.013221153846153846 0.057692307692307696
2 0.13341346153846154 0.41225961538461536 0.014423076923076924 0.06009615384615385
2 0.17548076923076922 0.4362980769230769 0.014423076923076924 0.057692307692307696
2 0.1935096153846154 0.43028846153846156 0.014423076923076924 0.06850961538461539
2 0.21153846153846154 0.3473557692307692 0.027644230769230768 0.04567307692307692
2 0.2668269230769231 0.33052884615384615 0.04447115384615385 0.09134615384615384
2 0.6201923076923077 0.38461538461538464 0.021634615384615384 0.04567307692307692
2 0.6574519230769231 0.3858173076923077 0.009615384615384616 0.04567307692307692
2 0.8173076923076923 0.42788461538461536 0.013221153846153846 0.057692307692307696
2 0.9194711538461539 0.390625 0.010817307692307692 0.04807692307692308
2 0.9483173076923077 0.9567307692307693 0.038461538461538464 0.08413461538461539
2 0.9423076923076923 0.38461538461538464 0.01201923076923077 0.042067307692307696
2 0.9735576923076923 0.38461538461538464 0.01201923076923077 0.04567307692307692
2 0.9927884615384616 0.484375 0.009615384615384616 0.06971153846153846