2 0.06370192307692307 0.3918269230769231 0.09975961538461539 0.49278846153846156
2 0.18629807692307693 0.21995192307692307 0.019230769230769232 0.025240384615384616
2 0.20552884615384615 0.22355769230769232 0.013221153846153846 0.027644230769230768
2 0.3425480769230769 0.22956730769230768 0.028846153846153848 0.09375
2 0.4014423076923077 0.22716346153846154 0.030048076923076924 0.09975961538461539
2 0.4699519230769231 0.24158653846153846 0.026442307692307692 0.07692307692307693
2 0.4951923076923077 0.21754807692307693 0.016826923076923076 0.04567307692307692
2 0.5084134615384616 0.2283653846153846 0.009615384615384616 0.02283653846153846
2 0.5204326923076923 0.22355769230769232 0.014423076923076924 0.03245192307692308
2 0.5576923076923077 0.21754807692307693 0.01201923076923077 0.025240384615384616
2 0.578125 0.22115384615384615 0.013221153846153846 0.02283653846153846
2 0.8737980769230769 0.23197115384615385 0.016826923076923076 0.06610576923076923
2 0.8930288461538461 0.22596153846153846 0.025240384615384616 0.06490384615384616
2 0.8858173076923077 0.21153846153846154 0.009615384615384616 0.025240384615384616
2 0.9194711538461539 0.2439903846153846 0.054086538461538464 0.10576923076923077
2 0.9375 0.21394230769230768 0.02283653846153846 0.046875
2 0.9615384615384616 0.22596153846153846 0.02403846153846154 0.055288461538461536