2 0.3605769230769231 0.7584134615384616 0.052884615384615384 0.06370192307692307
2 0.3641826923076923 0.7896634615384616 0.04807692307692308 0.11298076923076923
2 0.3858173076923077 0.6310096153846154 0.03245192307692308 0.09375
2 0.4050480769230769 0.7367788461538461 0.038461538461538464 0.12259615384615384
2 0.41225961538461536 0.7115384615384616 0.04927884615384615 0.06971153846153846
2 0.4050480769230769 0.7680288461538461 0.030048076923076924 0.06490384615384616
2 0.48677884615384615 0.4423076923076923 0.1778846153846154 0.28125
2 0.4483173076923077 0.5769230769230769 0.02403846153846154 0.046875
2 0.4483173076923077 0.6153846153846154 0.021634615384615384 0.06610576923076923
2 0.453125 0.6899038461538461 0.02283653846153846 0.1045673076923077
2 0.4519230769230769 0.6730769230769231 0.018028846153846152 0.09375
2 0.46875 0.6430288461538461 0.02283653846153846 0.09975961538461539
2 0.5324519230769231 0.6670673076923077 0.03365384615384615 0.11538461538461539
2 0.5841346153846154 0.6310096153846154 0.027644230769230768 0.09975961538461539
2 0.5829326923076923 0.43509615384615385 0.008413461538461538 0.037259615384615384
2 0.5853365384615384 0.4074519230769231 0.007211538461538462 0.019230769230769232
2 0.5877403846153846 0.46153846153846156 0.008413461538461538 0.0625
2 0.5949519230769231 0.4519230769230769 0.009615384615384616 0.04326923076923077
2 0.6009615384615384 0.6322115384615384 0.020432692307692308 0.09615384615384616
2 0.6033653846153846 0.4675480769230769 0.009615384615384616 0.04447115384615385
2 0.6057692307692307 0.5252403846153846 0.014423076923076924 0.06971153846153846
2 0.6105769230769231 0.5348557692307693 0.010817307692307692 0.0673076923076923
2 0.6129807692307693 0.4519230769230769 0.009615384615384616 0.03125
2 0.6237980769230769 0.46875 0.020432692307692308 0.06490384615384616
2 0.6382211538461539 0.44711538461538464 0.015625 0.06370192307692307
2 0.6778846153846154 0.9122596153846154 0.0829326923076923 0.16947115384615385
2 0.6538461538461539 0.7536057692307693 0.03245192307692308 0.14543269230769232
2 0.6574519230769231 0.4567307692307692 0.026442307692307692 0.06610576923076923
2 0.6742788461538461 0.8509615384615384 0.055288461538461536 0.07451923076923077
2 0.7716346153846154 0.9242788461538461 0.11057692307692307 0.14903846153846154