2 0.6418269230769231 0.47596153846153844 0.09254807692307693 0.16466346153846154
2 0.4411057692307692 0.6141826923076923 0.7860576923076923 0.4639423076923077
2 0.2704326923076923 0.34134615384615385 0.018028846153846152 0.06370192307692307
2 0.3629807692307692 0.4230769230769231 0.01201923076923077 0.025240384615384616
2 0.41346153846153844 0.4795673076923077 0.02283653846153846 0.046875
2 0.4483173076923077 0.4326923076923077 0.019230769230769232 0.03245192307692308
2 0.44711538461538464 0.38341346153846156 0.009615384615384616 0.02403846153846154
2 0.47475961538461536 0.4266826923076923 0.015625 0.02283653846153846
2 0.4987980769230769 0.3581730769230769 0.030048076923076924 0.06129807692307692
2 0.4963942307692308 0.3737980769230769 0.013221153846153846 0.027644230769230768
2 0.5072115384615384 0.4375 0.015625 0.04447115384615385
2 0.5504807692307693 0.3641826923076923 0.02403846153846154 0.046875
2 0.6021634615384616 0.36899038461538464 0.04927884615384615 0.05048076923076923
2 0.6923076923076923 0.421875 0.004807692307692308 0.020432692307692308
2 0.6983173076923077 0.4254807692307692 0.007211538461538462 0.020432692307692308
2 0.9735576923076923 0.3701923076923077 0.008413461538461538 0.018028846153846152