2 0.18990384615384615 0.5685096153846154 0.06490384615384616 0.2668269230769231
2 0.22355769230769232 0.546875 0.06009615384615385 0.31009615384615385
2 0.2439903846153846 0.5444711538461539 0.0829326923076923 0.328125
2 0.328125 0.5108173076923077 0.09735576923076923 0.36177884615384615
2 0.3894230769230769 0.5865384615384616 0.06610576923076923 0.2283653846153846
2 0.5877403846153846 0.5348557692307693 0.08653846153846154 0.2980769230769231
2 0.6586538461538461 0.5564903846153846 0.07692307692307693 0.27524038461538464
2 0.7211538461538461 0.6045673076923077 0.04447115384615385 0.16947115384615385
2 0.7560096153846154 0.5733173076923077 0.07692307692307693 0.234375
2 0.8449519230769231 0.5336538461538461 0.09615384615384616 0.30408653846153844
2 0.9387019230769231 0.5144230769230769 0.078125 0.33413461538461536