2 0.054086538461538464 0.29086538461538464 0.10817307692307693 0.35096153846153844
2 0.042067307692307696 0.2956730769230769 0.016826923076923076 0.07932692307692307
2 0.140625 0.2956730769230769 0.038461538461538464 0.10216346153846154
2 0.3701923076923077 0.2824519230769231 0.06610576923076923 0.18028846153846154
2 0.6935096153846154 0.9519230769230769 0.6117788461538461 0.09375
2 0.6237980769230769 0.42908653846153844 0.021634615384615384 0.028846153846153848
2 0.6514423076923077 0.46274038461538464 0.018028846153846152 0.06129807692307692
2 0.671875 0.453125 0.016826923076923076 0.055288461538461536
2 0.6923076923076923 0.6105769230769231 0.018028846153846152 0.056490384615384616
2 0.7175480769230769 0.6201923076923077 0.020432692307692308 0.0625
2 0.8269230769230769 0.6334134615384616 0.025240384615384616 0.06370192307692307
2 0.8485576923076923 0.6322115384615384 0.021634615384615384 0.06971153846153846
2 0.9074519230769231 0.3449519230769231 0.042067307692307696 0.0889423076923077