2 0.49759615384615385 0.4963942307692308 0.9951923076923077 0.9302884615384616
2 0.08413461538461539 0.8605769230769231 0.07091346153846154 0.19110576923076922
2 0.11538461538461539 0.859375 0.04807692307692308 0.1935096153846154
2 0.18990384615384615 0.8677884615384616 0.10216346153846154 0.20673076923076922
2 0.3485576923076923 0.8870192307692307 0.04326923076923077 0.21634615384615385
2 0.46875 0.8449519230769231 0.040865384615384616 0.15985576923076922
2 0.5528846153846154 0.8689903846153846 0.056490384615384616 0.18389423076923078
2 0.6778846153846154 0.8617788461538461 0.040865384615384616 0.17668269230769232
2 0.7920673076923077 0.8557692307692307 0.05889423076923077 0.17307692307692307
2 0.8413461538461539 0.8557692307692307 0.06971153846153846 0.1814903846153846
2 0.9350961538461539 0.8665865384615384 0.0673076923076923 0.19591346153846154