2 0.2247596153846154 0.6358173076923077 0.30288461538461536 0.5360576923076923
2 0.17668269230769232 0.49038461538461536 0.20072115384615385 0.6237980769230769
2 0.33774038461538464 0.7283653846153846 0.25240384615384615 0.44711538461538464
2 0.3329326923076923 0.36778846153846156 0.13701923076923078 0.1502403846153846
2 0.4206730769230769 0.36899038461538464 0.10216346153846154 0.28966346153846156
2 0.4987980769230769 0.20072115384615385 0.16826923076923078 0.29927884615384615
2 0.6009615384615384 0.5444711538461539 0.20673076923076922 0.39302884615384615
2 0.5456730769230769 0.25721153846153844 0.030048076923076924 0.10336538461538461
2 0.5817307692307693 0.31850961538461536 0.07451923076923077 0.19831730769230768
2 0.7163461538461539 0.5841346153846154 0.19831730769230768 0.4110576923076923
2 0.6778846153846154 0.5120192307692307 0.06971153846153846 0.2956730769230769
2 0.7920673076923077 0.4699519230769231 0.10096153846153846 0.3798076923076923
2 0.8557692307692307 0.5793269230769231 0.09495192307692307 0.5168269230769231