2 0.02403846153846154 0.5204326923076923 0.04326923076923077 0.09975961538461539
2 0.07692307692307693 0.5252403846153846 0.08653846153846154 0.24519230769230768
2 0.1310096153846154 0.5084134615384616 0.046875 0.09975961538461539
2 0.17668269230769232 0.49399038461538464 0.03485576923076923 0.06370192307692307
2 0.19831730769230768 0.5709134615384616 0.04567307692307692 0.13701923076923078
2 0.27163461538461536 0.5949519230769231 0.07932692307692307 0.17548076923076922
2 0.24879807692307693 0.5060096153846154 0.028846153846153848 0.052884615384615384
2 0.2980769230769231 0.49038461538461536 0.040865384615384616 0.056490384615384616
2 0.31850961538461536 0.5204326923076923 0.057692307692307696 0.09134615384615384
2 0.36177884615384615 0.5408653846153846 0.0733173076923077 0.08413461538461539
2 0.4362980769230769 0.7139423076923077 0.2091346153846154 0.44711538461538464
2 0.4098557692307692 0.46875 0.07091346153846154 0.07211538461538461
2 0.45913461538461536 0.48197115384615385 0.04567307692307692 0.07091346153846154
2 0.4675480769230769 0.5649038461538461 0.04326923076923077 0.12620192307692307
2 0.5012019230769231 0.5144230769230769 0.04326923076923077 0.08774038461538461
2 0.5504807692307693 0.5384615384615384 0.052884615384615384 0.09134615384615384
2 0.5697115384615384 0.46875 0.037259615384615384 0.06009615384615385
2 0.5973557692307693 0.5456730769230769 0.057692307692307696 0.12620192307692307
2 0.6237980769230769 0.53125 0.04807692307692308 0.09615384615384616
2 0.6274038461538461 0.47475961538461536 0.036057692307692304 0.09495192307692307
2 0.7091346153846154 0.6045673076923077 0.10336538461538461 0.16346153846153846
2 0.6838942307692307 0.5228365384615384 0.030048076923076924 0.07692307692307693
2 0.7355769230769231 0.4951923076923077 0.026442307692307692 0.042067307692307696
2 0.7932692307692307 0.6526442307692307 0.08774038461538461 0.3112980769230769
2 0.8786057692307693 0.5637019230769231 0.09134615384615384 0.1502403846153846
2 0.9435096153846154 0.5504807692307693 0.054086538461538464 0.12379807692307693
2 0.9831730769230769 0.5612980769230769 0.03125 0.21634615384615385