2 0.8978365384615384 0.5528846153846154 0.18028846153846154 0.8930288461538461
2 0.1466346153846154 0.6923076923076923 0.2932692307692308 0.6105769230769231
2 0.11057692307692307 0.5084134615384616 0.08413461538461539 0.3581730769230769
2 0.1935096153846154 0.5048076923076923 0.07692307692307693 0.3389423076923077
2 0.3088942307692308 0.5408653846153846 0.15384615384615385 0.49038461538461536
2 0.38822115384615385 0.39903846153846156 0.046875 0.19471153846153846
2 0.5709134615384616 0.6033653846153846 0.23557692307692307 0.7403846153846154
2 0.7043269230769231 0.4831730769230769 0.09134615384615384 0.33533653846153844
2 0.7824519230769231 0.3858173076923077 0.057692307692307696 0.16466346153846154
2 0.8004807692307693 0.37740384615384615 0.05048076923076923 0.15504807692307693
2 0.8389423076923077 0.35697115384615385 0.025240384615384616 0.07211538461538461