2 0.9338942307692307 0.6081730769230769 0.07451923076923077 0.3737980769230769
2 0.4951923076923077 0.5240384615384616 0.014423076923076924 0.07692307692307693
2 0.5168269230769231 0.5721153846153846 0.03365384615384615 0.15384615384615385
2 0.5817307692307693 0.6778846153846154 0.14903846153846154 0.3942307692307692
2 0.5853365384615384 0.5420673076923077 0.027644230769230768 0.1310096153846154
2 0.6262019230769231 0.5216346153846154 0.019230769230769232 0.07091346153846154
2 0.6610576923076923 0.5396634615384616 0.026442307692307692 0.13581730769230768
2 0.6694711538461539 0.5 0.014423076923076924 0.036057692307692304
2 0.7055288461538461 0.5516826923076923 0.04807692307692308 0.1141826923076923
2 0.7824519230769231 0.5564903846153846 0.021634615384615384 0.12259615384615384
2 0.8016826923076923 0.5985576923076923 0.039663461538461536 0.18028846153846154
2 0.8269230769230769 0.5637019230769231 0.04326923076923077 0.06370192307692307
2 0.8798076923076923 0.5877403846153846 0.040865384615384616 0.21995192307692307
2 0.9855769230769231 0.5600961538461539 0.027644230769230768 0.12379807692307693