2 0.5216346153846154 0.5 0.9543269230769231 0.9987980769230769
2 0.06490384615384616 0.7463942307692307 0.028846153846153848 0.12379807692307693
2 0.07091346153846154 0.9435096153846154 0.037259615384615384 0.11177884615384616
2 0.140625 0.6358173076923077 0.025240384615384616 0.11057692307692307
2 0.15625 0.6165865384615384 0.019230769230769232 0.09134615384615384
2 0.16826923076923078 0.5901442307692307 0.016826923076923076 0.09615384615384616
2 0.18509615384615385 0.6213942307692307 0.02403846153846154 0.10336538461538461
2 0.20793269230769232 0.5480769230769231 0.02283653846153846 0.11298076923076923
2 0.23557692307692307 0.5745192307692307 0.03245192307692308 0.125
2 0.4266826923076923 0.5084134615384616 0.3545673076923077 0.5552884615384616
2 0.7175480769230769 0.03485576923076923 0.5637019230769231 0.06971153846153846
2 0.5048076923076923 0.234375 0.009615384615384616 0.07932692307692307
2 0.5396634615384616 0.18509615384615385 0.013221153846153846 0.07211538461538461
2 0.6550480769230769 0.10336538461538461 0.025240384615384616 0.06610576923076923
2 0.6935096153846154 0.1310096153846154 0.018028846153846152 0.04326923076923077
2 0.6947115384615384 0.2247596153846154 0.016826923076923076 0.08533653846153846
2 0.703125 0.16105769230769232 0.025240384615384616 0.06129807692307692
2 0.7283653846153846 0.18990384615384615 0.013221153846153846 0.0829326923076923
2 0.7475961538461539 0.9314903846153846 0.028846153846153848 0.12379807692307693
2 0.7980769230769231 0.8004807692307693 0.02403846153846154 0.13221153846153846
2 0.8016826923076923 0.5552884615384616 0.02403846153846154 0.11177884615384616
2 0.8197115384615384 0.7115384615384616 0.028846153846153848 0.12259615384615384
2 0.8209134615384616 0.5180288461538461 0.020432692307692308 0.11177884615384616
2 0.90625 0.421875 0.13581730769230768 0.3245192307692308
2 0.8846153846153846 0.25600961538461536 0.019230769230769232 0.07451923076923077
2 0.9134615384615384 0.2644230769230769 0.016826923076923076 0.08173076923076923