2 0.051682692307692304 0.6730769230769231 0.06129807692307692 0.10817307692307693
2 0.10096153846153846 0.7920673076923077 0.06971153846153846 0.18629807692307693
2 0.12740384615384615 0.6766826923076923 0.039663461538461536 0.12139423076923077
2 0.13341346153846154 0.8617788461538461 0.051682692307692304 0.18629807692307693
2 0.16346153846153846 0.5865384615384616 0.10697115384615384 0.08774038461538461
2 0.17548076923076922 0.6766826923076923 0.042067307692307696 0.12139423076923077
2 0.19831730769230768 0.7247596153846154 0.051682692307692304 0.18870192307692307
2 0.21394230769230768 0.5901442307692307 0.0625 0.11177884615384616
2 0.26322115384615385 0.6850961538461539 0.07211538461538461 0.20793269230769232
2 0.34134615384615385 0.6009615384615384 0.16826923076923078 0.12139423076923077
2 0.3713942307692308 0.7355769230769231 0.07932692307692307 0.18870192307692307
2 0.4182692307692308 0.7403846153846154 0.056490384615384616 0.20192307692307693
2 0.4375 0.5552884615384616 0.056490384615384616 0.056490384615384616
2 0.45552884615384615 0.7620192307692307 0.08413461538461539 0.21033653846153846
2 0.49158653846153844 0.5384615384615384 0.05889423076923077 0.04927884615384615
2 0.5108173076923077 0.6935096153846154 0.0625 0.109375
2 0.5444711538461539 0.5709134615384616 0.037259615384615384 0.06009615384615385
2 0.5757211538461539 0.6959134615384616 0.07211538461538461 0.1141826923076923
2 0.6730769230769231 0.59375 0.19591346153846154 0.13942307692307693
2 0.6550480769230769 0.7259615384615384 0.08653846153846154 0.18870192307692307
2 0.7319711538461539 0.7259615384615384 0.07692307692307693 0.18870192307692307
2 0.8257211538461539 0.5925480769230769 0.07692307692307693 0.07451923076923077
2 0.8545673076923077 0.6682692307692307 0.08413461538461539 0.11658653846153846
2 0.9014423076923077 0.6117788461538461 0.06129807692307692 0.05889423076923077
2 0.9483173076923077 0.6334134615384616 0.051682692307692304 0.08774038461538461
2 0.9603365384615384 0.5829326923076923 0.056490384615384616 0.09375