2 0.2848557692307692 0.4074519230769231 0.06850961538461539 0.12980769230769232
2 0.33653846153846156 0.4254807692307692 0.06850961538461539 0.11177884615384616
2 0.41225961538461536 0.40024038461538464 0.046875 0.14182692307692307
2 0.4639423076923077 0.3954326923076923 0.054086538461538464 0.15504807692307693
2 0.5300480769230769 0.4014423076923077 0.05889423076923077 0.1622596153846154
2 0.5889423076923077 0.4014423076923077 0.055288461538461536 0.1310096153846154
2 0.6213942307692307 0.4074519230769231 0.04567307692307692 0.12980769230769232
2 0.6911057692307693 0.40024038461538464 0.042067307692307696 0.14543269230769232
2 0.7355769230769231 0.3894230769230769 0.05889423076923077 0.1658653846153846
2 0.7908653846153846 0.4206730769230769 0.038461538461538464 0.09975961538461539
2 0.8377403846153846 0.3858173076923077 0.07211538461538461 0.16706730769230768