2 0.21995192307692307 0.6598557692307693 0.3629807692307692 0.29447115384615385
2 0.10697115384615384 0.6706730769230769 0.01201923076923077 0.04567307692307692
2 0.12620192307692307 0.6802884615384616 0.019230769230769232 0.0733173076923077
2 0.12740384615384615 0.5961538461538461 0.013221153846153846 0.054086538461538464
2 0.13942307692307693 0.5889423076923077 0.010817307692307692 0.027644230769230768
2 0.15144230769230768 0.5913461538461539 0.014423076923076924 0.027644230769230768
2 0.17307692307692307 0.7151442307692307 0.020432692307692308 0.040865384615384616
2 0.18269230769230768 0.7536057692307693 0.025240384615384616 0.08533653846153846
2 0.1971153846153846 0.5132211538461539 0.013221153846153846 0.028846153846153848
2 0.203125 0.5096153846153846 0.006009615384615385 0.028846153846153848
2 0.23557692307692307 0.6778846153846154 0.021634615384615384 0.057692307692307696
2 0.25600961538461536 0.7872596153846154 0.028846153846153848 0.08653846153846154
2 0.2548076923076923 0.6358173076923077 0.014423076923076924 0.06009615384615385
2 0.2668269230769231 0.796875 0.02403846153846154 0.09735576923076923
2 0.2860576923076923 0.6947115384615384 0.021634615384615384 0.08052884615384616
2 0.2932692307692308 0.8449519230769231 0.027644230769230768 0.037259615384615384
2 0.2848557692307692 0.6346153846153846 0.008413461538461538 0.054086538461538464
2 0.29927884615384615 0.9098557692307693 0.036057692307692304 0.109375
2 0.2956730769230769 0.6334134615384616 0.010817307692307692 0.057692307692307696
2 0.30408653846153844 0.7199519230769231 0.021634615384615384 0.0673076923076923
2 0.30649038461538464 0.6394230769230769 0.016826923076923076 0.0673076923076923
2 0.3317307692307692 0.7283653846153846 0.026442307692307692 0.07692307692307693
2 0.33413461538461536 0.6826923076923077 0.018028846153846152 0.04326923076923077
2 0.33774038461538464 0.7608173076923077 0.026442307692307692 0.0733173076923077
2 0.3425480769230769 0.8617788461538461 0.03485576923076923 0.06490384615384616
2 0.33774038461538464 0.5036057692307693 0.008413461538461538 0.036057692307692304
2 0.35096153846153844 0.41466346153846156 0.004807692307692308 0.01201923076923077
2 0.3918269230769231 0.49399038461538464 0.010817307692307692 0.03245192307692308
2 0.40384615384615385 0.4579326923076923 0.013221153846153846 0.025240384615384616
2 0.5673076923076923 0.47836538461538464 0.014423076923076924 0.020432692307692308
2 0.5733173076923077 0.515625 0.013221153846153846 0.038461538461538464
2 0.5769230769230769 0.5 0.009615384615384616 0.020432692307692308
2 0.5805288461538461 0.5228365384615384 0.013221153846153846 0.039663461538461536
2 0.5901442307692307 0.5408653846153846 0.014423076923076924 0.040865384615384616
2 0.5925480769230769 0.5012019230769231 0.009615384615384616 0.02403846153846154
2 0.59375 0.5216346153846154 0.009615384615384616 0.015625
2 0.6057692307692307 0.5877403846153846 0.020432692307692308 0.04927884615384615
2 0.6033653846153846 0.5817307692307693 0.010817307692307692 0.04927884615384615
2 0.6033653846153846 0.5360576923076923 0.009615384615384616 0.037259615384615384
2 0.7247596153846154 0.49038461538461536 0.2512019230769231 0.07451923076923077
2 0.7007211538461539 0.40865384615384615 0.18990384615384615 0.020432692307692308
2 0.6141826923076923 0.5432692307692307 0.009615384615384616 0.037259615384615384
2 0.6947115384615384 0.6466346153846154 0.13581730769230768 0.20552884615384615
2 0.7175480769230769 0.7632211538461539 0.027644230769230768 0.08173076923076923
2 0.7283653846153846 0.7800480769230769 0.018028846153846152 0.08173076923076923
2 0.7512019230769231 0.7800480769230769 0.021634615384615384 0.0889423076923077
2 0.7560096153846154 0.7956730769230769 0.013221153846153846 0.08533653846153846
2 0.7680288461538461 0.7980769230769231 0.021634615384615384 0.109375
2 0.7872596153846154 0.8353365384615384 0.026442307692307692 0.09254807692307693
2 0.7944711538461539 0.6694711538461539 0.014423076923076924 0.04567307692307692
2 0.8028846153846154 0.8713942307692307 0.03365384615384615 0.10096153846153846
2 0.8040865384615384 0.7271634615384616 0.025240384615384616 0.08173076923076923
2 0.8221153846153846 0.9362980769230769 0.036057692307692304 0.12379807692307693
2 0.8209134615384616 0.7355769230769231 0.021634615384615384 0.0889423076923077
2 0.8305288461538461 0.6814903846153846 0.020432692307692308 0.028846153846153848
2 0.8569711538461539 0.9699519230769231 0.02283653846153846 0.056490384615384616
2 0.8762019230769231 0.9771634615384616 0.03245192307692308 0.040865384615384616
2 0.9170673076923077 0.9411057692307693 0.05048076923076923 0.1141826923076923
2 0.9639423076923077 0.9507211538461539 0.04326923076923077 0.09375
2 0.9759615384615384 0.8004807692307693 0.014423076923076924 0.07572115384615384
2 0.9783653846153846 0.8161057692307693 0.016826923076923076 0.06850961538461539
2 0.9927884615384616 0.8173076923076923 0.01201923076923077 0.057692307692307696