2 0.1971153846153846 0.4014423076923077 0.16105769230769232 0.31009615384615385
2 0.1466346153846154 0.6923076923076923 0.04567307692307692 0.15985576923076922
2 0.2644230769230769 0.6995192307692307 0.08774038461538461 0.22956730769230768
2 0.3713942307692308 0.4014423076923077 0.16706730769230768 0.31490384615384615
2 0.3737980769230769 0.6947115384615384 0.06129807692307692 0.20673076923076922
2 0.5456730769230769 0.38822115384615385 0.1622596153846154 0.3016826923076923
2 0.6490384615384616 0.6959134615384616 0.05048076923076923 0.14182692307692307
2 0.7223557692307693 0.3894230769230769 0.17307692307692307 0.30408653846153844
2 0.6959134615384616 0.6802884615384616 0.03125 0.15625
2 0.8221153846153846 0.7055288461538461 0.051682692307692304 0.15264423076923078
2 0.8978365384615384 0.3798076923076923 0.16706730769230768 0.2980769230769231
2 0.8978365384615384 0.6959134615384616 0.042067307692307696 0.14182692307692307