2 0.010817307692307692 0.5564903846153846 0.021634615384615384 0.11177884615384616
2 0.02403846153846154 0.5264423076923077 0.04807692307692308 0.21153846153846154
2 0.08052884615384616 0.40384615384615385 0.14302884615384615 0.03245192307692308
2 0.036057692307692304 0.49158653846153844 0.021634615384615384 0.12740384615384615
2 0.038461538461538464 0.453125 0.009615384615384616 0.07211538461538461
2 0.05889423076923077 0.5012019230769231 0.026442307692307692 0.15865384615384615
2 0.07451923076923077 0.4182692307692308 0.009615384615384616 0.001201923076923077
2 0.09014423076923077 0.49399038461538464 0.03485576923076923 0.14903846153846154
2 0.0829326923076923 0.41586538461538464 0.010817307692307692 0.021634615384615384
2 0.09615384615384616 0.4170673076923077 0.008413461538461538 0.020432692307692308
2 0.10576923076923077 0.4639423076923077 0.027644230769230768 0.10697115384615384
2 0.13341346153846154 0.5204326923076923 0.05048076923076923 0.21754807692307693
2 0.1346153846153846 0.4182692307692308 0.010817307692307692 0.020432692307692308
2 0.16346153846153846 0.5084134615384616 0.04807692307692308 0.22115384615384615
2 0.1466346153846154 0.4170673076923077 0.008413461538461538 0.016826923076923076
2 0.171875 0.42427884615384615 0.010817307692307692 0.026442307692307692
2 0.18509615384615385 0.43028846153846156 0.016826923076923076 0.052884615384615384
2 0.20072115384615385 0.5300480769230769 0.04567307692307692 0.21754807692307693
2 0.2091346153846154 0.0625 0.039663461538461536 0.054086538461538464
2 0.2247596153846154 0.5204326923076923 0.06971153846153846 0.22355769230769232
2 0.1971153846153846 0.39783653846153844 0.008413461538461538 0.01201923076923077
2 0.20673076923076922 0.421875 0.018028846153846152 0.03245192307692308
2 0.20552884615384615 0.3918269230769231 0.009615384615384616 0.018028846153846152
2 0.21514423076923078 0.18870192307692307 0.02283653846153846 0.051682692307692304
2 0.22596153846153846 0.38461538461538464 0.02283653846153846 0.038461538461538464
2 0.2536057692307692 0.4254807692307692 0.042067307692307696 0.0829326923076923
2 0.2848557692307692 0.5625 0.078125 0.2764423076923077
2 0.25721153846153844 0.39783653846153844 0.010817307692307692 0.026442307692307692
2 0.2608173076923077 0.38100961538461536 0.016826923076923076 0.03125
2 0.26802884615384615 0.4098557692307692 0.016826923076923076 0.03485576923076923
2 0.30528846153846156 0.4951923076923077 0.07692307692307693 0.20072115384615385
2 0.2920673076923077 0.40384615384615385 0.03125 0.03245192307692308
2 0.3088942307692308 0.4014423076923077 0.01201923076923077 0.020432692307692308
2 0.3173076923076923 0.4182692307692308 0.016826923076923076 0.021634615384615384
2 0.3293269230769231 0.4987980769230769 0.037259615384615384 0.1466346153846154
2 0.32572115384615385 0.3713942307692308 0.02283653846153846 0.026442307692307692
2 0.3317307692307692 0.4098557692307692 0.018028846153846152 0.02403846153846154
2 0.3401442307692308 0.38341346153846156 0.03125 0.025240384615384616
2 0.3389423076923077 0.5108173076923077 0.014423076923076924 0.20793269230769232
2 0.3449519230769231 0.40384615384615385 0.015625 0.015625
2 0.3557692307692308 0.375 0.021634615384615384 0.057692307692307696
2 0.3762019230769231 0.5384615384615384 0.054086538461538464 0.23557692307692307
2 0.3581730769230769 0.421875 0.014423076923076924 0.027644230769230768
2 0.3629807692307692 0.3737980769230769 0.014423076923076924 0.039663461538461536
2 0.39783653846153844 0.5528846153846154 0.07932692307692307 0.27163461538461536
2 0.38221153846153844 0.4074519230769231 0.03245192307692308 0.02283653846153846
2 0.38822115384615385 0.38341346153846156 0.013221153846153846 0.025240384615384616
2 0.4206730769230769 0.484375 0.055288461538461536 0.15504807692307693
2 0.4014423076923077 0.3954326923076923 0.010817307692307692 0.015625
2 0.41586538461538464 0.40384615384615385 0.008413461538461538 0.015625
2 0.42788461538461536 0.42908653846153844 0.03245192307692308 0.06850961538461539
2 0.46153846153846156 0.5336538461538461 0.051682692307692304 0.2764423076923077
2 0.4495192307692308 0.4182692307692308 0.015625 0.025240384615384616
2 0.4579326923076923 0.3942307692307692 0.015625 0.015625
2 0.4699519230769231 0.390625 0.01201923076923077 0.01201923076923077
2 0.5072115384615384 0.5372596153846154 0.0673076923076923 0.24639423076923078
2 0.49158653846153844 0.4182692307692308 0.025240384615384616 0.04927884615384615
2 0.5048076923076923 0.40024038461538464 0.015625 0.015625
2 0.5252403846153846 0.4831730769230769 0.02403846153846154 0.18028846153846154
2 0.5348557692307693 0.4423076923076923 0.036057692307692304 0.06971153846153846
2 0.5408653846153846 0.41466346153846156 0.026442307692307692 0.06009615384615385
2 0.5673076923076923 0.5673076923076923 0.06610576923076923 0.3269230769230769
2 0.5757211538461539 0.40024038461538464 0.04447115384615385 0.02403846153846154
2 0.5913461538461539 0.47716346153846156 0.03365384615384615 0.15384615384615385
2 0.6069711538461539 0.4362980769230769 0.037259615384615384 0.07932692307692307
2 0.6189903846153846 0.41947115384615385 0.02283653846153846 0.04326923076923077
2 0.6237980769230769 0.43990384615384615 0.02403846153846154 0.03245192307692308
2 0.6502403846153846 0.5528846153846154 0.07451923076923077 0.2776442307692308
2 0.6286057692307693 0.3954326923076923 0.02403846153846154 0.020432692307692308
2 0.6370192307692307 0.41586538461538464 0.014423076923076924 0.020432692307692308
2 0.6778846153846154 0.39903846153846156 0.04807692307692308 0.06009615384615385
2 0.6814903846153846 0.43149038461538464 0.03365384615384615 0.051682692307692304
2 0.7295673076923077 0.578125 0.12860576923076922 0.3485576923076923
2 0.7319711538461539 0.5012019230769231 0.07451923076923077 0.16826923076923078
2 0.7043269230769231 0.39903846153846156 0.015625 0.03245192307692308
2 0.7295673076923077 0.3954326923076923 0.036057692307692304 0.046875
2 0.7307692307692307 0.37740384615384615 0.027644230769230768 0.03125
2 0.7704326923076923 0.5 0.09375 0.24278846153846154
2 0.7764423076923077 0.390625 0.04326923076923077 0.07692307692307693
2 0.8028846153846154 0.41346153846153844 0.0673076923076923 0.21153846153846154
2 0.8245192307692307 0.4050480769230769 0.07692307692307693 0.2512019230769231
2 0.8269230769230769 0.4483173076923077 0.04447115384615385 0.14423076923076922
2 0.8689903846153846 0.5288461538461539 0.09975961538461539 0.234375
2 0.8762019230769231 0.3485576923076923 0.056490384615384616 0.22355769230769232
2 0.8774038461538461 0.49759615384615385 0.05889423076923077 0.265625
2 0.9230769230769231 0.3425480769230769 0.04447115384615385 0.15504807692307693
2 0.9591346153846154 0.5060096153846154 0.07091346153846154 0.29086538461538464
2 0.9879807692307693 0.4735576923076923 0.021634615384615384 0.039663461538461536