2 0.20673076923076922 0.9038461538461539 0.04567307692307692 0.055288461538461536
2 0.22716346153846154 0.8125 0.018028846153846152 0.025240384615384616
2 0.23918269230769232 0.765625 0.028846153846153848 0.0829326923076923
2 0.25600961538461536 0.8786057692307693 0.039663461538461536 0.06610576923076923
2 0.28846153846153844 0.9290865384615384 0.03485576923076923 0.06971153846153846
2 0.359375 0.9471153846153846 0.06009615384615385 0.10336538461538461
2 0.3557692307692308 0.8822115384615384 0.03245192307692308 0.056490384615384616
2 0.49399038461538464 0.765625 0.030048076923076924 0.046875
2 0.4951923076923077 0.96875 0.03485576923076923 0.06129807692307692
2 0.53125 0.8161057692307693 0.040865384615384616 0.06009615384615385
2 0.5336538461538461 0.8990384615384616 0.03245192307692308 0.057692307692307696
2 0.5432692307692307 0.7788461538461539 0.030048076923076924 0.042067307692307696
2 0.6502403846153846 0.7788461538461539 0.027644230769230768 0.09495192307692307
2 0.6742788461538461 0.765625 0.007211538461538462 0.08533653846153846