2 0.7223557692307693 0.3762019230769231 0.0733173076923077 0.31009615384615385
2 0.06370192307692307 0.38341346153846156 0.0829326923076923 0.2704326923076923
2 0.2620192307692308 0.3473557692307692 0.056490384615384616 0.1466346153846154
2 0.44711538461538464 0.3485576923076923 0.08052884615384616 0.21995192307692307
2 0.4987980769230769 0.5060096153846154 0.13822115384615385 0.5504807692307693
2 0.49158653846153844 0.2848557692307692 0.036057692307692304 0.06610576923076923
2 0.7728365384615384 0.3112980769230769 0.055288461538461536 0.18389423076923078
2 0.7980769230769231 0.07932692307692307 0.020432692307692308 0.03125
2 0.8221153846153846 0.3245192307692308 0.04447115384615385 0.15625
2 0.8401442307692307 0.07572115384615384 0.03485576923076923 0.037259615384615384
2 0.8737980769230769 0.06490384615384616 0.02403846153846154 0.0673076923076923