2 0.24879807692307693 0.8125 0.05048076923076923 0.23557692307692307
2 0.21153846153846154 0.7091346153846154 0.027644230769230768 0.05889423076923077
2 0.24158653846153846 0.6959134615384616 0.007211538461538462 0.03125
2 0.25240384615384615 0.6838942307692307 0.008413461538461538 0.02403846153846154
2 0.25961538461538464 0.6887019230769231 0.004807692307692308 0.021634615384615384
2 0.2704326923076923 0.6995192307692307 0.01201923076923077 0.038461538461538464
2 0.3389423076923077 0.7728365384615384 0.056490384615384616 0.21754807692307693
2 0.3870192307692308 0.7800480769230769 0.042067307692307696 0.1971153846153846
2 0.5420673076923077 0.8161057692307693 0.22235576923076922 0.36658653846153844
2 0.8413461538461539 0.6947115384615384 0.008413461538461538 0.03245192307692308
2 0.8521634615384616 0.6959134615384616 0.008413461538461538 0.03125
2 0.8882211538461539 0.7487980769230769 0.037259615384615384 0.16947115384615385
2 0.9014423076923077 0.7584134615384616 0.04927884615384615 0.17067307692307693