2 0.5084134615384616 0.9038461538461539 0.12139423076923077 0.14903846153846154
2 0.5 0.6586538461538461 0.9987980769230769 0.27524038461538464
2 0.0829326923076923 0.8786057692307693 0.140625 0.20673076923076922
2 0.10817307692307693 0.8798076923076923 0.15144230769230768 0.20552884615384615
2 0.19591346153846154 0.8713942307692307 0.06129807692307692 0.09014423076923077
2 0.2848557692307692 0.8557692307692307 0.038461538461538464 0.09134615384615384
2 0.375 0.8713942307692307 0.038461538461538464 0.07692307692307693
2 0.42908653846153844 0.8725961538461539 0.040865384615384616 0.08413461538461539
2 0.578125 0.8725961538461539 0.051682692307692304 0.10096153846153846
2 0.7259615384615384 0.8930288461538461 0.17427884615384615 0.20793269230769232
2 0.7704326923076923 0.8641826923076923 0.06129807692307692 0.10576923076923077
2 0.8497596153846154 0.8798076923076923 0.06129807692307692 0.11538461538461539