2 0.009615384615384616 0.6225961538461539 0.018028846153846152 0.11538461538461539
2 0.028846153846153848 0.9362980769230769 0.056490384615384616 0.12620192307692307
2 0.021634615384615384 0.36538461538461536 0.020432692307692308 0.046875
2 0.036057692307692304 0.8209134615384616 0.037259615384615384 0.1310096153846154
2 0.037259615384615384 0.33653846153846156 0.030048076923076924 0.0829326923076923
2 0.06129807692307692 0.9290865384615384 0.07572115384615384 0.13942307692307693
2 0.04807692307692308 0.5889423076923077 0.038461538461538464 0.11778846153846154
2 0.04927884615384615 0.5204326923076923 0.027644230769230768 0.046875
2 0.056490384615384616 0.23197115384615385 0.02403846153846154 0.08533653846153846
2 0.06610576923076923 0.39783653846153844 0.028846153846153848 0.08173076923076923
2 0.12620192307692307 0.8689903846153846 0.028846153846153848 0.15504807692307693
2 0.125 0.4026442307692308 0.025240384615384616 0.06971153846153846
2 0.1310096153846154 0.6706730769230769 0.027644230769230768 0.13701923076923078
2 0.16466346153846154 0.8497596153846154 0.039663461538461536 0.12620192307692307
2 0.16105769230769232 0.4891826923076923 0.02403846153846154 0.0625
2 0.15865384615384615 0.3798076923076923 0.015625 0.051682692307692304
2 0.17548076923076922 0.38341346153846156 0.021634615384615384 0.04567307692307692
2 0.1971153846153846 0.5036057692307693 0.021634615384615384 0.11298076923076923
2 0.1971153846153846 0.6838942307692307 0.018028846153846152 0.08653846153846154
2 0.20192307692307693 0.6189903846153846 0.028846153846153848 0.06971153846153846
2 0.21875 0.4074519230769231 0.020432692307692308 0.0673076923076923
2 0.23317307692307693 0.12259615384615384 0.025240384615384616 0.07692307692307693
2 0.24278846153846154 0.6598557692307693 0.039663461538461536 0.10216346153846154
2 0.2439903846153846 0.6045673076923077 0.03365384615384615 0.06850961538461539
2 0.2439903846153846 0.32091346153846156 0.014423076923076924 0.028846153846153848
2 0.2536057692307692 0.5072115384615384 0.03125 0.10336538461538461
2 0.25240384615384615 0.40024038461538464 0.016826923076923076 0.07692307692307693
2 0.265625 0.12860576923076922 0.020432692307692308 0.0829326923076923
2 0.2764423076923077 0.46153846153846156 0.02403846153846154 0.09254807692307693
2 0.29447115384615385 0.515625 0.03245192307692308 0.11057692307692307
2 0.29086538461538464 0.33533653846153844 0.018028846153846152 0.03125
2 0.2980769230769231 0.4651442307692308 0.028846153846153848 0.10216346153846154
2 0.2956730769230769 0.37740384615384615 0.015625 0.037259615384615384
2 0.3269230769230769 0.9459134615384616 0.06490384615384616 0.10697115384615384
2 0.30649038461538464 0.3401442307692308 0.014423076923076924 0.039663461538461536
2 0.3293269230769231 0.6141826923076923 0.025240384615384616 0.1346153846153846
2 0.3449519230769231 0.13221153846153846 0.025240384615384616 0.07211538461538461
2 0.35096153846153844 0.4266826923076923 0.027644230769230768 0.0829326923076923
2 0.36899038461538464 0.5528846153846154 0.02403846153846154 0.055288461538461536
2 0.39903846153846156 0.4206730769230769 0.02403846153846154 0.06009615384615385
2 0.4074519230769231 0.5084134615384616 0.03485576923076923 0.10697115384615384
2 0.4170673076923077 0.40625 0.02403846153846154 0.08052884615384616
2 0.4254807692307692 0.5805288461538461 0.030048076923076924 0.11538461538461539
2 0.45552884615384615 0.8798076923076923 0.021634615384615384 0.09375
2 0.484375 0.43028846153846156 0.020432692307692308 0.09495192307692307
2 0.49158653846153844 0.53125 0.026442307692307692 0.12259615384615384
2 0.5180288461538461 0.8088942307692307 0.05048076923076923 0.16346153846153846
2 0.5360576923076923 0.7271634615384616 0.037259615384615384 0.16706730769230768
2 0.5288461538461539 0.4495192307692308 0.020432692307692308 0.09014423076923077
2 0.5420673076923077 0.6057692307692307 0.03485576923076923 0.1346153846153846
2 0.5576923076923077 0.6177884615384616 0.040865384615384616 0.12379807692307693
2 0.5540865384615384 0.44471153846153844 0.018028846153846152 0.09014423076923077
2 0.5901442307692307 0.7259615384615384 0.03365384615384615 0.16466346153846154
2 0.5877403846153846 0.5264423076923077 0.02283653846153846 0.10697115384615384
2 0.6141826923076923 0.13581730769230768 0.036057692307692304 0.1346153846153846
2 0.6201923076923077 0.9663461538461539 0.03485576923076923 0.06610576923076923
2 0.6514423076923077 0.6802884615384616 0.040865384615384616 0.14302884615384615
2 0.6502403846153846 0.47596153846153844 0.03365384615384615 0.06009615384615385
2 0.6442307692307693 0.5108173076923077 0.020432692307692308 0.06971153846153846
2 0.6682692307692307 0.7391826923076923 0.052884615384615384 0.15504807692307693
2 0.6814903846153846 0.13942307692307693 0.042067307692307696 0.13221153846153846
2 0.6730769230769231 0.4543269230769231 0.019230769230769232 0.0829326923076923
2 0.6778846153846154 0.46634615384615385 0.027644230769230768 0.04447115384615385
2 0.6971153846153846 0.6802884615384616 0.02283653846153846 0.1346153846153846
2 0.7475961538461539 0.8942307692307693 0.07091346153846154 0.12620192307692307
2 0.7415865384615384 0.6045673076923077 0.038461538461538464 0.10817307692307693
2 0.7439903846153846 0.49759615384615385 0.025240384615384616 0.0673076923076923
2 0.7536057692307693 0.14903846153846154 0.037259615384615384 0.12379807692307693
2 0.7620192307692307 0.6009615384615384 0.03125 0.0829326923076923
2 0.7764423076923077 0.9675480769230769 0.04927884615384615 0.0625
2 0.7668269230769231 0.48677884615384615 0.026442307692307692 0.05048076923076923
2 0.7836538461538461 0.6838942307692307 0.03485576923076923 0.14783653846153846
2 0.7896634615384616 0.13822115384615385 0.03245192307692308 0.15985576923076922
2 0.7944711538461539 0.49278846153846156 0.03245192307692308 0.051682692307692304
2 0.8052884615384616 0.5901442307692307 0.030048076923076924 0.12379807692307693
2 0.8269230769230769 0.1502403846153846 0.042067307692307696 0.14182692307692307
2 0.8461538461538461 0.9399038461538461 0.07091346153846154 0.11899038461538461
2 0.8377403846153846 0.5168269230769231 0.037259615384615384 0.07572115384615384
2 0.8689903846153846 0.5745192307692307 0.028846153846153848 0.056490384615384616
2 0.8834134615384616 0.47716346153846156 0.030048076923076924 0.03485576923076923
2 0.8870192307692307 0.609375 0.036057692307692304 0.07692307692307693
2 0.8846153846153846 0.5036057692307693 0.026442307692307692 0.05048076923076923
2 0.8822115384615384 0.5552884615384616 0.019230769230769232 0.046875
2 0.921875 0.7980769230769231 0.051682692307692304 0.171875
2 0.9158653846153846 0.5528846153846154 0.028846153846153848 0.06129807692307692
2 0.9387019230769231 0.8533653846153846 0.06370192307692307 0.21153846153846154
2 0.9447115384615384 0.5480769230769231 0.02403846153846154 0.06009615384615385
2 0.953125 0.5420673076923077 0.03245192307692308 0.0889423076923077
2 0.9651442307692307 0.7439903846153846 0.039663461538461536 0.11298076923076923
2 0.9795673076923077 0.7271634615384616 0.015625 0.11778846153846154
2 0.9855769230769231 0.5841346153846154 0.027644230769230768 0.052884615384615384