2 0.48197115384615385 0.6298076923076923 0.038461538461538464 0.19471153846153846
2 0.5324519230769231 0.6129807692307693 0.020432692307692308 0.15384615384615385
2 0.5588942307692307 0.6382211538461539 0.04326923076923077 0.15985576923076922
2 0.5673076923076923 0.5432692307692307 0.020432692307692308 0.04447115384615385
2 0.5841346153846154 0.4795673076923077 0.020432692307692308 0.03245192307692308
2 0.5913461538461539 0.5733173076923077 0.019230769230769232 0.06610576923076923
2 0.5949519230769231 0.5048076923076923 0.016826923076923076 0.04567307692307692
2 0.6862980769230769 0.7127403846153846 0.018028846153846152 0.055288461538461536
2 0.7319711538461539 0.6490384615384616 0.018028846153846152 0.0829326923076923
2 0.7992788461538461 0.6382211538461539 0.10817307692307693 0.0673076923076923
2 0.8125 0.7091346153846154 0.013221153846153846 0.06129807692307692
2 0.8293269230769231 0.6598557692307693 0.019230769230769232 0.06009615384615385