2 0.42908653846153844 0.8004807692307693 0.052884615384615384 0.17307692307692307
2 0.24519230769230768 0.84375 0.04326923076923077 0.11778846153846154
2 0.4423076923076923 0.5769230769230769 0.02283653846153846 0.038461538461538464
2 0.4423076923076923 0.5600961538461539 0.016826923076923076 0.057692307692307696
2 0.44350961538461536 0.1658653846153846 0.014423076923076924 0.019230769230769232
2 0.5036057692307693 0.671875 0.030048076923076924 0.13942307692307693
2 0.5240384615384616 0.47596153846153844 0.013221153846153846 0.027644230769230768
2 0.5372596153846154 0.6574519230769231 0.03365384615384615 0.1045673076923077
2 0.5324519230769231 0.4831730769230769 0.016826923076923076 0.030048076923076924
2 0.5480769230769231 0.47836538461538464 0.014423076923076924 0.02403846153846154
2 0.6358173076923077 0.6502403846153846 0.028846153846153848 0.0733173076923077