2 0.18870192307692307 0.6490384615384616 0.08052884615384616 0.2776442307692308
2 0.4723557692307692 0.9038461538461539 0.9447115384615384 0.19110576923076922
2 0.2956730769230769 0.6358173076923077 0.038461538461538464 0.07932692307692307
2 0.3425480769230769 0.6310096153846154 0.05048076923076923 0.07692307692307693
2 0.3737980769230769 0.625 0.040865384615384616 0.0733173076923077
2 0.3954326923076923 0.6213942307692307 0.02403846153846154 0.04927884615384615
2 0.45913461538461536 0.31850961538461536 0.037259615384615384 0.19230769230769232
2 0.48677884615384615 0.6706730769230769 0.0829326923076923 0.15144230769230768
2 0.5120192307692307 0.6033653846153846 0.08173076923076923 0.26802884615384615
2 0.5805288461538461 0.6610576923076923 0.057692307692307696 0.11778846153846154
2 0.6442307692307693 0.5625 0.12980769230769232 0.359375
2 0.7572115384615384 0.6658653846153846 0.05048076923076923 0.1346153846153846
2 0.7872596153846154 0.671875 0.08413461538461539 0.16826923076923078
2 0.8665865384615384 0.6069711538461539 0.09014423076923077 0.29927884615384615