2 0.007211538461538462 0.6983173076923077 0.014423076923076924 0.05048076923076923
2 0.06490384615384616 0.8569711538461539 0.12980769230769232 0.13942307692307693
2 0.014423076923076924 0.7007211538461539 0.018028846153846152 0.042067307692307696
2 0.025240384615384616 0.6947115384615384 0.009615384615384616 0.04567307692307692
2 0.0733173076923077 0.6923076923076923 0.07692307692307693 0.04447115384615385
2 0.0673076923076923 0.6971153846153846 0.018028846153846152 0.04567307692307692
2 0.10576923076923077 0.7896634615384616 0.08052884615384616 0.17067307692307693
2 0.1045673076923077 0.7079326923076923 0.014423076923076924 0.052884615384615384
2 0.11658653846153846 0.7103365384615384 0.018028846153846152 0.08052884615384616
2 0.15745192307692307 0.7319711538461539 0.051682692307692304 0.12860576923076922
2 0.17067307692307693 0.6887019230769231 0.051682692307692304 0.12139423076923077
2 0.19471153846153846 0.6646634615384616 0.037259615384615384 0.09375
2 0.21394230769230768 0.7043269230769231 0.009615384615384616 0.054086538461538464
2 0.23197115384615385 0.7019230769230769 0.014423076923076924 0.06370192307692307
2 0.2536057692307692 0.6983173076923077 0.013221153846153846 0.057692307692307696
2 0.28365384615384615 0.6983173076923077 0.016826923076923076 0.07091346153846154
2 0.2932692307692308 0.7055288461538461 0.016826923076923076 0.07932692307692307
2 0.31490384615384615 0.7331730769230769 0.054086538461538464 0.057692307692307696
2 0.30649038461538464 0.6923076923076923 0.013221153846153846 0.042067307692307696
2 0.3425480769230769 0.6923076923076923 0.016826923076923076 0.038461538461538464
2 0.35096153846153844 0.703125 0.018028846153846152 0.07932692307692307
2 0.37259615384615385 0.7007211538461539 0.016826923076923076 0.04927884615384615
2 0.37740384615384615 0.6814903846153846 0.014423076923076924 0.016826923076923076
2 0.38461538461538464 0.6971153846153846 0.016826923076923076 0.04927884615384615
2 0.3918269230769231 0.6875 0.020432692307692308 0.03125
2 0.4423076923076923 0.7415865384615384 0.0985576923076923 0.051682692307692304
2 0.41586538461538464 0.6911057692307693 0.030048076923076924 0.03485576923076923
2 0.43149038461538464 0.6754807692307693 0.010817307692307692 0.02283653846153846
2 0.4387019230769231 0.6971153846153846 0.018028846153846152 0.04567307692307692
2 0.46634615384615385 0.7139423076923077 0.018028846153846152 0.10336538461538461
2 0.47716346153846156 0.6923076923076923 0.01201923076923077 0.04447115384615385
2 0.4855769230769231 0.6911057692307693 0.018028846153846152 0.04567307692307692
2 0.4951923076923077 0.703125 0.018028846153846152 0.06009615384615385
2 0.5060096153846154 0.7019230769230769 0.025240384615384616 0.0673076923076923
2 0.5264423076923077 0.6899038461538461 0.026442307692307692 0.04447115384615385
2 0.5576923076923077 0.6923076923076923 0.015625 0.057692307692307696
2 0.5721153846153846 0.6875 0.008413461538461538 0.038461538461538464
2 0.5769230769230769 0.6875 0.013221153846153846 0.054086538461538464
2 0.6009615384615384 0.7824519230769231 0.04927884615384615 0.06370192307692307
2 0.5949519230769231 0.6838942307692307 0.028846153846153848 0.037259615384615384
2 0.59375 0.7055288461538461 0.014423076923076924 0.06370192307692307
2 0.5961538461538461 0.7584134615384616 0.015625 0.027644230769230768
2 0.6189903846153846 0.6887019230769231 0.009615384615384616 0.037259615384615384
2 0.6310096153846154 0.7512019230769231 0.02403846153846154 0.140625
2 0.6370192307692307 0.6838942307692307 0.027644230769230768 0.040865384615384616
2 0.65625 0.6802884615384616 0.01201923076923077 0.03245192307692308
2 0.6634615384615384 0.6766826923076923 0.009615384615384616 0.03245192307692308
2 0.6682692307692307 0.6911057692307693 0.010817307692307692 0.042067307692307696
2 0.6730769230769231 0.6850961538461539 0.010817307692307692 0.038461538461538464
2 0.6778846153846154 0.6850961538461539 0.010817307692307692 0.03485576923076923
2 0.6923076923076923 0.7644230769230769 0.030048076923076924 0.0889423076923077
2 0.6826923076923077 0.6850961538461539 0.007211538461538462 0.027644230769230768
2 0.7103365384615384 0.6887019230769231 0.01201923076923077 0.04447115384615385
2 0.7139423076923077 0.6862980769230769 0.013221153846153846 0.040865384615384616
2 0.7283653846153846 0.7175480769230769 0.01201923076923077 0.07692307692307693
2 0.7367788461538461 0.7115384615384616 0.010817307692307692 0.07932692307692307
2 0.7512019230769231 0.7007211538461539 0.01201923076923077 0.057692307692307696
2 0.7584134615384616 0.6730769230769231 0.014423076923076924 0.020432692307692308
2 0.7668269230769231 0.6959134615384616 0.019230769230769232 0.055288461538461536
2 0.7824519230769231 0.71875 0.019230769230769232 0.07091346153846154
2 0.8713942307692307 0.6971153846153846 0.009615384615384616 0.019230769230769232
2 0.8834134615384616 0.7223557692307693 0.016826923076923076 0.07932692307692307
2 0.9050480769230769 0.7475961538461539 0.055288461538461536 0.16706730769230768
2 0.9507211538461539 0.7415865384615384 0.04447115384615385 0.16947115384615385