2 0.019230769230769232 0.5528846153846154 0.038461538461538464 0.27283653846153844
2 0.08173076923076923 0.5276442307692307 0.08653846153846154 0.16706730769230768
2 0.16706730769230768 0.5264423076923077 0.06850961538461539 0.24759615384615385
2 0.18269230769230768 0.6370192307692307 0.08173076923076923 0.33533653846153844
2 0.33774038461538464 0.4723557692307692 0.17307692307692307 0.17908653846153846
2 0.3245192307692308 0.5060096153846154 0.06610576923076923 0.17908653846153846
2 0.3786057692307692 0.6298076923076923 0.109375 0.4098557692307692
2 0.6983173076923077 0.4831730769230769 0.15264423076923078 0.19591346153846154
2 0.6995192307692307 0.5516826923076923 0.0733173076923077 0.3329326923076923
2 0.9555288461538461 0.5036057692307693 0.026442307692307692 0.17307692307692307
2 0.9855769230769231 0.5024038461538461 0.025240384615384616 0.17067307692307693