2 0.4266826923076923 0.5180288461538461 0.051682692307692304 0.16706730769230768
2 0.020432692307692308 0.4050480769230769 0.03245192307692308 0.08533653846153846
2 0.03125 0.5132211538461539 0.030048076923076924 0.1310096153846154
2 0.055288461538461536 0.6382211538461539 0.06490384615384616 0.0829326923076923
2 0.10216346153846154 0.5721153846153846 0.038461538461538464 0.1346153846153846
2 0.12980769230769232 0.5288461538461539 0.037259615384615384 0.12860576923076922
2 0.15504807692307693 0.6370192307692307 0.051682692307692304 0.07451923076923077
2 0.1622596153846154 0.5300480769230769 0.055288461538461536 0.15985576923076922
2 0.17427884615384615 0.7163461538461539 0.06490384615384616 0.09375
2 0.2644230769230769 0.5252403846153846 0.11899038461538461 0.18509615384615385
2 0.2704326923076923 0.6875 0.052884615384615384 0.22716346153846154
2 0.38461538461538464 0.5096153846153846 0.051682692307692304 0.17427884615384615
2 0.40384615384615385 0.6394230769230769 0.051682692307692304 0.09615384615384616
2 0.5637019230769231 0.5540865384615384 0.18389423076923078 0.2536057692307692
2 0.5360576923076923 0.6923076923076923 0.07091346153846154 0.23557692307692307
2 0.6129807692307693 0.6850961538461539 0.09134615384615384 0.2536057692307692
2 0.8449519230769231 0.5360576923076923 0.30528846153846156 0.2403846153846154
2 0.7548076923076923 0.734375 0.051682692307692304 0.14783653846153846