2 0.08413461538461539 0.6334134615384616 0.09375 0.13701923076923078
2 0.17668269230769232 0.6598557692307693 0.12980769230769232 0.13581730769230768
2 0.22355769230769232 0.6502403846153846 0.025240384615384616 0.04447115384615385
2 0.25240384615384615 0.65625 0.02403846153846154 0.06009615384615385
2 0.3737980769230769 0.6682692307692307 0.021634615384615384 0.09375
2 0.7007211538461539 0.6911057692307693 0.036057692307692304 0.10216346153846154
2 0.8485576923076923 0.7079326923076923 0.016826923076923076 0.042067307692307696
2 0.8629807692307693 0.7103365384615384 0.01201923076923077 0.037259615384615384
2 0.8774038461538461 0.7367788461538461 0.037259615384615384 0.04326923076923077
2 0.9338942307692307 0.7259615384615384 0.01201923076923077 0.042067307692307696
2 0.9627403846153846 0.75 0.028846153846153848 0.03365384615384615