2 0.037259615384615384 0.45072115384615385 0.07451923076923077 0.5168269230769231
2 0.10817307692307693 0.32211538461538464 0.06009615384615385 0.14182692307692307
2 0.19110576923076922 0.4170673076923077 0.11899038461538461 0.41586538461538464
2 0.4098557692307692 0.43149038461538464 0.125 0.4423076923076923
2 0.49759615384615385 0.3245192307692308 0.03485576923076923 0.1778846153846154
2 0.5168269230769231 0.2956730769230769 0.04927884615384615 0.15985576923076922
2 0.59375 0.3233173076923077 0.052884615384615384 0.12259615384615384
2 0.6862980769230769 0.3269230769230769 0.040865384615384616 0.1622596153846154
2 0.7319711538461539 0.33774038461538464 0.056490384615384616 0.15384615384615385
2 0.7932692307692307 0.34975961538461536 0.056490384615384616 0.21514423076923078
2 0.8725961538461539 0.3557692307692308 0.0625 0.2283653846153846
2 0.9278846153846154 0.3485576923076923 0.06850961538461539 0.20192307692307693
2 0.9807692307692307 0.3605769230769231 0.03125 0.10576923076923077