2 0.8245192307692307 0.7740384615384616 0.1466346153846154 0.3269230769230769
2 0.025240384615384616 0.6322115384615384 0.05048076923076923 0.27884615384615385
2 0.15264423076923078 0.6454326923076923 0.12860576923076922 0.14783653846153846
2 0.10216346153846154 0.5504807692307693 0.019230769230769232 0.06129807692307692
2 0.2692307692307692 0.5769230769230769 0.05048076923076923 0.07572115384615384
2 0.33413461538461536 0.5216346153846154 0.13221153846153846 0.11658653846153846
2 0.39903846153846156 0.5444711538461539 0.02283653846153846 0.05889423076923077
2 0.42788461538461536 0.5649038461538461 0.025240384615384616 0.042067307692307696
2 0.45072115384615385 0.6081730769230769 0.06370192307692307 0.1141826923076923
2 0.43509615384615385 0.4795673076923077 0.013221153846153846 0.051682692307692304
2 0.4483173076923077 0.5408653846153846 0.020432692307692308 0.018028846153846152
2 0.5072115384615384 0.5733173076923077 0.051682692307692304 0.0829326923076923
2 0.5144230769230769 0.4807692307692308 0.014423076923076924 0.037259615384615384
2 0.7632211538461539 0.6766826923076923 0.4723557692307692 0.49038461538461536
2 0.5865384615384616 0.5612980769230769 0.046875 0.06610576923076923
2 0.609375 0.5528846153846154 0.03125 0.037259615384615384
2 0.6911057692307693 0.6009615384615384 0.08052884615384616 0.09014423076923077