2 0.04927884615384615 0.9362980769230769 0.0985576923076923 0.125
2 0.02283653846153846 0.7740384615384616 0.03125 0.1201923076923077
2 0.11899038461538461 0.7307692307692307 0.2247596153846154 0.20192307692307693
2 0.051682692307692304 0.8209134615384616 0.021634615384615384 0.09735576923076923
2 0.1141826923076923 0.84375 0.10697115384615384 0.1141826923076923
2 0.2247596153846154 0.5829326923076923 0.16105769230769232 0.18269230769230768
2 0.20673076923076922 0.8846153846153846 0.06490384615384616 0.08653846153846154
2 0.23798076923076922 0.5144230769230769 0.0829326923076923 0.11658653846153846
2 0.23798076923076922 0.9158653846153846 0.055288461538461536 0.10336538461538461
2 0.3870192307692308 0.8197115384615384 0.31490384615384615 0.1622596153846154
2 0.29447115384615385 0.9086538461538461 0.04927884615384615 0.11538461538461539
2 0.4362980769230769 0.7439903846153846 0.2932692307692308 0.1346153846153846
2 0.3473557692307692 0.9230769230769231 0.056490384615384616 0.09375
2 0.44350961538461536 0.6682692307692307 0.23557692307692307 0.11778846153846154
2 0.4651442307692308 0.4182692307692308 0.2439903846153846 0.1971153846153846
2 0.40865384615384615 0.9158653846153846 0.0829326923076923 0.1622596153846154
2 0.5240384615384616 0.9483173076923077 0.051682692307692304 0.10216346153846154
2 0.5709134615384616 0.8221153846153846 0.04447115384615385 0.1045673076923077
2 0.59375 0.9098557692307693 0.054086538461538464 0.09495192307692307
2 0.765625 0.6658653846153846 0.05048076923076923 0.20192307692307693
2 0.7872596153846154 0.8798076923076923 0.07572115384615384 0.23918269230769232