2 0.05048076923076923 0.15384615384615385 0.025240384615384616 0.055288461538461536
2 0.0829326923076923 0.18870192307692307 0.039663461538461536 0.15865384615384615
2 0.1201923076923077 0.14182692307692307 0.014423076923076924 0.03245192307692308
2 0.15384615384615385 0.14543269230769232 0.051682692307692304 0.06370192307692307
2 0.32572115384615385 0.15985576923076922 0.015625 0.042067307692307696
2 0.34615384615384615 0.15625 0.03365384615384615 0.06009615384615385
2 0.38221153846153844 0.1622596153846154 0.036057692307692304 0.08413461538461539
2 0.421875 0.18028846153846154 0.019230769230769232 0.0889423076923077
2 0.44711538461538464 0.18509615384615385 0.026442307692307692 0.12259615384615384
2 0.47836538461538464 0.15985576923076922 0.027644230769230768 0.10336538461538461
2 0.9447115384615384 0.18629807692307693 0.04326923076923077 0.09615384615384616
2 0.9567307692307693 0.14302884615384615 0.056490384615384616 0.171875