2 0.6165865384615384 0.6802884615384616 0.08533653846153846 0.0985576923076923
2 0.6310096153846154 0.7079326923076923 0.040865384615384616 0.055288461538461536
2 0.7091346153846154 0.7223557692307693 0.07451923076923077 0.18389423076923078
2 0.6862980769230769 0.7019230769230769 0.02403846153846154 0.046875
2 0.7127403846153846 0.5228365384615384 0.04326923076923077 0.04326923076923077
2 0.7331730769230769 0.5817307692307693 0.06490384615384616 0.0829326923076923
2 0.7463942307692307 0.5228365384615384 0.03125 0.046875
2 0.7644230769230769 0.6418269230769231 0.03485576923076923 0.06009615384615385
2 0.7716346153846154 0.5228365384615384 0.02283653846153846 0.039663461538461536
2 0.7740384615384616 0.5973557692307693 0.026442307692307692 0.03125
2 0.7860576923076923 0.5661057692307693 0.040865384615384616 0.06009615384615385
2 0.8028846153846154 0.5144230769230769 0.037259615384615384 0.04447115384615385
2 0.8233173076923077 0.6370192307692307 0.0673076923076923 0.09615384615384616
2 0.8353365384615384 0.5600961538461539 0.056490384615384616 0.08052884615384616
2 0.8882211538461539 0.5204326923076923 0.020432692307692308 0.04326923076923077
2 0.9206730769230769 0.5252403846153846 0.027644230769230768 0.11538461538461539