2 0.6766826923076923 0.5769230769230769 0.06850961538461539 0.3161057692307692
2 0.11177884615384616 0.43509615384615385 0.04447115384615385 0.22235576923076922
2 0.1778846153846154 0.4230769230769231 0.052884615384615384 0.22355769230769232
2 0.2247596153846154 0.32572115384615385 0.04326923076923077 0.17067307692307693
2 0.23557692307692307 0.38341346153846156 0.06610576923076923 0.21394230769230768
2 0.28966346153846156 0.3641826923076923 0.08413461538461539 0.2620192307692308
2 0.33774038461538464 0.39783653846153844 0.06850961538461539 0.1935096153846154
2 0.38221153846153844 0.4110576923076923 0.04326923076923077 0.17067307692307693
2 0.43149038461538464 0.42788461538461536 0.051682692307692304 0.11298076923076923
2 0.4543269230769231 0.5769230769230769 0.0733173076923077 0.30528846153846156
2 0.4639423076923077 0.3641826923076923 0.02403846153846154 0.04807692307692308
2 0.5192307692307693 0.5697115384615384 0.07932692307692307 0.3112980769230769
2 0.5673076923076923 0.5360576923076923 0.04567307692307692 0.21394230769230768
2 0.6141826923076923 0.5384615384615384 0.06129807692307692 0.21394230769230768
2 0.7512019230769231 0.4987980769230769 0.04927884615384615 0.13221153846153846