2 0.08173076923076923 0.9026442307692307 0.09615384615384616 0.15144230769230768
2 0.3894230769230769 0.9302884615384616 0.04927884615384615 0.13822115384615385
2 0.5661057692307693 0.9350961538461539 0.05048076923076923 0.125
2 0.6033653846153846 0.9350961538461539 0.040865384615384616 0.12860576923076922
2 0.6418269230769231 0.9350961538461539 0.04326923076923077 0.125
2 0.6923076923076923 0.9302884615384616 0.08413461538461539 0.13822115384615385
2 0.7776442307692307 0.9350961538461539 0.06370192307692307 0.12860576923076922
2 0.8677884615384616 0.9375 0.0733173076923077 0.12379807692307693
2 0.9134615384615384 0.9591346153846154 0.08533653846153846 0.08052884615384616
2 0.9519230769230769 0.9266826923076923 0.09134615384615384 0.14182692307692307
2 0.9747596153846154 0.9242788461538461 0.04807692307692308 0.1502403846153846