2 0.10697115384615384 0.7223557692307693 0.08774038461538461 0.5108173076923077
2 0.1935096153846154 0.7283653846153846 0.09014423076923077 0.46875
2 0.265625 0.7211538461538461 0.08413461538461539 0.44591346153846156
2 0.3317307692307692 0.7139423076923077 0.07451923076923077 0.46033653846153844
2 0.39783653846153844 0.7295673076923077 0.09134615384615384 0.4735576923076923
2 0.43149038461538464 0.6237980769230769 0.052884615384615384 0.26322115384615385
2 0.4807692307692308 0.7355769230769231 0.09014423076923077 0.47716346153846156
2 0.5697115384615384 0.7439903846153846 0.10216346153846154 0.46634615384615385
2 0.6021634615384616 0.5661057692307693 0.04447115384615385 0.15865384615384615
2 0.65625 0.7451923076923077 0.09134615384615384 0.4519230769230769
2 0.7151442307692307 0.7307692307692307 0.07692307692307693 0.4567307692307692
2 0.7680288461538461 0.7427884615384616 0.08413461538461539 0.44711538461538464
2 0.7920673076923077 0.5612980769230769 0.05889423076923077 0.12620192307692307
2 0.7932692307692307 0.7091346153846154 0.06009615384615385 0.4254807692307692
2 0.8353365384615384 0.7475961538461539 0.0889423076923077 0.4807692307692308