2 0.09254807692307693 0.7259615384615384 0.07211538461538461 0.3233173076923077
2 0.15985576923076922 0.6009615384615384 0.051682692307692304 0.26322115384615385
2 0.17548076923076922 0.6237980769230769 0.057692307692307696 0.17548076923076922
2 0.19831730769230768 0.7728365384615384 0.08052884615384616 0.32572115384615385
2 0.19230769230769232 0.4375 0.04807692307692308 0.1935096153846154
2 0.22716346153846154 0.5264423076923077 0.04927884615384615 0.21995192307692307
2 0.2512019230769231 0.41466346153846156 0.040865384615384616 0.1622596153846154
2 0.27884615384615385 0.7367788461538461 0.0829326923076923 0.35096153846153844
2 0.2848557692307692 0.5072115384615384 0.052884615384615384 0.20432692307692307
2 0.2800480769230769 0.30528846153846156 0.03365384615384615 0.14783653846153846
2 0.3016826923076923 0.328125 0.038461538461538464 0.12620192307692307
2 0.3173076923076923 0.40625 0.042067307692307696 0.16466346153846154
2 0.3485576923076923 0.7848557692307693 0.09134615384615384 0.3076923076923077
2 0.34375 0.2776442307692308 0.036057692307692304 0.18870192307692307
2 0.36538461538461536 0.6117788461538461 0.051682692307692304 0.21875
2 0.3629807692307692 0.3473557692307692 0.03245192307692308 0.10216346153846154
2 0.3786057692307692 0.42908653846153844 0.052884615384615384 0.11298076923076923
2 0.38221153846153844 0.36177884615384615 0.026442307692307692 0.0625
2 0.40865384615384615 0.765625 0.0625 0.34615384615384615
2 0.39663461538461536 0.28846153846153844 0.037259615384615384 0.21033653846153846
2 0.44471153846153844 0.3581730769230769 0.037259615384615384 0.18629807692307693
2 0.4579326923076923 0.4411057692307692 0.06009615384615385 0.15384615384615385
2 0.4579326923076923 0.5300480769230769 0.04567307692307692 0.18870192307692307
2 0.4675480769230769 0.7692307692307693 0.06009615384615385 0.359375
2 0.4579326923076923 0.25841346153846156 0.038461538461538464 0.15985576923076922
2 0.5 0.25961538461538464 0.036057692307692304 0.12379807692307693
2 0.5096153846153846 0.4098557692307692 0.051682692307692304 0.20673076923076922
2 0.5252403846153846 0.7860576923076923 0.06129807692307692 0.31009615384615385
2 0.5180288461538461 0.5625 0.04567307692307692 0.14783653846153846
2 0.5336538461538461 0.3293269230769231 0.04927884615384615 0.19591346153846154
2 0.5600961538461539 0.47716346153846156 0.030048076923076924 0.21514423076923078
2 0.5961538461538461 0.7692307692307693 0.0673076923076923 0.3641826923076923
2 0.5925480769230769 0.265625 0.038461538461538464 0.13581730769230768
2 0.6057692307692307 0.5024038461538461 0.057692307692307696 0.20793269230769232
2 0.5949519230769231 0.35216346153846156 0.03365384615384615 0.17908653846153846
2 0.6490384615384616 0.36658653846153844 0.04447115384615385 0.2283653846153846
2 0.6550480769230769 0.640625 0.04927884615384615 0.2956730769230769
2 0.6622596153846154 0.2536057692307692 0.054086538461538464 0.140625
2 0.6754807692307693 0.7584134615384616 0.07091346153846154 0.38100961538461536
2 0.6790865384615384 0.5252403846153846 0.052884615384615384 0.17067307692307693
2 0.6887019230769231 0.41586538461538464 0.040865384615384616 0.21394230769230768
2 0.7463942307692307 0.7367788461538461 0.07091346153846154 0.32091346153846156
2 0.7536057692307693 0.4423076923076923 0.06971153846153846 0.18870192307692307
2 0.7451923076923077 0.5192307692307693 0.04927884615384615 0.13581730769230768
2 0.7427884615384616 0.27163461538461536 0.038461538461538464 0.13822115384615385
2 0.7908653846153846 0.32572115384615385 0.055288461538461536 0.17427884615384615
2 0.8209134615384616 0.49399038461538464 0.07211538461538461 0.2512019230769231
2 0.8245192307692307 0.7427884615384616 0.06129807692307692 0.3245192307692308
2 0.8413461538461539 0.2800480769230769 0.055288461538461536 0.17548076923076922
2 0.8557692307692307 0.35697115384615385 0.04447115384615385 0.22115384615384615
2 0.8990384615384616 0.7247596153846154 0.11177884615384616 0.4182692307692308
2 0.8713942307692307 0.5552884615384616 0.039663461538461536 0.1622596153846154
2 0.8822115384615384 0.42427884615384615 0.04326923076923077 0.19591346153846154