2 0.17067307692307693 0.6947115384615384 0.08052884615384616 0.3485576923076923
2 0.09134615384615384 0.4519230769230769 0.019230769230769232 0.03125
2 0.09375 0.47475961538461536 0.02283653846153846 0.052884615384615384
2 0.09375 0.6754807692307693 0.019230769230769232 0.24519230769230768
2 0.12740384615384615 0.5276442307692307 0.04567307692307692 0.11298076923076923
2 0.14182692307692307 0.4795673076923077 0.020432692307692308 0.04807692307692308
2 0.15384615384615385 0.46153846153846156 0.019230769230769232 0.030048076923076924
2 0.1658653846153846 0.49158653846153844 0.030048076923076924 0.0673076923076923
2 0.16826923076923078 0.45552884615384615 0.008413461538461538 0.020432692307692308
2 0.18389423076923078 0.4483173076923077 0.019230769230769232 0.019230769230769232
2 0.18389423076923078 0.47836538461538464 0.019230769230769232 0.036057692307692304
2 0.21033653846153846 0.5084134615384616 0.025240384615384616 0.04567307692307692
2 0.2127403846153846 0.4831730769230769 0.018028846153846152 0.03125
2 0.2536057692307692 0.6658653846153846 0.0829326923076923 0.22115384615384615
2 0.22596153846153846 0.5324519230769231 0.016826923076923076 0.052884615384615384
2 0.24519230769230768 0.5144230769230769 0.01201923076923077 0.036057692307692304
2 0.27403846153846156 0.5252403846153846 0.040865384615384616 0.14302884615384615
2 0.31490384615384615 0.5709134615384616 0.038461538461538464 0.12259615384615384
2 0.31009615384615385 0.4639423076923077 0.02403846153846154 0.02283653846153846
2 0.3233173076923077 0.49158653846153844 0.020432692307692308 0.04447115384615385
2 0.3641826923076923 0.6658653846153846 0.08653846153846154 0.21514423076923078
2 0.3317307692307692 0.47115384615384615 0.018028846153846152 0.03125
2 0.3389423076923077 0.5228365384615384 0.025240384615384616 0.06129807692307692
2 0.3557692307692308 0.4951923076923077 0.02403846153846154 0.06370192307692307
2 0.3870192307692308 0.5600961538461539 0.05889423076923077 0.1045673076923077
2 0.3762019230769231 0.4735576923076923 0.018028846153846152 0.038461538461538464
2 0.3870192307692308 0.4987980769230769 0.025240384615384616 0.04927884615384615
2 0.4182692307692308 0.47836538461538464 0.026442307692307692 0.0625
2 0.4326923076923077 0.53125 0.037259615384615384 0.08413461538461539
2 0.453125 0.6057692307692307 0.057692307692307696 0.15745192307692307
2 0.4543269230769231 0.49158653846153844 0.02403846153846154 0.038461538461538464
2 0.46153846153846156 0.4735576923076923 0.020432692307692308 0.038461538461538464
2 0.4795673076923077 0.5324519230769231 0.052884615384615384 0.057692307692307696
2 0.4855769230769231 0.5661057692307693 0.05889423076923077 0.08774038461538461
2 0.5012019230769231 0.4891826923076923 0.030048076923076924 0.06370192307692307
2 0.5348557692307693 0.6586538461538461 0.0889423076923077 0.19831730769230768
2 0.5384615384615384 0.5204326923076923 0.04326923076923077 0.0985576923076923
2 0.5829326923076923 0.5793269230769231 0.08413461538461539 0.12980769230769232
2 0.5661057692307693 0.49038461538461536 0.021634615384615384 0.057692307692307696
2 0.5769230769230769 0.48677884615384615 0.009615384615384616 0.051682692307692304
2 0.5973557692307693 0.49759615384615385 0.019230769230769232 0.08052884615384616
2 0.640625 0.49399038461538464 0.021634615384615384 0.052884615384615384
2 0.6706730769230769 0.6322115384615384 0.07932692307692307 0.18509615384615385
2 0.6778846153846154 0.5276442307692307 0.036057692307692304 0.08413461538461539
2 0.7103365384615384 0.49759615384615385 0.027644230769230768 0.057692307692307696
2 0.7439903846153846 0.5901442307692307 0.05048076923076923 0.13581730769230768
2 0.7572115384615384 0.5252403846153846 0.04447115384615385 0.0733173076923077
2 0.7692307692307693 0.5132211538461539 0.025240384615384616 0.08413461538461539
2 0.7740384615384616 0.47596153846153844 0.02403846153846154 0.040865384615384616
2 0.7800480769230769 0.5 0.016826923076923076 0.054086538461538464
2 0.8353365384615384 0.5432692307692307 0.04326923076923077 0.07451923076923077
2 0.8521634615384616 0.6117788461538461 0.07451923076923077 0.1310096153846154
2 0.8461538461538461 0.49399038461538464 0.039663461538461536 0.057692307692307696
2 0.8617788461538461 0.484375 0.019230769230769232 0.03485576923076923
2 0.9278846153846154 0.4987980769230769 0.025240384615384616 0.040865384615384616
2 0.9314903846153846 0.5060096153846154 0.03365384615384615 0.06610576923076923
2 0.9579326923076923 0.5697115384615384 0.05048076923076923 0.11298076923076923
2 0.9747596153846154 0.6346153846153846 0.04807692307692308 0.22235576923076922
2 0.9675480769230769 0.5096153846153846 0.021634615384615384 0.038461538461538464
2 0.9855769230769231 0.7079326923076923 0.026442307692307692 0.052884615384615384
2 0.9879807692307693 0.4891826923076923 0.02283653846153846 0.051682692307692304