2 0.04807692307692308 0.7007211538461539 0.04807692307692308 0.0985576923076923
2 0.10817307692307693 0.7644230769230769 0.051682692307692304 0.20432692307692307
2 0.1622596153846154 0.6959134615384616 0.03485576923076923 0.15504807692307693
2 0.1814903846153846 0.7295673076923077 0.04927884615384615 0.1971153846153846
2 0.21033653846153846 0.7403846153846154 0.04447115384615385 0.23317307692307693
2 0.2403846153846154 0.7451923076923077 0.03365384615384615 0.2283653846153846
2 0.2692307692307692 0.7596153846153846 0.04567307692307692 0.22596153846153846
2 0.2956730769230769 0.7944711538461539 0.055288461538461536 0.15985576923076922
2 0.2824519230769231 0.7427884615384616 0.025240384615384616 0.21634615384615385
2 0.2920673076923077 0.6670673076923077 0.025240384615384616 0.08533653846153846
2 0.3112980769230769 0.6754807692307693 0.036057692307692304 0.07692307692307693
2 0.3293269230769231 0.7764423076923077 0.04927884615384615 0.2764423076923077
2 0.3786057692307692 0.7548076923076923 0.042067307692307696 0.22355769230769232
2 0.375 0.6346153846153846 0.025240384615384616 0.028846153846153848
2 0.4074519230769231 0.7776442307692307 0.057692307692307696 0.2620192307692308
2 0.42908653846153844 0.71875 0.042067307692307696 0.1935096153846154
2 0.46274038461538464 0.8040865384615384 0.05889423076923077 0.29086538461538464
2 0.47596153846153844 0.7668269230769231 0.04927884615384615 0.3004807692307692
2 0.5120192307692307 0.7944711538461539 0.04447115384615385 0.24879807692307693
2 0.5048076923076923 0.7115384615384616 0.020432692307692308 0.06009615384615385
2 0.5420673076923077 0.7992788461538461 0.05889423076923077 0.30408653846153844
2 0.5769230769230769 0.671875 0.039663461538461536 0.07692307692307693
2 0.5805288461538461 0.7776442307692307 0.042067307692307696 0.2704326923076923
2 0.6201923076923077 0.7872596153846154 0.052884615384615384 0.2704326923076923
2 0.6394230769230769 0.6802884615384616 0.04326923076923077 0.109375
2 0.6622596153846154 0.7788461538461539 0.03245192307692308 0.27163461538461536
2 0.6959134615384616 0.8112980769230769 0.07932692307692307 0.375
2 0.6814903846153846 0.7980769230769231 0.042067307692307696 0.32572115384615385
2 0.7379807692307693 0.7740384615384616 0.06370192307692307 0.3269230769230769
2 0.7644230769230769 0.7764423076923077 0.054086538461538464 0.16826923076923078
2 0.8064903846153846 0.7872596153846154 0.09014423076923077 0.296875