2 0.025240384615384616 0.07091346153846154 0.05048076923076923 0.10697115384615384
2 0.14182692307692307 0.06009615384615385 0.08413461538461539 0.11298076923076923
2 0.29447115384615385 0.07451923076923077 0.0829326923076923 0.12259615384615384
2 0.4182692307692308 0.5384615384615384 0.2247596153846154 0.5036057692307693
2 0.3449519230769231 0.09014423076923077 0.05889423076923077 0.08653846153846154
2 0.4855769230769231 0.07451923076923077 0.11298076923076923 0.10697115384615384
2 0.5637019230769231 0.08173076923076923 0.07451923076923077 0.0889423076923077
2 0.6454326923076923 0.078125 0.07211538461538461 0.09615384615384616
2 0.6995192307692307 0.08413461538461539 0.0889423076923077 0.09014423076923077
2 0.7920673076923077 0.07211538461538461 0.07091346153846154 0.11057692307692307
2 0.8605769230769231 0.06971153846153846 0.06971153846153846 0.109375
2 0.9158653846153846 0.0889423076923077 0.07211538461538461 0.08173076923076923
2 0.9759615384615384 0.09615384615384616 0.04567307692307692 0.09615384615384616