2 0.3269230769230769 0.4543269230769231 0.021634615384615384 0.08052884615384616
2 0.3557692307692308 0.41225961538461536 0.019230769230769232 0.07451923076923077
2 0.38221153846153844 0.41225961538461536 0.028846153846153848 0.0829326923076923
2 0.390625 0.5997596153846154 0.015625 0.06009615384615385
2 0.42788461538461536 0.40865384615384615 0.028846153846153848 0.0733173076923077
2 0.4543269230769231 0.41225961538461536 0.02283653846153846 0.0733173076923077
2 0.47836538461538464 0.4182692307692308 0.026442307692307692 0.07091346153846154
2 0.5673076923076923 0.4098557692307692 0.018028846153846152 0.06129807692307692
2 0.59375 0.6129807692307693 0.02403846153846154 0.0625
2 0.6177884615384616 0.5853365384615384 0.025240384615384616 0.1045673076923077
2 0.6694711538461539 0.5961538461538461 0.026442307692307692 0.1045673076923077
2 0.734375 0.43990384615384615 0.030048076923076924 0.08533653846153846
2 0.7487980769230769 0.4326923076923077 0.018028846153846152 0.08052884615384616
2 0.7680288461538461 0.4483173076923077 0.015625 0.04807692307692308
2 0.7764423076923077 0.6346153846153846 0.021634615384615384 0.06490384615384616
2 0.7956730769230769 0.6442307692307693 0.018028846153846152 0.042067307692307696