2 0.020432692307692308 0.6418269230769231 0.03245192307692308 0.08413461538461539
2 0.040865384615384616 0.6598557692307693 0.01201923076923077 0.04447115384615385
2 0.08052884615384616 0.6394230769230769 0.019230769230769232 0.06370192307692307
2 0.10576923076923077 0.6310096153846154 0.027644230769230768 0.06370192307692307
2 0.15985576923076922 0.6502403846153846 0.027644230769230768 0.04807692307692308
2 0.19110576923076922 0.6514423076923077 0.03365384615384615 0.052884615384615384
2 0.3954326923076923 0.6358173076923077 0.020432692307692308 0.06971153846153846
2 0.42427884615384615 0.6322115384615384 0.021634615384615384 0.051682692307692304
2 0.5060096153846154 0.4074519230769231 0.06009615384615385 0.12379807692307693
2 0.5480769230769231 0.4014423076923077 0.037259615384615384 0.1141826923076923
2 0.5769230769230769 0.4110576923076923 0.02283653846153846 0.09495192307692307
2 0.5997596153846154 0.5709134615384616 0.03485576923076923 0.11538461538461539
2 0.6153846153846154 0.3894230769230769 0.025240384615384616 0.06490384615384616
2 0.6538461538461539 0.3762019230769231 0.03125 0.052884615384615384
2 0.7475961538461539 0.6225961538461539 0.06490384615384616 0.2247596153846154
2 0.7487980769230769 0.43149038461538464 0.030048076923076924 0.07932692307692307
2 0.7848557692307693 0.45913461538461536 0.016826923076923076 0.05048076923076923
2 0.7980769230769231 0.5829326923076923 0.019230769230769232 0.08413461538461539
2 0.8137019230769231 0.5829326923076923 0.027644230769230768 0.11298076923076923
2 0.8497596153846154 0.6081730769230769 0.013221153846153846 0.037259615384615384
2 0.8617788461538461 0.6213942307692307 0.021634615384615384 0.038461538461538464
2 0.8810096153846154 0.6117788461538461 0.027644230769230768 0.06610576923076923
2 0.9663461538461539 0.6262019230769231 0.007211538461538462 0.046875