2 0.45913461538461536 0.7127403846153846 0.5372596153846154 0.5733173076923077
2 0.2247596153846154 0.4519230769230769 0.020432692307692308 0.06610576923076923
2 0.26322115384615385 0.44591346153846156 0.018028846153846152 0.06370192307692307
2 0.27283653846153844 0.4338942307692308 0.02403846153846154 0.07692307692307693
2 0.3161057692307692 0.41586538461538464 0.020432692307692308 0.09615384615384616
2 0.31971153846153844 0.43028846153846156 0.014423076923076924 0.07091346153846154
2 0.37740384615384615 0.390625 0.02403846153846154 0.09134615384615384
2 0.4182692307692308 0.3701923076923077 0.02403846153846154 0.0985576923076923
2 0.453125 0.40024038461538464 0.028846153846153848 0.056490384615384616
2 0.46274038461538464 0.36778846153846156 0.025240384615384616 0.051682692307692304
2 0.4891826923076923 0.41346153846153844 0.04807692307692308 0.0673076923076923
2 0.4891826923076923 0.36899038461538464 0.03125 0.08533653846153846
2 0.5456730769230769 0.38461538461538464 0.07211538461538461 0.10697115384615384
2 0.5997596153846154 0.36778846153846156 0.036057692307692304 0.09615384615384616
2 0.6346153846153846 0.40024038461538464 0.027644230769230768 0.055288461538461536
2 0.6658653846153846 0.4362980769230769 0.03485576923076923 0.06610576923076923