2 0.05048076923076923 0.5528846153846154 0.028846153846153848 0.09254807692307693
2 0.06490384615384616 0.24759615384615385 0.04326923076923077 0.08533653846153846
2 0.07451923076923077 0.6009615384615384 0.04447115384615385 0.18028846153846154
2 0.09735576923076923 0.27403846153846156 0.020432692307692308 0.03485576923076923
2 0.10576923076923077 0.26802884615384615 0.016826923076923076 0.018028846153846152
2 0.125 0.27403846153846156 0.025240384615384616 0.03125
2 0.1814903846153846 0.6009615384615384 0.10096153846153846 0.17668269230769232
2 0.3004807692307692 0.7620192307692307 0.16105769230769232 0.18028846153846154
2 0.2403846153846154 0.2644230769230769 0.03125 0.051682692307692304
2 0.2608173076923077 0.2644230769230769 0.018028846153846152 0.05048076923076923
2 0.29927884615384615 0.2620192307692308 0.016826923076923076 0.037259615384615384
2 0.3629807692307692 0.5949519230769231 0.12259615384615384 0.171875
2 0.3161057692307692 0.27884615384615385 0.02403846153846154 0.046875
2 0.3858173076923077 0.25961538461538464 0.036057692307692304 0.06490384615384616
2 0.41346153846153844 0.2608173076923077 0.026442307692307692 0.06490384615384616
2 0.5204326923076923 0.6081730769230769 0.056490384615384616 0.18629807692307693
2 0.5132211538461539 0.2548076923076923 0.036057692307692304 0.06971153846153846
2 0.5612980769230769 0.24759615384615385 0.036057692307692304 0.0733173076923077
2 0.6081730769230769 0.5685096153846154 0.027644230769230768 0.06370192307692307
2 0.6225961538461539 0.6081730769230769 0.025240384615384616 0.17067307692307693
2 0.640625 0.6201923076923077 0.03365384615384615 0.15625
2 0.6466346153846154 0.30649038461538464 0.027644230769230768 0.07572115384615384
2 0.7199519230769231 0.6262019230769231 0.06370192307692307 0.15264423076923078
2 0.7475961538461539 0.6274038461538461 0.03365384615384615 0.17908653846153846
2 0.7824519230769231 0.5721153846153846 0.037259615384615384 0.08533653846153846
2 0.8173076923076923 0.6165865384615384 0.036057692307692304 0.19591346153846154
2 0.8353365384615384 0.6141826923076923 0.038461538461538464 0.19110576923076922
2 0.8629807692307693 0.6201923076923077 0.056490384615384616 0.18028846153846154
2 0.875 0.6237980769230769 0.021634615384615384 0.1658653846153846
2 0.9050480769230769 0.6177884615384616 0.038461538461538464 0.19110576923076922
2 0.9423076923076923 0.6165865384615384 0.038461538461538464 0.18269230769230768
2 0.9735576923076923 0.6478365384615384 0.04807692307692308 0.28125