2 0.19110576923076922 0.796875 0.38221153846153844 0.4014423076923077
2 0.6141826923076923 0.4050480769230769 0.7283653846153846 0.39903846153846156
2 0.29447115384615385 0.609375 0.0673076923076923 0.07572115384615384
2 0.3076923076923077 0.6947115384615384 0.03245192307692308 0.1622596153846154
2 0.3485576923076923 0.6959134615384616 0.04567307692307692 0.1971153846153846
2 0.3713942307692308 0.6346153846153846 0.037259615384615384 0.20673076923076922
2 0.41947115384615385 0.6153846153846154 0.05048076923076923 0.16706730769230768
2 0.640625 0.5600961538461539 0.027644230769230768 0.07091346153846154
2 0.6586538461538461 0.6706730769230769 0.057692307692307696 0.18028846153846154
2 0.7091346153846154 0.6382211538461539 0.0625 0.16706730769230768
2 0.8209134615384616 0.6670673076923077 0.03245192307692308 0.14783653846153846
2 0.9002403846153846 0.8653846153846154 0.056490384615384616 0.26802884615384615
2 0.9555288461538461 0.8774038461538461 0.06370192307692307 0.24278846153846154
2 0.9855769230769231 0.8894230769230769 0.026442307692307692 0.21875