2 0.3293269230769231 0.6033653846153846 0.039663461538461536 0.203125
2 0.5168269230769231 0.5733173076923077 0.028846153846153848 0.15985576923076922
2 0.5600961538461539 0.6045673076923077 0.07572115384615384 0.24278846153846154
2 0.6213942307692307 0.5420673076923077 0.02283653846153846 0.051682692307692304
2 0.6694711538461539 0.5661057692307693 0.036057692307692304 0.10336538461538461
2 0.6862980769230769 0.5733173076923077 0.0673076923076923 0.12620192307692307
2 0.7379807692307693 0.6538461538461539 0.09735576923076923 0.3088942307692308
2 0.7055288461538461 0.5637019230769231 0.016826923076923076 0.11057692307692307
2 0.8016826923076923 0.6622596153846154 0.08533653846153846 0.3629807692307692
2 0.8713942307692307 0.6057692307692307 0.055288461538461536 0.12740384615384615
2 0.8810096153846154 0.5204326923076923 0.03365384615384615 0.09495192307692307