2 0.23918269230769232 0.9783653846153846 0.027644230769230768 0.042067307692307696
2 0.3125 0.9735576923076923 0.03365384615384615 0.04807692307692308
2 0.35336538461538464 0.8569711538461539 0.013221153846153846 0.06490384615384616
2 0.3581730769230769 0.8413461538461539 0.018028846153846152 0.09615384615384616
2 0.36658653846153844 0.7752403846153846 0.01201923076923077 0.05048076923076923
2 0.3762019230769231 0.8509615384615384 0.021634615384615384 0.07572115384615384
2 0.4170673076923077 0.8221153846153846 0.019230769230769232 0.0829326923076923
2 0.4411057692307692 0.8209134615384616 0.02283653846153846 0.08052884615384616
2 0.6117788461538461 0.8353365384615384 0.11177884615384616 0.32211538461538464
2 0.6466346153846154 0.9435096153846154 0.030048076923076924 0.10697115384615384
2 0.671875 0.9519230769230769 0.026442307692307692 0.09375
2 0.6706730769230769 0.7920673076923077 0.016826923076923076 0.056490384615384616
2 0.6754807692307693 0.8161057692307693 0.018028846153846152 0.06610576923076923
2 0.6814903846153846 0.8725961538461539 0.027644230769230768 0.09975961538461539
2 0.7055288461538461 0.9543269230769231 0.03245192307692308 0.0829326923076923
2 0.7127403846153846 0.8557692307692307 0.025240384615384616 0.09375