2 0.14182692307692307 0.5576923076923077 0.04326923076923077 0.12379807692307693
2 0.16105769230769232 0.5516826923076923 0.021634615384615384 0.09615384615384616
2 0.27403846153846156 0.5516826923076923 0.030048076923076924 0.12860576923076922
2 0.34615384615384615 0.5528846153846154 0.02283653846153846 0.10817307692307693
2 0.5276442307692307 0.5432692307692307 0.027644230769230768 0.1045673076923077
2 0.609375 0.5552884615384616 0.03365384615384615 0.109375
2 0.6610576923076923 0.5492788461538461 0.025240384615384616 0.0889423076923077
2 0.6826923076923077 0.5384615384615384 0.021634615384615384 0.10817307692307693
2 0.6766826923076923 0.49399038461538464 0.003605769230769231 0.026442307692307692
2 0.7007211538461539 0.5408653846153846 0.02283653846153846 0.109375
2 0.7175480769230769 0.5372596153846154 0.028846153846153848 0.11298076923076923
2 0.9002403846153846 0.48677884615384615 0.004807692307692308 0.042067307692307696
2 0.9122596153846154 0.49038461538461536 0.014423076923076924 0.04447115384615385
2 0.9507211538461539 0.484375 0.004807692307692308 0.028846153846153848
2 0.9579326923076923 0.48197115384615385 0.007211538461538462 0.03485576923076923
2 0.96875 0.4831730769230769 0.009615384615384616 0.03245192307692308
2 0.9795673076923077 0.4831730769230769 0.010817307692307692 0.04567307692307692