2 0.08774038461538461 0.6370192307692307 0.16947115384615385 0.25
2 0.19591346153846154 0.5685096153846154 0.15264423076923078 0.30288461538461536
2 0.25721153846153844 0.5901442307692307 0.056490384615384616 0.12139423076923077
2 0.2776442307692308 0.6322115384615384 0.09735576923076923 0.18990384615384615
2 0.3557692307692308 0.6213942307692307 0.11057692307692307 0.23557692307692307
2 0.32211538461538464 0.5673076923076923 0.040865384615384616 0.09975961538461539
2 0.46634615384615385 0.6057692307692307 0.1045673076923077 0.20552884615384615
2 0.5649038461538461 0.6117788461538461 0.1141826923076923 0.15144230769230768
2 0.5913461538461539 0.5625 0.06971153846153846 0.09134615384615384
2 0.6634615384615384 0.5649038461538461 0.052884615384615384 0.0889423076923077
2 0.7319711538461539 0.59375 0.13341346153846154 0.19471153846153846
2 0.8233173076923077 0.5805288461538461 0.09014423076923077 0.15384615384615385