2 0.11057692307692307 0.7079326923076923 0.04567307692307692 0.15504807692307693
2 0.21153846153846154 0.6959134615384616 0.054086538461538464 0.17067307692307693
2 0.31490384615384615 0.49759615384615385 0.1310096153846154 0.25961538461538464
2 0.2920673076923077 0.7259615384615384 0.03485576923076923 0.10697115384615384
2 0.3473557692307692 0.7223557692307693 0.054086538461538464 0.09975961538461539
2 0.44711538461538464 0.7439903846153846 0.025240384615384616 0.07572115384615384
2 0.4723557692307692 0.7391826923076923 0.018028846153846152 0.07932692307692307
2 0.5036057692307693 0.7439903846153846 0.03365384615384615 0.07451923076923077
2 0.5408653846153846 0.7391826923076923 0.030048076923076924 0.08052884615384616
2 0.6322115384615384 0.5853365384615384 0.2127403846153846 0.2127403846153846
2 0.5697115384615384 0.7391826923076923 0.036057692307692304 0.07091346153846154
2 0.6021634615384616 0.7379807692307693 0.025240384615384616 0.07572115384615384
2 0.6346153846153846 0.7439903846153846 0.027644230769230768 0.07692307692307693
2 0.6670673076923077 0.7415865384615384 0.03125 0.07692307692307693
2 0.6935096153846154 0.7391826923076923 0.026442307692307692 0.0829326923076923
2 0.7740384615384616 0.7283653846153846 0.16826923076923078 0.5408653846153846
2 0.7992788461538461 0.6346153846153846 0.09495192307692307 0.26322115384615385