2 0.016826923076923076 0.7704326923076923 0.03245192307692308 0.08653846153846154
2 0.036057692307692304 0.7632211538461539 0.025240384615384616 0.06490384615384616
2 0.0673076923076923 0.7632211538461539 0.04447115384615385 0.0733173076923077
2 0.11658653846153846 0.7548076923076923 0.04807692307692308 0.06971153846153846
2 0.234375 0.7608173076923077 0.03365384615384615 0.055288461538461536
2 0.2668269230769231 0.7632211538461539 0.020432692307692308 0.06490384615384616
2 0.2956730769230769 0.7548076923076923 0.036057692307692304 0.05889423076923077
2 0.4266826923076923 0.7524038461538461 0.03125 0.038461538461538464
2 0.5216346153846154 0.8629807692307693 0.15264423076923078 0.21394230769230768
2 0.49759615384615385 0.7536057692307693 0.030048076923076924 0.039663461538461536
2 0.5564903846153846 0.75 0.02283653846153846 0.036057692307692304
2 0.5817307692307693 0.7524038461538461 0.018028846153846152 0.04326923076923077
2 0.6213942307692307 0.7367788461538461 0.030048076923076924 0.027644230769230768
2 0.6526442307692307 0.7536057692307693 0.026442307692307692 0.046875
2 0.6778846153846154 0.7548076923076923 0.02283653846153846 0.04447115384615385
2 0.7199519230769231 0.7548076923076923 0.036057692307692304 0.039663461538461536
2 0.8100961538461539 0.7560096153846154 0.03245192307692308 0.051682692307692304