2 0.02283653846153846 0.15264423076923078 0.04567307692307692 0.18990384615384615
2 0.03365384615384615 0.3581730769230769 0.0673076923076923 0.17307692307692307
2 0.08774038461538461 0.026442307692307692 0.17548076923076922 0.051682692307692304
2 0.13701923076923078 0.7836538461538461 0.27283653846153844 0.4254807692307692
2 0.33653846153846156 0.025240384615384616 0.19831730769230768 0.04326923076923077
2 0.47115384615384615 0.27283653846153844 0.17668269230769232 0.35697115384615385
2 0.5901442307692307 0.027644230769230768 0.20793269230769232 0.04807692307692308
2 0.8377403846153846 0.7668269230769231 0.29927884615384615 0.4639423076923077
2 0.8317307692307693 0.028846153846153848 0.19951923076923078 0.056490384615384616
2 0.9663461538461539 0.3545673076923077 0.06490384615384616 0.1778846153846154
2 0.96875 0.14783653846153846 0.06129807692307692 0.16346153846153846