2 0.01201923076923077 0.1045673076923077 0.02283653846153846 0.109375
2 0.0673076923076923 0.05048076923076923 0.07692307692307693 0.10096153846153846
2 0.21394230769230768 0.15985576923076922 0.09735576923076923 0.21394230769230768
2 0.24879807692307693 0.07692307692307693 0.12740384615384615 0.15264423076923078
2 0.36778846153846156 0.5240384615384616 0.32091346153846156 0.9495192307692307
2 0.46634615384615385 0.15384615384615385 0.1141826923076923 0.22956730769230768
2 0.5516826923076923 0.5516826923076923 0.1935096153846154 0.5925480769230769
2 0.6394230769230769 0.16105769230769232 0.09495192307692307 0.20432692307692307
2 0.7776442307692307 0.59375 0.2644230769230769 0.6057692307692307
2 0.8425480769230769 0.5877403846153846 0.20072115384615385 0.6442307692307693
2 0.9290865384615384 0.3173076923076923 0.06370192307692307 0.08052884615384616