2 0.025240384615384616 0.9435096153846154 0.05048076923076923 0.10817307692307693
2 0.07572115384615384 0.9170673076923077 0.052884615384615384 0.13822115384615385
2 0.19230769230769232 0.9314903846153846 0.052884615384615384 0.13581730769230768
2 0.31490384615384615 0.765625 0.052884615384615384 0.18389423076923078
2 0.31971153846153844 0.7512019230769231 0.04326923076923077 0.18629807692307693
2 0.3473557692307692 0.8653846153846154 0.051682692307692304 0.23677884615384615
2 0.3762019230769231 0.8762019230769231 0.06129807692307692 0.20192307692307693
2 0.4326923076923077 0.8870192307692307 0.037259615384615384 0.22355769230769232
2 0.4567307692307692 0.8137019230769231 0.0733173076923077 0.1622596153846154
2 0.4675480769230769 0.7776442307692307 0.04447115384615385 0.17548076923076922
2 0.48677884615384615 0.9038461538461539 0.057692307692307696 0.18389423076923078
2 0.4831730769230769 0.5504807692307693 0.046875 0.08052884615384616
2 0.4831730769230769 0.6346153846153846 0.030048076923076924 0.13822115384615385
2 0.4855769230769231 0.44471153846153844 0.036057692307692304 0.109375
2 0.5012019230769231 0.6694711538461539 0.02403846153846154 0.16105769230769232
2 0.5841346153846154 0.890625 0.0673076923076923 0.21634615384615385
2 0.5913461538461539 0.7367788461538461 0.030048076923076924 0.1935096153846154
2 0.59375 0.625 0.028846153846153848 0.07932692307692307
2 0.6141826923076923 0.640625 0.03365384615384615 0.12259615384615384
2 0.6262019230769231 0.7307692307692307 0.04567307692307692 0.21153846153846154
2 0.6394230769230769 0.9675480769230769 0.03485576923076923 0.0625
2 0.6658653846153846 0.5913461538461539 0.026442307692307692 0.11057692307692307
2 0.6766826923076923 0.9567307692307693 0.040865384615384616 0.08533653846153846
2 0.6802884615384616 0.6225961538461539 0.016826923076923076 0.10096153846153846
2 0.7115384615384616 0.5540865384615384 0.036057692307692304 0.06971153846153846
2 0.7175480769230769 0.6334134615384616 0.038461538461538464 0.06610576923076923
2 0.7283653846153846 0.8774038461538461 0.05048076923076923 0.20793269230769232
2 0.7283653846153846 0.6802884615384616 0.042067307692307696 0.11538461538461539
2 0.7463942307692307 0.5733173076923077 0.018028846153846152 0.05889423076923077
2 0.7788461538461539 0.8137019230769231 0.06971153846153846 0.14302884615384615
2 0.7644230769230769 0.5961538461538461 0.03365384615384615 0.0829326923076923
2 0.8137019230769231 0.6382211538461539 0.03365384615384615 0.052884615384615384
2 0.8233173076923077 0.6935096153846154 0.030048076923076924 0.05889423076923077
2 0.8365384615384616 0.7716346153846154 0.03245192307692308 0.07932692307692307
2 0.8473557692307693 0.6766826923076923 0.02403846153846154 0.08653846153846154
2 0.8798076923076923 0.7752403846153846 0.042067307692307696 0.0733173076923077
2 0.9086538461538461 0.8701923076923077 0.04447115384615385 0.13581730769230768
2 0.9230769230769231 0.7860576923076923 0.055288461538461536 0.07211538461538461
2 0.9411057692307693 0.8377403846153846 0.04326923076923077 0.0829326923076923
2 0.9471153846153846 0.9230769230769231 0.052884615384615384 0.09254807692307693
2 0.9783653846153846 0.9206730769230769 0.040865384615384616 0.10576923076923077