2 0.953125 0.6682692307692307 0.07211538461538461 0.2800480769230769
2 0.042067307692307696 0.6274038461538461 0.03125 0.1502403846153846
2 0.09375 0.6526442307692307 0.052884615384615384 0.18870192307692307
2 0.12740384615384615 0.5901442307692307 0.025240384615384616 0.09975961538461539
2 0.15865384615384615 0.5913461538461539 0.03125 0.11658653846153846
2 0.23798076923076922 0.5841346153846154 0.025240384615384616 0.08774038461538461
2 0.27283653846153844 0.5637019230769231 0.02283653846153846 0.04326923076923077
2 0.2956730769230769 0.5985576923076923 0.020432692307692308 0.027644230769230768
2 0.31971153846153844 0.6526442307692307 0.037259615384615384 0.07091346153846154
2 0.3293269230769231 0.5757211538461539 0.015625 0.028846153846153848
2 0.3713942307692308 0.671875 0.04567307692307692 0.0673076923076923
2 0.36899038461538464 0.6081730769230769 0.03125 0.04807692307692308
2 0.421875 0.6009615384615384 0.03125 0.11899038461538461
2 0.46634615384615385 0.5997596153846154 0.025240384615384616 0.037259615384615384
2 0.4951923076923077 0.6610576923076923 0.06490384615384616 0.07451923076923077
2 0.5504807692307693 0.6526442307692307 0.042067307692307696 0.06971153846153846
2 0.6262019230769231 0.6502403846153846 0.051682692307692304 0.19471153846153846
2 0.6838942307692307 0.6526442307692307 0.054086538461538464 0.18629807692307693
2 0.75 0.5985576923076923 0.028846153846153848 0.038461538461538464
2 0.8004807692307693 0.6081730769230769 0.03245192307692308 0.12379807692307693
2 0.8317307692307693 0.6237980769230769 0.03125 0.1201923076923077
2 0.9146634615384616 0.6382211538461539 0.052884615384615384 0.09134615384615384