2 0.5 0.7487980769230769 0.9987980769230769 0.29086538461538464
2 0.12860576923076922 0.7800480769230769 0.030048076923076924 0.15144230769230768
2 0.21033653846153846 0.8305288461538461 0.07211538461538461 0.2644230769230769
2 0.25961538461538464 0.8088942307692307 0.05048076923076923 0.25600961538461536
2 0.29927884615384615 0.8557692307692307 0.07091346153846154 0.2860576923076923
2 0.37259615384615385 0.8425480769230769 0.08533653846153846 0.3076923076923077
2 0.4879807692307692 0.8485576923076923 0.078125 0.3016826923076923
2 0.78125 0.7704326923076923 0.04567307692307692 0.20072115384615385
2 0.8245192307692307 0.7752403846153846 0.051682692307692304 0.22596153846153846
2 0.8701923076923077 0.7944711538461539 0.04927884615384615 0.21634615384615385
2 0.921875 0.8365384615384616 0.09134615384615384 0.3245192307692308
2 0.9435096153846154 0.7908653846153846 0.021634615384615384 0.21394230769230768
2 0.9675480769230769 0.8521634615384616 0.06129807692307692 0.2704326923076923
2 0.9867788461538461 0.8810096153846154 0.025240384615384616 0.234375