2 0.2608173076923077 0.8569711538461539 0.5204326923076923 0.09735576923076923
2 0.5036057692307693 0.4411057692307692 0.27403846153846156 0.5540865384615384
2 0.5444711538461539 0.8233173076923077 0.05048076923076923 0.11057692307692307
2 0.5769230769230769 0.8389423076923077 0.052884615384615384 0.04567307692307692
2 0.6298076923076923 0.828125 0.042067307692307696 0.11899038461538461
2 0.7235576923076923 0.6177884615384616 0.23076923076923078 0.6838942307692307
2 0.7415865384615384 0.8221153846153846 0.040865384615384616 0.09735576923076923
2 0.8425480769230769 0.6478365384615384 0.20793269230769232 0.5793269230769231
2 0.7776442307692307 0.8305288461538461 0.037259615384615384 0.11057692307692307
2 0.8305288461538461 0.8377403846153846 0.09615384615384616 0.08052884615384616
2 0.8930288461538461 0.8221153846153846 0.057692307692307696 0.1310096153846154
2 0.9627403846153846 0.8161057692307693 0.0733173076923077 0.1466346153846154