2 0.20432692307692307 0.5348557692307693 0.09495192307692307 0.49399038461538464
2 0.13701923076923078 0.5252403846153846 0.06971153846153846 0.40384615384615385
2 0.3762019230769231 0.5060096153846154 0.04567307692307692 0.19471153846153846
2 0.44711538461538464 0.6262019230769231 0.10817307692307693 0.3581730769230769
2 0.4423076923076923 0.4735576923076923 0.04447115384615385 0.18629807692307693
2 0.49158653846153844 0.4963942307692308 0.03365384615384615 0.19230769230769232
2 0.5396634615384616 0.5060096153846154 0.05048076923076923 0.171875
2 0.5588942307692307 0.484375 0.037259615384615384 0.16105769230769232
2 0.6033653846153846 0.5625 0.039663461538461536 0.2620192307692308
2 0.6274038461538461 0.47836538461538464 0.025240384615384616 0.12259615384615384
2 0.6466346153846154 0.48197115384615385 0.03245192307692308 0.16706730769230768
2 0.7379807692307693 0.6045673076923077 0.17668269230769232 0.34615384615384615
2 0.7283653846153846 0.4206730769230769 0.038461538461538464 0.10096153846153846
2 0.7668269230769231 0.5252403846153846 0.03485576923076923 0.2536057692307692
2 0.8497596153846154 0.5048076923076923 0.06971153846153846 0.24879807692307693
2 0.8822115384615384 0.5024038461538461 0.03245192307692308 0.17427884615384615