2 0.7776442307692307 0.3245192307692308 0.06129807692307692 0.21153846153846154
2 0.038461538461538464 0.38822115384615385 0.07692307692307693 0.19110576923076922
2 0.18389423076923078 0.71875 0.36658653846153844 0.5588942307692307
2 0.10096153846153846 0.3713942307692308 0.0733173076923077 0.16346153846153846
2 0.18028846153846154 0.3389423076923077 0.09495192307692307 0.1814903846153846
2 0.23076923076923078 0.33653846153846156 0.0733173076923077 0.16346153846153846
2 0.2704326923076923 0.3329326923076923 0.04447115384615385 0.18990384615384615
2 0.5036057692307693 0.7728365384615384 0.4050480769230769 0.4519230769230769
2 0.36538461538461536 0.3125 0.07572115384615384 0.14423076923076922
2 0.41466346153846156 0.3245192307692308 0.08774038461538461 0.171875
2 0.47836538461538464 0.3449519230769231 0.07932692307692307 0.18990384615384615
2 0.5408653846153846 0.34975961538461536 0.09615384615384616 0.22355769230769232
2 0.8329326923076923 0.32572115384615385 0.07091346153846154 0.234375
2 0.8942307692307693 0.33052884615384615 0.046875 0.21394230769230768
2 0.9459134615384616 0.33413461538461536 0.07572115384615384 0.23677884615384615
2 0.9807692307692307 0.3425480769230769 0.036057692307692304 0.203125