2 0.14302884615384615 0.5913461538461539 0.09735576923076923 0.4375
2 0.22596153846153846 0.6382211538461539 0.09735576923076923 0.43509615384615385
2 0.2800480769230769 0.2548076923076923 0.06129807692307692 0.1658653846153846
2 0.3605769230769231 0.453125 0.0829326923076923 0.1658653846153846
2 0.3581730769230769 0.3293269230769231 0.07091346153846154 0.11899038461538461
2 0.43028846153846156 0.38100961538461536 0.0625 0.15985576923076922
2 0.453125 0.5745192307692307 0.08653846153846154 0.41346153846153844
2 0.4987980769230769 0.3545673076923077 0.0673076923076923 0.10697115384615384
2 0.5504807692307693 0.5288461538461539 0.08774038461538461 0.2608173076923077
2 0.6706730769230769 0.6346153846153846 0.1045673076923077 0.4423076923076923
2 0.7247596153846154 0.328125 0.07572115384615384 0.22596153846153846