2 0.1814903846153846 0.8112980769230769 0.22115384615384615 0.37259615384615385
2 0.49278846153846156 0.7584134615384616 0.1466346153846154 0.3293269230769231
2 0.5276442307692307 0.4266826923076923 0.06971153846153846 0.22956730769230768
2 0.5564903846153846 0.7103365384615384 0.07692307692307693 0.41225961538461536
2 0.6574519230769231 0.5997596153846154 0.11177884615384616 0.3233173076923077
2 0.6502403846153846 0.34615384615384615 0.046875 0.14903846153846154
2 0.6983173076923077 0.35336538461538464 0.057692307692307696 0.12860576923076922
2 0.7331730769230769 0.46033653846153844 0.07211538461538461 0.27163461538461536
2 0.7896634615384616 0.30408653846153844 0.056490384615384616 0.1778846153846154
2 0.8473557692307693 0.7403846153846154 0.11899038461538461 0.5132211538461539
2 0.9002403846153846 0.7704326923076923 0.12620192307692307 0.453125
2 0.890625 0.4831730769230769 0.08413461538461539 0.23798076923076922