2 0.0673076923076923 0.65625 0.09495192307692307 0.3629807692307692
2 0.13942307692307693 0.6045673076923077 0.1141826923076923 0.43149038461538464
2 0.203125 0.6586538461538461 0.1045673076923077 0.33533653846153844
2 0.25841346153846156 0.6790865384615384 0.06129807692307692 0.3112980769230769
2 0.3125 0.6887019230769231 0.10216346153846154 0.32091346153846156
2 0.4050480769230769 0.6923076923076923 0.09375 0.2776442307692308
2 0.46033653846153844 0.6826923076923077 0.057692307692307696 0.27524038461538464
2 0.5853365384615384 0.59375 0.10817307692307693 0.46634615384615385
2 0.6538461538461539 0.6766826923076923 0.06610576923076923 0.3112980769230769
2 0.7355769230769231 0.6526442307692307 0.09615384615384616 0.3485576923076923
2 0.8233173076923077 0.6418269230769231 0.10096153846153846 0.34615384615384615
2 0.9134615384615384 0.6225961538461539 0.12860576923076922 0.38100961538461536