2 0.040865384615384616 0.5709134615384616 0.03365384615384615 0.06610576923076923
2 0.06490384615384616 0.546875 0.036057692307692304 0.05889423076923077
2 0.20072115384615385 0.7860576923076923 0.265625 0.4266826923076923
2 0.20793269230769232 0.5288461538461539 0.04326923076923077 0.14423076923076922
2 0.25240384615384615 0.4987980769230769 0.03365384615384615 0.10576923076923077
2 0.28365384615384615 0.4987980769230769 0.05889423076923077 0.171875
2 0.31850961538461536 0.46634615384615385 0.037259615384615384 0.125
2 0.34134615384615385 0.5432692307692307 0.04807692307692308 0.10096153846153846
2 0.36658653846153844 0.4519230769230769 0.039663461538461536 0.13341346153846154
2 0.48677884615384615 0.5853365384615384 0.23918269230769232 0.359375
2 0.4387019230769231 0.41947115384615385 0.026442307692307692 0.03245192307692308
2 0.45913461538461536 0.38822115384615385 0.019230769230769232 0.052884615384615384
2 0.484375 0.38221153846153844 0.015625 0.04927884615384615
2 0.49278846153846156 0.38461538461538464 0.019230769230769232 0.03245192307692308
2 0.5132211538461539 0.37259615384615385 0.026442307692307692 0.05048076923076923
2 0.5504807692307693 0.38461538461538464 0.04567307692307692 0.0673076923076923
2 0.5697115384615384 0.46274038461538464 0.042067307692307696 0.10096153846153846
2 0.6021634615384616 0.4254807692307692 0.042067307692307696 0.14302884615384615
2 0.6826923076923077 0.7355769230769231 0.15985576923076922 0.14903846153846154
2 0.6334134615384616 0.39783653846153844 0.027644230769230768 0.13822115384615385
2 0.6346153846153846 0.49158653846153844 0.02283653846153846 0.0625
2 0.6935096153846154 0.4951923076923077 0.08052884615384616 0.12860576923076922
2 0.7572115384615384 0.9122596153846154 0.1622596153846154 0.17307692307692307
2 0.7127403846153846 0.42908653846153844 0.016826923076923076 0.036057692307692304
2 0.7980769230769231 0.6862980769230769 0.12860576923076922 0.1502403846153846
2 0.75 0.46153846153846156 0.02403846153846154 0.0673076923076923
2 0.7704326923076923 0.5108173076923077 0.04567307692307692 0.12620192307692307
2 0.8052884615384616 0.7487980769230769 0.1045673076923077 0.16346153846153846
2 0.7620192307692307 0.41225961538461536 0.009615384615384616 0.03245192307692308
2 0.7728365384615384 0.43028846153846156 0.010817307692307692 0.027644230769230768
2 0.7992788461538461 0.46033653846153844 0.039663461538461536 0.08052884615384616
2 0.8269230769230769 0.4891826923076923 0.03485576923076923 0.07692307692307693
2 0.8822115384615384 0.8990384615384616 0.13341346153846154 0.19951923076923078
2 0.8581730769230769 0.48677884615384615 0.020432692307692308 0.1045673076923077
2 0.875 0.5997596153846154 0.03365384615384615 0.0625
2 0.9266826923076923 0.7596153846153846 0.1201923076923077 0.2247596153846154
2 0.8858173076923077 0.47115384615384615 0.03245192307692308 0.0985576923076923
2 0.9375 0.9483173076923077 0.12379807692307693 0.10096153846153846
2 0.9026442307692307 0.5877403846153846 0.04447115384615385 0.1502403846153846
2 0.9170673076923077 0.45913461538461536 0.02283653846153846 0.06610576923076923
2 0.9519230769230769 0.4891826923076923 0.040865384615384616 0.09014423076923077
2 0.9435096153846154 0.4362980769230769 0.015625 0.03485576923076923
2 0.9723557692307693 0.6646634615384616 0.04567307692307692 0.12620192307692307
2 0.9795673076923077 0.5745192307692307 0.039663461538461536 0.08052884615384616
2 0.9867788461538461 0.5144230769230769 0.02403846153846154 0.04927884615384615