2 0.07692307692307693 0.6838942307692307 0.11057692307692307 0.5444711538461539
2 0.03125 0.703125 0.0625 0.5
2 0.2247596153846154 0.7019230769230769 0.15745192307692307 0.5516826923076923
2 0.3076923076923077 0.6754807692307693 0.07451923076923077 0.36778846153846156
2 0.39783653846153844 0.7007211538461539 0.11778846153846154 0.4795673076923077
2 0.4963942307692308 0.6923076923076923 0.08774038461538461 0.3329326923076923
2 0.47475961538461536 0.5492788461538461 0.026442307692307692 0.13341346153846154
2 0.5877403846153846 0.7079326923076923 0.09735576923076923 0.4699519230769231
2 0.6766826923076923 0.5180288461538461 0.0625 0.18389423076923078
2 0.7283653846153846 0.7103365384615384 0.11658653846153846 0.41947115384615385
2 0.7103365384615384 0.4567307692307692 0.04326923076923077 0.11778846153846154
2 0.7716346153846154 0.43028846153846156 0.040865384615384616 0.13942307692307693
2 0.7980769230769231 0.6826923076923077 0.0889423076923077 0.3786057692307692
2 0.7824519230769231 0.4543269230769231 0.03485576923076923 0.09495192307692307
2 0.84375 0.4483173076923077 0.052884615384615384 0.09975961538461539
2 0.8581730769230769 0.6802884615384616 0.057692307692307696 0.34615384615384615
2 0.8605769230769231 0.40865384615384615 0.028846153846153848 0.09615384615384616
2 0.8930288461538461 0.4110576923076923 0.057692307692307696 0.10336538461538461
2 0.9387019230769231 0.6778846153846154 0.09254807692307693 0.3870192307692308
2 0.9326923076923077 0.4206730769230769 0.051682692307692304 0.1201923076923077
2 0.9194711538461539 0.4579326923076923 0.021634615384615384 0.042067307692307696
2 0.9723557692307693 0.671875 0.04807692307692308 0.3245192307692308
2 0.9771634615384616 0.4795673076923077 0.030048076923076924 0.07211538461538461