2 0.5661057692307693 0.49158653846153844 0.052884615384615384 0.12259615384615384
2 0.13341346153846154 0.4387019230769231 0.03365384615384615 0.10697115384615384
2 0.15264423076923078 0.43149038461538464 0.020432692307692308 0.08533653846153846
2 0.1875 0.5625 0.04326923076923077 0.18870192307692307
2 0.30528846153846156 0.43990384615384615 0.030048076923076924 0.0889423076923077
2 0.359375 0.53125 0.05889423076923077 0.18629807692307693
2 0.3918269230769231 0.5324519230769231 0.051682692307692304 0.16947115384615385
2 0.6514423076923077 0.5192307692307693 0.052884615384615384 0.09975961538461539
2 0.7319711538461539 0.4831730769230769 0.038461538461538464 0.15985576923076922
2 0.7572115384615384 0.4795673076923077 0.036057692307692304 0.15504807692307693
2 0.8040865384615384 0.47115384615384615 0.028846153846153848 0.15504807692307693