2 0.7884615384615384 0.5913461538461539 0.07451923076923077 0.20552884615384615
2 0.2127403846153846 0.5480769230769231 0.06370192307692307 0.17427884615384615
2 0.29447115384615385 0.5745192307692307 0.04927884615384615 0.18509615384615385
2 0.3317307692307692 0.5697115384615384 0.10336538461538461 0.16947115384615385
2 0.3425480769230769 0.5612980769230769 0.03365384615384615 0.10216346153846154
2 0.3870192307692308 0.5456730769230769 0.026442307692307692 0.07211538461538461
2 0.40865384615384615 0.5432692307692307 0.014423076923076924 0.07692307692307693
2 0.43149038461538464 0.5528846153846154 0.03125 0.07692307692307693
2 0.453125 0.5432692307692307 0.01201923076923077 0.06009615384615385
2 0.46153846153846156 0.5360576923076923 0.01201923076923077 0.027644230769230768
2 0.5048076923076923 0.5516826923076923 0.04927884615384615 0.06610576923076923