2 0.07572115384615384 0.6165865384615384 0.09735576923076923 0.48197115384615385
2 0.13341346153846154 0.6430288461538461 0.08533653846153846 0.5396634615384616
2 0.1778846153846154 0.609375 0.04447115384615385 0.4651442307692308
2 0.22355769230769232 0.6778846153846154 0.06129807692307692 0.47115384615384615
2 0.2548076923076923 0.38461538461538464 0.04567307692307692 0.09134615384615384
2 0.33052884615384615 0.7115384615384616 0.16105769230769232 0.5036057692307693
2 0.3137019230769231 0.5072115384615384 0.06009615384615385 0.25240384615384615
2 0.39663461538461536 0.6021634615384616 0.09735576923076923 0.41947115384615385
2 0.4050480769230769 0.36658653846153844 0.042067307692307696 0.04447115384615385
2 0.43509615384615385 0.578125 0.07091346153846154 0.4230769230769231
2 0.484375 0.5841346153846154 0.06971153846153846 0.46875
2 0.5564903846153846 0.5925480769230769 0.078125 0.4230769230769231
2 0.6274038461538461 0.5901442307692307 0.08413461538461539 0.4326923076923077
2 0.7259615384615384 0.5853365384615384 0.07692307692307693 0.42427884615384615
2 0.7776442307692307 0.6021634615384616 0.11177884615384616 0.5204326923076923
2 0.8641826923076923 0.6394230769230769 0.12740384615384615 0.6394230769230769