2 0.037259615384615384 0.5757211538461539 0.06370192307692307 0.29447115384615385
2 0.056490384615384616 0.4795673076923077 0.03245192307692308 0.0829326923076923
2 0.08052884615384616 0.5757211538461539 0.03245192307692308 0.27884615384615385
2 0.11298076923076923 0.4675480769230769 0.03245192307692308 0.07692307692307693
2 0.13822115384615385 0.5745192307692307 0.052884615384615384 0.25600961538461536
2 0.16826923076923078 0.5492788461538461 0.08413461538461539 0.26802884615384615
2 0.1502403846153846 0.4567307692307692 0.03365384615384615 0.05889423076923077
2 0.21875 0.5745192307692307 0.042067307692307696 0.27403846153846156
2 0.24158653846153846 0.46634615384615385 0.038461538461538464 0.12139423076923077
2 0.2824519230769231 0.5637019230769231 0.04447115384615385 0.2512019230769231
2 0.3389423076923077 0.5588942307692307 0.04567307692307692 0.23317307692307693
2 0.3605769230769231 0.5384615384615384 0.03365384615384615 0.24759615384615385
2 0.38221153846153844 0.5432692307692307 0.052884615384615384 0.26802884615384615
2 0.42427884615384615 0.5697115384615384 0.06490384615384616 0.24759615384615385
2 0.40625 0.4675480769230769 0.027644230769230768 0.10817307692307693
2 0.4699519230769231 0.6045673076923077 0.06610576923076923 0.21153846153846154
2 0.46274038461538464 0.53125 0.05048076923076923 0.21153846153846154
2 0.49759615384615385 0.4795673076923077 0.027644230769230768 0.1045673076923077
2 0.5252403846153846 0.5925480769230769 0.06971153846153846 0.2439903846153846
2 0.515625 0.47475961538461536 0.038461538461538464 0.08533653846153846
2 0.5637019230769231 0.49158653846153844 0.037259615384615384 0.10576923076923077
2 0.5889423076923077 0.6009615384615384 0.038461538461538464 0.19831730769230768
2 0.5925480769230769 0.4879807692307692 0.042067307692307696 0.11658653846153846
2 0.6346153846153846 0.6069711538461539 0.07091346153846154 0.18269230769230768
2 0.6394230769230769 0.4879807692307692 0.052884615384615384 0.12139423076923077
2 0.6850961538461539 0.4735576923076923 0.037259615384615384 0.09975961538461539
2 0.7043269230769231 0.6165865384615384 0.06129807692307692 0.18269230769230768
2 0.71875 0.49399038461538464 0.04807692307692308 0.1310096153846154
2 0.7307692307692307 0.5961538461538461 0.06610576923076923 0.1658653846153846
2 0.7680288461538461 0.6189903846153846 0.08774038461538461 0.1814903846153846
2 0.7632211538461539 0.4951923076923077 0.04567307692307692 0.17548076923076922
2 0.8004807692307693 0.5060096153846154 0.038461538461538464 0.14543269230769232
2 0.8257211538461539 0.6177884615384616 0.052884615384615384 0.15144230769230768
2 0.8461538461538461 0.5552884615384616 0.056490384615384616 0.2644230769230769
2 0.8858173076923077 0.5625 0.051682692307692304 0.25600961538461536
2 0.8978365384615384 0.4675480769230769 0.038461538461538464 0.12259615384615384
2 0.9290865384615384 0.5649038461538461 0.051682692307692304 0.25