2 0.009615384615384616 0.32091346153846156 0.018028846153846152 0.052884615384615384
2 0.03485576923076923 0.3076923076923077 0.03125 0.07572115384615384
2 0.07932692307692307 0.3954326923076923 0.0985576923076923 0.23918269230769232
2 0.11057692307692307 0.31009615384615385 0.03245192307692308 0.07572115384615384
2 0.13581730769230768 0.41947115384615385 0.06009615384615385 0.24519230769230768
2 0.14182692307692307 0.3161057692307692 0.037259615384615384 0.07451923076923077
2 0.17668269230769232 0.36658653846153844 0.027644230769230768 0.16826923076923078
2 0.20673076923076922 0.38341346153846156 0.03485576923076923 0.15384615384615385
2 0.24278846153846154 0.39783653846153844 0.1045673076923077 0.2247596153846154
2 0.20432692307692307 0.2848557692307692 0.025240384615384616 0.04326923076923077
2 0.21995192307692307 0.29927884615384615 0.015625 0.06370192307692307
2 0.27163461538461536 0.3088942307692308 0.02403846153846154 0.06490384615384616
2 0.2848557692307692 0.38100961538461536 0.037259615384615384 0.21875
2 0.3245192307692308 0.3701923076923077 0.08653846153846154 0.17307692307692307
2 0.45913461538461536 0.33533653846153844 0.23677884615384615 0.13942307692307693
2 0.38221153846153844 0.375 0.054086538461538464 0.19591346153846154
2 0.4074519230769231 0.3112980769230769 0.019230769230769232 0.046875
2 0.42788461538461536 0.3870192307692308 0.040865384615384616 0.15625
2 0.5853365384615384 0.3076923076923077 0.03365384615384615 0.09134615384615384
2 0.6394230769230769 0.359375 0.07932692307692307 0.17548076923076922
2 0.6153846153846154 0.31971153846153844 0.025240384615384616 0.04807692307692308
2 0.6778846153846154 0.34975961538461536 0.04447115384615385 0.1346153846153846
2 0.7091346153846154 0.3918269230769231 0.07692307692307693 0.27283653846153844
2 0.7872596153846154 0.31009615384615385 0.09495192307692307 0.07572115384615384
2 0.7860576923076923 0.3605769230769231 0.07451923076923077 0.14783653846153846
2 0.8605769230769231 0.3293269230769231 0.10576923076923077 0.15504807692307693
2 0.9350961538461539 0.39783653846153844 0.12740384615384615 0.27283653846153844