2 0.3762019230769231 0.7908653846153846 0.08653846153846154 0.36538461538461536
2 0.0985576923076923 0.8052884615384616 0.19110576923076922 0.3870192307692308
2 0.09254807692307693 0.6153846153846154 0.026442307692307692 0.051682692307692304
2 0.17307692307692307 0.6502403846153846 0.051682692307692304 0.10336538461538461
2 0.22956730769230768 0.7728365384615384 0.06850961538461539 0.31971153846153844
2 0.3545673076923077 0.6310096153846154 0.036057692307692304 0.06850961538461539
2 0.43509615384615385 0.7956730769230769 0.04447115384615385 0.3329326923076923
2 0.4387019230769231 0.6153846153846154 0.02403846153846154 0.04447115384615385
2 0.5060096153846154 0.8016826923076923 0.10336538461538461 0.3942307692307692
2 0.5252403846153846 0.6430288461538461 0.038461538461538464 0.05889423076923077
2 0.5649038461538461 0.6947115384615384 0.042067307692307696 0.1658653846153846
2 0.6346153846153846 0.6538461538461539 0.026442307692307692 0.10216346153846154
2 0.7067307692307693 0.7307692307692307 0.07692307692307693 0.23918269230769232
2 0.7668269230769231 0.7127403846153846 0.057692307692307696 0.27524038461538464