2 0.640625 0.5805288461538461 0.09254807692307693 0.46033653846153844
2 0.17668269230769232 0.5841346153846154 0.24639423076923078 0.8293269230769231
2 0.40384615384615385 0.6033653846153846 0.19591346153846154 0.7235576923076923
2 0.5516826923076923 0.5865384615384616 0.15745192307692307 0.6129807692307693
2 0.7487980769230769 0.5612980769230769 0.10817307692307693 0.4579326923076923
2 0.8149038461538461 0.5492788461538461 0.07451923076923077 0.4014423076923077
2 0.859375 0.5408653846153846 0.039663461538461536 0.34975961538461536
2 0.890625 0.5372596153846154 0.02283653846153846 0.3233173076923077
2 0.9206730769230769 0.5360576923076923 0.016826923076923076 0.296875
2 0.9483173076923077 0.5336538461538461 0.010817307692307692 0.25721153846153844
2 0.9675480769230769 0.5264423076923077 0.009615384615384616 0.23557692307692307
2 0.9867788461538461 0.5168269230769231 0.007211538461538462 0.20432692307692307