0 0.7140625 0.26171875 0.0671875 0.1390625
0 0.75 0.425 0.14375 0.2515625
0 0.8421875 0.5078125 0.1890625 0.2625
0 0.6453125 0.47109375 0.09375 0.1625
1 0.1515625 0.1375 0.18125 0.2125
0 0.3390625 0.27734375 0.371875 0.3953125
0 0.54609375 0.44140625 0.0609375 0.0859375
1 0.69453125 0.7984375 0.5328125 0.403125
0 0.3609375 0.66171875 0.1046875 0.15
0 0.4125 0.7296875 0.04375 0.0609375
0 0.47734375 0.74921875 0.034375 0.0609375
0 0.12109375 0.6703125 0.121875 0.19375
0 0.1828125 0.71875 0.109375 0.18125
0 0.45 0.8375 0.059375 0.1296875
0 0.3890625 0.82421875 0.0765625 0.121875
1 0.15625 0.55078125 0.0875 0.084375
1 0.21875 0.596875 0.09375 0.1015625