1 0.190625 0.29375 0.38125 0.465625
0 0.2015625 0.434375 0.090625 0.065625
0 0.11875 0.50625 0.065625 0.05
0 0.29453125 0.4453125 0.059375 0.0828125
1 0.521875 0.12890625 0.4 0.2578125
1 0.77734375 0.08984375 0.2203125 0.1796875
0 0.52890625 0.24453125 0.0640625 0.0765625
0 0.59296875 0.2375 0.06875 0.08125
0 0.79140625 0.23515625 0.0828125 0.1109375
0 0.61640625 0.36875 0.2203125 0.196875
0 0.90234375 0.2671875 0.0890625 0.0859375
0 0.52890625 0.51484375 0.0921875 0.121875
0 0.74609375 0.428125 0.0953125 0.115625
0 0.5046875 0.821875 0.284375 0.35625
0 0.76953125 0.72890625 0.2984375 0.209375
1 0.65078125 0.8609375 0.14375 0.221875
1 0.96796875 0.4328125 0.0640625 0.109375
1 0.90625 0.49765625 0.178125 0.190625
1 0.684375 0.60625 0.403125 0.30625