1 0.97890625 0.16640625 0.0421875 0.2703125
1 0.87890625 0.16484375 0.0625 0.1390625
0 0.83984375 0.17578125 0.0453125 0.115625
0 0.6078125 0.2109375 0.0859375 0.121875
0 0.91875 0.24296875 0.1140625 0.359375
1 0.9328125 0.0484375 0.0890625 0.0453125
0 0.85859375 0.28359375 0.0328125 0.10625
0 0.7390625 0.33046875 0.025 0.03125
0 0.71484375 0.34296875 0.021875 0.059375
0 0.6640625 0.35078125 0.0484375 0.05625
0 0.82265625 0.38125 0.09375 0.1015625
1 0.4625 0.37109375 0.034375 0.08125
1 0.503125 0.4015625 0.0578125 0.0984375
1 0.9359375 0.4484375 0.128125 0.065625
1 0.878125 0.525 0.24375 0.115625
1 0.85859375 0.0734375 0.0609375 0.1015625
1 0.6484375 0.08203125 0.0875 0.15
0 0.72578125 0.090625 0.0828125 0.15625
1 0.79453125 0.1109375 0.0765625 0.1875
0 0.13671875 0.8265625 0.0359375 0.0703125
0 0.06484375 0.82734375 0.0328125 0.0703125
0 0.1234375 0.9125 0.065625 0.08125
0 0.059375 0.9203125 0.040625 0.0765625
1 0.27265625 0.75078125 0.1125 0.10625
1 0.09375 0.74609375 0.1875 0.0921875
0 0.203125 0.77109375 0.0359375 0.0734375
0 0.71484375 0.77109375 0.453125 0.2546875