0 0.67734375 0.25390625 0.025 0.046875
0 0.58359375 0.25703125 0.025 0.078125
0 0.528125 0.26796875 0.028125 0.0640625
0 0.31328125 0.2765625 0.021875 0.0546875
0 0.45546875 0.28125 0.0171875 0.046875
0 0.38671875 0.28828125 0.021875 0.0546875
0 0.65625 0.29921875 0.028125 0.084375
0 0.73203125 0.30625 0.025 0.046875
0 0.4296875 0.31875 0.0234375 0.040625
0 0.5 0.32890625 0.0171875 0.05
0 0.2953125 0.34453125 0.025 0.0609375
0 0.70078125 0.34140625 0.021875 0.0640625
0 0.36875 0.37109375 0.0359375 0.125
0 0.63046875 0.371875 0.028125 0.0875
0 0.553125 0.3765625 0.0359375 0.128125
0 0.46796875 0.39375 0.025 0.0703125
0 0.6765625 0.4078125 0.0171875 0.0671875
0 0.321875 0.43125 0.021875 0.0609375
0 0.42890625 0.44296875 0.025 0.09375
0 0.58671875 0.46796875 0.03125 0.078125