0 0.16796875 0.221875 0.153125 0.15
0 0.06640625 0.2875 0.1328125 0.159375
1 0.084375 0.1875 0.08125 0.084375
1 0.159375 0.1484375 0.121875 0.096875
0 0.78203125 0.60390625 0.171875 0.1265625
0 0.89609375 0.36171875 0.128125 0.134375
0 0.7140625 0.46484375 0.28125 0.296875
0 0.56484375 0.546875 0.1265625 0.153125
0 0.01328125 0.515625 0.0265625 0.121875
0 0.37109375 0.86875 0.1171875 0.18125
1 0.5390625 0.92265625 0.275 0.1546875
0 0.12265625 0.51484375 0.159375 0.2390625
0 0.0734375 0.60703125 0.1453125 0.1578125
1 0.05 0.68046875 0.0890625 0.1296875
0 0.23203125 0.61640625 0.1296875 0.1640625
1 0.31015625 0.59140625 0.128125 0.14375
0 0.178125 0.83125 0.1765625 0.2796875
1 0.44296875 0.76328125 0.3046875 0.3578125