0 0.803125 0.2453125 0.39375 0.39375
0 0.3859375 0.2375 0.1171875 0.1859375
0 0.1859375 0.19453125 0.0828125 0.140625
0 0.3875 0.30625 0.0859375 0.1296875
0 0.21328125 0.25703125 0.0609375 0.075
0 0.271875 0.30234375 0.0 0.1390625
1 0.36484375 0.090625 0.3078125 0.18125
0 0.175 0.0 0.13125 0.2
0 0.6453125 0.840625 0.2453125 0.234375
1 0.81953125 0.83671875 0.2671875 0.3265625
1 0.22265625 0.54609375 0.2375 0.1640625
0 0.0671875 0.5796875 0.134375 0.325
0 0.221875 0.66953125 0.1734375 0.1765625
0 0.1125 0.64921875 0.15 0.2015625
1 0.21796875 0.4328125 0.259375 0.1984375
1 0.07265625 0.38046875 0.1203125 0.1515625