0 0.7296875 0.1390625 0.26875 0.20625
0 0.4375 0.08828125 0.15625 0.1765625
0 0.8921875 0.1640625 0.0984375 0.0984375
1 0.71640625 0.6625 0.178125 0.353125
1 0.2390625 0.46328125 0.2109375 0.3703125
0 0.31796875 0.725 0.1359375 0.1796875
0 0.03515625 0.61796875 0.0703125 0.1328125
0 0.565625 0.8515625 0.084375 0.1328125
0 0.14921875 0.68359375 0.096875 0.1125
0 0.61796875 0.89296875 0.0828125 0.128125
1 0.65 0.609375 0.1953125 0.3265625
0 0.88203125 0.74453125 0.1625 0.19375
1 0.809375 0.63125 0.19375 0.2625