0 0.903125 0.21171875 0.19375 0.4109375
0 0.32734375 0.38125 0.1421875 0.0953125
0 0.084375 0.340625 0.165625 0.1671875
1 0.44453125 0.63359375 0.1515625 0.1265625
0 0.18046875 0.6359375 0.14375 0.1296875
0 0.07265625 0.65234375 0.0421875 0.0625
0 0.07421875 0.703125 0.071875 0.053125
0 0.21640625 0.746875 0.05625 0.0875
0 0.328125 0.75078125 0.034375 0.0953125
0 0.446875 0.76796875 0.0390625 0.065625
0 0.50546875 0.775 0.0390625 0.0515625
1 0.18125 0.49921875 0.1484375 0.15
1 0.303125 0.55234375 0.1046875 0.2515625