0 0.178125 0.46875 0.2296875 0.3578125
0 0.4296875 0.00859375 0.028125 0.0171875
0 0.46171875 0.03515625 0.0546875 0.0703125
0 0.390625 0.06328125 0.040625 0.05625
0 0.625 0.0109375 0.0375 0.021875
0 0.43515625 0.08515625 0.0421875 0.06875
0 0.7703125 0.02421875 0.078125 0.0484375
0 0.5171875 0.0859375 0.0578125 0.0953125
0 0.59296875 0.065625 0.0796875 0.13125
0 0.6828125 0.04296875 0.05 0.078125
0 0.4859375 0.140625 0.04375 0.0734375
0 0.83671875 0.028125 0.0421875 0.05625
0 0.7390625 0.075 0.059375 0.1015625
0 0.59765625 0.16328125 0.0578125 0.0875
1 0.5296875 0.74609375 0.21875 0.209375
0 0.35390625 0.8109375 0.2328125 0.209375
0 0.19765625 0.88984375 0.159375 0.209375
0 0.88046875 0.7234375 0.1734375 0.203125