1 0.1203125 0.1265625 0.1203125 0.1265625
1 0.39296875 0.16953125 0.209375 0.140625
1 0.040625 0.16484375 0.04375 0.0890625
0 0.57265625 0.2796875 0.08125 0.0921875
0 0.41171875 0.2734375 0.0890625 0.08125
0 0.3265625 0.284375 0.0875 0.08125
0 0.04765625 0.26875 0.0734375 0.1234375
0 0.48515625 0.309375 0.0953125 0.0796875
0 0.23515625 0.2984375 0.0953125 0.0734375
0 0.13359375 0.303125 0.1125 0.0671875
1 0.56640625 0.3453125 0.08125 0.05625
1 0.39921875 0.33984375 0.0765625 0.059375
1 0.31953125 0.34453125 0.0859375 0.053125
1 0.48125 0.3671875 0.090625 0.05
1 0.1328125 0.3578125 0.10625 0.0546875
0 0.78515625 0.69140625 0.1609375 0.159375
1 0.21796875 0.68359375 0.4359375 0.3296875
1 0.50078125 0.74375 0.15625 0.09375
1 0.51796875 0.81875 0.0765625 0.0734375
0 0.4390625 0.82109375 0.090625 0.0890625
0 0.52421875 0.9203125 0.0671875 0.0703125
0 0.33125 0.9125 0.1234375 0.0890625
1 0.46328125 0.6265625 0.0703125 0.1484375