1 0.12265625 0.2828125 0.178125 0.534375
0 0.02421875 0.2671875 0.0484375 0.28125
0 0.309375 0.7 0.05 0.1359375
1 0.12890625 0.6921875 0.121875 0.1734375
0 0.01953125 0.046875 0.0390625 0.046875
0 0.56171875 0.14375 0.021875 0.1109375
1 0.76171875 0.2390625 0.3734375 0.478125
1 0.47421875 0.28671875 0.1453125 0.5734375
0 0.559375 0.25546875 0.025 0.1109375
0 0.55625 0.3578125 0.025 0.090625
1 0.584375 0.40078125 0.034375 0.18125
0 0.559375 0.4921875 0.040625 0.175
1 0.72890625 0.51796875 0.1171875 0.0953125
0 0.565625 0.04453125 0.025 0.0890625
1 0.54140625 0.09921875 0.0453125 0.1984375
0 0.12578125 0.8375 0.2234375 0.1328125
1 0.953125 0.85390625 0.09375 0.2484375
0 0.68046875 0.86796875 0.4796875 0.2640625