0 0.85703125 0.28125 0.2703125 0.3515625
0 0.35859375 0.14765625 0.1984375 0.275
0 0.13046875 0.39921875 0.225 0.265625
0 0.8078125 0.7234375 0.1375 0.165625
0 0.703125 0.80078125 0.078125 0.1265625
0 0.94765625 0.76171875 0.08125 0.11875
0 0.77109375 0.8140625 0.0625 0.115625
0 0.8703125 0.8328125 0.134375 0.1171875
0 0.9875 0.7921875 0.025 0.121875
0 0.9671875 0.85703125 0.065625 0.0796875
1 0.78046875 0.51953125 0.1921875 0.15
0 0.76328125 0.615625 0.04375 0.071875
1 0.23515625 0.903125 0.125 0.1375
0 0.34375 0.89921875 0.153125 0.1875
1 0.2171875 0.98203125 0.0875 0.0359375
0 0.30859375 0.71015625 0.13125 0.2359375
1 0.24140625 0.728125 0.1140625 0.2265625