0 0.24375 0.315625 0.384375 0.36875
0 0.80078125 0.078125 0.2203125 0.15625
0 0.36640625 0.6296875 0.034375 0.08125
1 0.30234375 0.64140625 0.1203125 0.34375
1 0.38828125 0.6296875 0.0296875 0.08125
1 0.14609375 0.6734375 0.2921875 0.3875
1 0.4828125 0.63515625 0.215625 0.3921875
0 0.390625 0.715625 0.0375 0.096875
0 0.328125 0.4953125 0.0234375 0.0546875
1 0.3578125 0.490625 0.046875 0.0578125
1 0.36640625 0.73984375 0.04375 0.140625
0 0.40546875 0.80703125 0.04375 0.0953125
1 0.23515625 0.86171875 0.1328125 0.053125
0 0.34296875 0.55703125 0.0296875 0.075
1 0.3703125 0.553125 0.04375 0.075
0 0.765625 0.534375 0.18125 0.271875