1 0.07265625 0.22421875 0.1453125 0.2078125
0 0.1125 0.33671875 0.13125 0.1390625
0 0.728125 0.1546875 0.39375 0.309375
0 0.2890625 0.80703125 0.459375 0.3859375
0 0.57578125 0.9203125 0.1203125 0.159375
1 0.95390625 0.525 0.0921875 0.196875
1 0.74921875 0.6546875 0.25 0.2390625
0 0.62578125 0.8484375 0.1140625 0.1421875
0 0.7765625 0.79765625 0.1140625 0.128125
0 0.8640625 0.790625 0.1140625 0.128125
0 0.7234375 0.865625 0.121875 0.1296875
0 0.9484375 0.78515625 0.103125 0.1203125
1 0.6609375 0.93515625 0.096875 0.09375
1 0.81484375 0.87890625 0.0921875 0.0875
1 0.8921875 0.86015625 0.09375 0.071875
1 0.7453125 0.92578125 0.0921875 0.059375