0 0.34921875 0.0546875 0.0984375 0.084375
0 0.6671875 0.26171875 0.078125 0.121875
1 0.825 0.3375 0.3046875 0.2203125
0 0.6484375 0.40234375 0.121875 0.1234375
0 0.51484375 0.0578125 0.1078125 0.115625
0 0.4328125 0.10234375 0.1328125 0.1109375
1 0.3734375 0.159375 0.084375 0.0953125
0 0.5984375 0.096875 0.10625 0.1125
1 0.6890625 0.07578125 0.115625 0.1015625
0 0.47265625 0.24921875 0.1125 0.1859375
1 0.7765625 0.18359375 0.2640625 0.2484375
0 0.15625 0.39296875 0.3125 0.5953125
1 0.84765625 0.56796875 0.084375 0.0828125
1 0.77265625 0.59453125 0.0953125 0.0859375
1 0.6484375 0.64140625 0.084375 0.0875
0 0.60390625 0.68515625 0.084375 0.1328125
0 0.725 0.66484375 0.1078125 0.175
1 0.70625 0.52265625 0.4046875 0.2359375
0 0.3578125 0.9359375 0.0578125 0.0703125
0 0.2515625 0.975 0.053125 0.05