0 0.60390625 0.12265625 0.040625 0.0953125
1 0.67578125 0.1578125 0.1359375 0.315625
1 0.5828125 0.128125 0.0359375 0.0953125
1 0.8265625 0.1640625 0.2875 0.328125
1 0.49609375 0.1 0.2359375 0.4
0 0.61015625 0.22734375 0.0453125 0.115625
1 0.6421875 0.24765625 0.0546875 0.1671875
0 0.6265625 0.3375 0.0515625 0.1140625
1 0.81328125 0.340625 0.1390625 0.065625
0 0.60078125 0.0375 0.0359375 0.075
1 0.5734375 0.03984375 0.05 0.0796875
0 0.2671875 0.29375 0.046875 0.096875
1 0.11875 0.1578125 0.2078125 0.221875
1 0.31015625 0.125 0.1625 0.215625
1 0.69921875 0.73359375 0.0953125 0.06875
1 0.871875 0.71875 0.25625 0.115625
1 0.68671875 0.76953125 0.3 0.0796875
0 0.7484375 0.7921875 0.09375 0.0484375
0 0.86640625 0.77890625 0.15625 0.05
0 0.1328125 0.853125 0.1 0.29375