0 0.36953125 0.07265625 0.2203125 0.1453125
0 0.64140625 0.1359375 0.2375 0.146875
1 0.22265625 0.11484375 0.153125 0.1375
0 0.63984375 0.02265625 0.1921875 0.0453125
0 0.11640625 0.27265625 0.2328125 0.3828125
0 0.75859375 0.5265625 0.240625 0.2296875
0 0.596875 0.67109375 0.13125 0.14375
0 0.85234375 0.6421875 0.065625 0.0765625
0 0.5140625 0.78125 0.0703125 0.0828125
0 0.9515625 0.696875 0.096875 0.140625
0 0.88515625 0.74140625 0.0625 0.0828125
0 0.62421875 0.825 0.10625 0.1
0 0.5015625 0.88046875 0.1359375 0.10625
0 0.39921875 0.9265625 0.0375 0.0671875
0 0.1359375 0.66875 0.271875 0.509375