1 0.40234375 0.1015625 0.1453125 0.203125
1 0.3484375 0.06015625 0.075 0.1203125
0 0.32890625 0.059375 0.0609375 0.115625
0 0.2265625 0.0734375 0.0765625 0.1234375
0 0.334375 0.15390625 0.178125 0.3078125
0 0.29609375 0.165625 0.053125 0.1046875
0 0.23203125 0.1 0.021875 0.0328125
0 0.2171875 0.21015625 0.03125 0.059375
0 0.19453125 0.2140625 0.0375 0.0578125
0 0.24375 0.25703125 0.071875 0.10625
1 0.1078125 0.215625 0.0421875 0.0796875
1 0.11171875 0.2484375 0.0578125 0.1
1 0.271875 0.3359375 0.0859375 0.08125
1 0.21953125 0.40390625 0.14375 0.140625
0 0.31796875 0.02265625 0.0890625 0.0453125
1 0.33671875 0.04296875 0.0984375 0.0859375
0 0.75078125 0.34609375 0.29375 0.240625
0 0.01953125 0.61796875 0.0390625 0.3421875
0 0.09375 0.6953125 0.1875 0.334375
0 0.27421875 0.771875 0.134375 0.075
0 0.66875 0.959375 0.140625 0.08125
0 0.2453125 0.8359375 0.1359375 0.10625
0 0.6375 0.75546875 0.540625 0.3
1 0.27890625 0.65390625 0.253125 0.2515625
0 0.6328125 0.83828125 0.10625 0.0890625
0 0.5 0.79140625 0.10625 0.103125
0 0.37734375 0.74765625 0.090625 0.1078125
1 0.77578125 0.92109375 0.1859375 0.1453125