1 0.48203125 0.04609375 0.3828125 0.0921875
0 0.7046875 0.06484375 0.0921875 0.0875
1 0.428125 0.11015625 0.15625 0.128125
0 0.60703125 0.19609375 0.265625 0.25625
0 0.44375 0.2234375 0.09375 0.121875
0 0.259375 0.21171875 0.3 0.175
0 0.53984375 0.36171875 0.340625 0.2375
0 0.46953125 0.48515625 0.1 0.0984375
1 0.61328125 0.52109375 0.128125 0.075
1 0.03828125 0.45 0.0765625 0.253125
1 0.22890625 0.509375 0.2703125 0.1625
0 0.85234375 0.20078125 0.0359375 0.0890625
0 0.996875 0.4265625 0.00625 0.0625
0 0.70234375 0.59375 0.028125 0.078125
0 0.74140625 0.646875 0.0609375 0.1875
0 0.6734375 0.7171875 0.0703125 0.075
0 0.93828125 0.7953125 0.0515625 0.140625
0 0.78828125 0.809375 0.0359375 0.0546875
0 0.87890625 0.82734375 0.0328125 0.0671875
0 0.68828125 0.80546875 0.0609375 0.053125
0 0.23203125 0.9125 0.28125 0.1375
0 0.88984375 0.9921875 0.0765625 0.015625