1 0.35 0.2421875 0.0640625 0.1203125
0 0.540625 0.29140625 0.35 0.2953125
0 0.81171875 0.28359375 0.2390625 0.2390625
1 0.4359375 0.05703125 0.378125 0.1140625
1 0.46796875 0.1296875 0.421875 0.13125
0 0.06015625 0.3046875 0.1203125 0.509375
1 0.7359375 0.60390625 0.1046875 0.090625
0 0.5375 0.65859375 0.05 0.06875
1 0.4109375 0.6875 0.1125 0.13125
0 0.84609375 0.6453125 0.0671875 0.09375
0 0.721875 0.67890625 0.1640625 0.0796875
0 0.71015625 0.73671875 0.04375 0.05625
0 0.82421875 0.72890625 0.0328125 0.0546875
1 0.47109375 0.5609375 0.303125 0.15
0 0.64921875 0.596875 0.0875 0.1140625