0 0.02890625 0.11875 0.0578125 0.146875
0 0.1484375 0.10078125 0.190625 0.15
0 0.3515625 0.0640625 0.209375 0.121875
0 0.48125 0.0765625 0.125 0.1015625
0 0.10234375 0.24765625 0.2046875 0.1578125
0 0.3453125 0.221875 0.1484375 0.134375
0 0.3671875 0.40390625 0.1140625 0.05625
0 0.1671875 0.4703125 0.0546875 0.05
0 0.0875 0.490625 0.065625 0.05625
0 0.240625 0.3546875 0.0609375 0.0828125
0 0.30234375 0.3140625 0.0859375 0.0875
0 0.559375 0.53828125 0.0578125 0.059375
0 0.79453125 0.178125 0.2484375 0.2
1 0.5484375 0.74609375 0.15625 0.2359375
1 0.30703125 0.8109375 0.3875 0.3375
0 0.584375 0.92265625 0.109375 0.1515625
0 0.43203125 0.96875 0.1453125 0.0625
0 0.79765625 0.7890625 0.3890625 0.396875