1 0.90390625 0.10234375 0.121875 0.13125
0 0.69609375 0.10234375 0.1140625 0.13125
0 0.61015625 0.11796875 0.0328125 0.0640625
0 0.61171875 0.16953125 0.05625 0.0546875
0 0.72265625 0.215625 0.0453125 0.0890625
0 0.81015625 0.2203125 0.0296875 0.096875
0 0.90234375 0.23828125 0.03125 0.0671875
0 0.9484375 0.24609375 0.03125 0.053125
1 0.69921875 0.021875 0.115625 0.034375
1 0.79296875 0.07734375 0.084375 0.1375
1 0.41484375 0.25234375 0.1515625 0.5046875
1 0.684375 0.7171875 0.4453125 0.1828125
0 0.92265625 0.7640625 0.0515625 0.04375
0 0.87265625 0.83359375 0.0625 0.0453125
0 0.75703125 0.85078125 0.1515625 0.0484375
0 0.64609375 0.8625 0.05 0.04375
0 0.52734375 0.88046875 0.06875 0.0578125
0 0.19375 0.69453125 0.1015625 0.284375
0 0.2890625 0.73125 0.0328125 0.04375
0 0.075 0.740625 0.15 0.103125
0 0.25234375 0.74765625 0.0296875 0.071875
1 0.29921875 0.79921875 0.0359375 0.065625
1 0.25 0.8140625 0.03125 0.0578125
0 0.103125 0.8125 0.0796875 0.0484375
1 0.03125 0.82890625 0.0625 0.0703125
0 0.028125 0.65703125 0.05625 0.0671875