0 0.21640625 0.24921875 0.4328125 0.4140625
1 0.8359375 0.11640625 0.175 0.1953125
0 0.71875 0.1625 0.159375 0.1671875
0 0.63671875 0.36796875 0.11875 0.1796875
1 0.56640625 0.12265625 0.2296875 0.2453125
0 0.89296875 0.6515625 0.0984375 0.159375
0 0.965625 0.69296875 0.06875 0.0828125
1 0.7125 0.79296875 0.09375 0.0765625
0 0.93203125 0.8078125 0.08125 0.071875
0 0.8421875 0.83828125 0.0625 0.065625
1 0.87890625 0.5578125 0.09375 0.0609375
1 0.9578125 0.590625 0.084375 0.153125
1 0.68046875 0.6859375 0.15625 0.1921875
1 0.928125 0.6171875 0.0609375 0.1109375
0 0.80078125 0.66796875 0.1796875 0.2296875