0 0.13046875 0.55859375 0.084375 0.1296875
0 0.0921875 0.653125 0.0953125 0.1421875
0 0.5609375 0.465625 0.1453125 0.153125
0 0.3921875 0.56640625 0.15 0.1625
0 0.3234375 0.7109375 0.21875 0.34375
0 0.665625 0.56328125 0.1625 0.1953125
0 0.5125 0.6640625 0.1703125 0.253125
0 0.91796875 0.49296875 0.0921875 0.121875
0 0.23671875 0.8171875 0.0875 0.1078125
0 0.17265625 0.89453125 0.1578125 0.2109375
1 0.25625 0.1875 0.353125 0.3265625
0 0.11171875 0.3234375 0.2234375 0.36875
1 0.02421875 0.39375 0.0484375 0.3375
0 0.5625 0.20859375 0.1078125 0.146875