0 0.4203125 0.37890625 0.1109375 0.2765625
1 0.66484375 0.06171875 0.5359375 0.1234375
1 0.425 0.82890625 0.221875 0.1625
0 0.1828125 0.88359375 0.1421875 0.13125
0 0.30625 0.88125 0.09375 0.13125
0 0.209375 0.990625 0.134375 0.01875
0 0.33671875 0.9953125 0.0921875 0.009375
0 0.6125 0.70703125 0.0796875 0.196875
0 0.94140625 0.67734375 0.0921875 0.2109375
0 0.58515625 0.7703125 0.0703125 0.1265625
0 0.86953125 0.7578125 0.078125 0.128125
0 0.81953125 0.7984375 0.0609375 0.075
0 0.71484375 0.81640625 0.103125 0.128125