0 0.66015625 0.071875 0.0703125 0.1140625
1 0.4953125 0.1171875 0.3125 0.1671875
0 0.33984375 0.18515625 0.0515625 0.121875
1 0.86015625 0.11171875 0.1546875 0.2234375
0 0.75703125 0.12734375 0.1828125 0.2546875
0 0.55859375 0.2078125 0.1 0.146875
0 0.428125 0.265625 0.1125 0.090625
0 0.57421875 0.3 0.0421875 0.040625
0 0.72109375 0.28203125 0.0671875 0.1015625
1 0.81953125 0.275 0.0609375 0.0890625
0 0.878125 0.2625 0.09375 0.1
0 0.8375 0.33671875 0.05625 0.0578125
1 0.571875 0.05 0.59375 0.1
0 0.034375 0.3203125 0.06875 0.39375
0 0.79609375 0.67421875 0.1640625 0.15625
0 0.94453125 0.66328125 0.1109375 0.2265625
0 0.878125 0.75703125 0.0640625 0.08125
0 0.9390625 0.80859375 0.121875 0.1015625
1 0.9296875 0.509375 0.1171875 0.1265625
1 0.7703125 0.575 0.084375 0.096875
0 0.228125 0.640625 0.4046875 0.16875