0 0.88515625 0.15078125 0.2296875 0.1828125
0 0.390625 0.1671875 0.259375 0.13125
0 0.78828125 0.69921875 0.1859375 0.0734375
0 0.953125 0.80234375 0.0265625 0.1046875
1 0.81328125 0.7921875 0.1265625 0.115625
1 0.70234375 0.809375 0.10625 0.0640625
0 0.72109375 0.91328125 0.2265625 0.1703125
1 0.58828125 0.89765625 0.06875 0.175
1 0.85703125 0.59609375 0.2859375 0.2171875
1 0.0765625 0.4671875 0.153125 0.10625
1 0.54921875 0.696875 0.1296875 0.2375
1 0.3109375 0.68046875 0.421875 0.359375
0 0.0703125 0.65 0.140625 0.296875
1 0.18046875 0.88125 0.3609375 0.196875