0 0.1578125 0.21484375 0.040625 0.0515625
0 0.25078125 0.26953125 0.1703125 0.225
0 0.0578125 0.1875 0.096875 0.0984375
0 0.471875 0.08203125 0.19375 0.1328125
0 0.32109375 0.80078125 0.121875 0.1359375
0 0.42734375 0.846875 0.0625 0.0953125
0 0.48125 0.871875 0.084375 0.153125
0 0.5375 0.88046875 0.15 0.2390625
1 0.70625 0.46796875 0.203125 0.28125
0 0.65703125 0.5609375 0.109375 0.1703125
0 0.78359375 0.6828125 0.153125 0.2125
0 0.72890625 0.78515625 0.203125 0.3109375
0 0.7125 0.91796875 0.0578125 0.071875