1 0.3140625 0.0 0.325 0.2
0 0.1421875 0.06328125 0.121875 0.1265625
0 0.90078125 0.36015625 0.1984375 0.2546875
0 0.0125 0.584375 0.025 0.05625
0 0.1125 0.63203125 0.1421875 0.0921875
0 0.246875 0.70859375 0.096875 0.1078125
0 0.06796875 0.68125 0.1359375 0.109375
1 0.13046875 0.51875 0.2609375 0.25
1 0.29375 0.584375 0.1890625 0.2734375
0 0.571875 0.571875 0.06875 0.0984375
1 0.4828125 0.5859375 0.1359375 0.1796875
1 0.91796875 0.70078125 0.13125 0.1890625
0 0.821875 0.728125 0.146875 0.284375
0 0.49609375 0.72890625 0.2890625 0.175
0 0.88671875 0.8359375 0.1109375 0.1296875