1 0.9515625 0.5109375 0.096875 0.190625
1 0.6703125 0.33828125 0.475 0.3359375
0 0.88984375 0.521875 0.084375 0.0875
0 0.76328125 0.48046875 0.046875 0.04375
0 0.79765625 0.5640625 0.0984375 0.09375
0 0.94765625 0.65390625 0.0734375 0.05625
0 0.7359375 0.53984375 0.078125 0.06875
0 0.403125 0.16015625 0.2359375 0.2546875
0 0.3484375 0.69375 0.18125 0.2078125
0 0.42421875 0.8234375 0.2828125 0.353125
1 0.528125 0.81953125 0.309375 0.3609375
0 0.23828125 0.8296875 0.190625 0.20625
1 0.51328125 0.55546875 0.4125 0.284375
0 0.18984375 0.52421875 0.3109375 0.38125