0 0.2046875 0.23515625 0.39375 0.4703125
0 0.7328125 0.19375 0.1390625 0.1734375
0 0.51328125 0.18515625 0.046875 0.053125
0 0.63046875 0.209375 0.125 0.2375
0 0.52421875 0.26015625 0.1125 0.06875
0 0.8734375 0.4015625 0.1125 0.1640625
0 0.5015625 0.36328125 0.146875 0.159375
0 0.678125 0.4203125 0.2703125 0.2125
0 0.78125 0.09140625 0.1359375 0.0828125
1 0.28125 0.63828125 0.0765625 0.0921875
1 0.23203125 0.64375 0.05 0.103125
0 0.246875 0.69765625 0.025 0.0453125
1 0.26171875 0.7375 0.0484375 0.11875
0 0.196875 0.74921875 0.0828125 0.1296875
0 0.6546875 0.84296875 0.553125 0.3140625