0 0.25859375 0.1828125 0.4546875 0.365625
0 0.9671875 0.1734375 0.065625 0.184375
1 0.80859375 0.15 0.084375 0.2015625
1 0.74921875 0.1953125 0.0640625 0.15625
1 0.9 0.234375 0.075 0.1046875
0 0.7203125 0.31328125 0.034375 0.0859375
0 0.76953125 0.32578125 0.0578125 0.09375
0 0.82421875 0.41484375 0.1265625 0.29375
0 0.71328125 0.43359375 0.0625 0.0984375
0 0.8765625 0.478125 0.075 0.2265625
1 0.775 0.08046875 0.0546875 0.078125
1 0.90078125 0.12734375 0.1359375 0.1359375
0 0.0609375 0.79609375 0.121875 0.1328125
0 0.2515625 0.90859375 0.128125 0.121875
0 0.06640625 0.89375 0.115625 0.0796875
1 0.16328125 0.6390625 0.2578125 0.115625
0 0.378125 0.9703125 0.165625 0.059375
0 0.92421875 0.85859375 0.0578125 0.1515625
1 0.76875 0.86875 0.096875 0.165625
0 0.825 0.89921875 0.121875 0.2015625
1 0.71484375 0.9625 0.1515625 0.075
1 0.91875 0.765625 0.08125 0.0421875
1 0.80625 0.7625 0.1125 0.084375