0 0.36171875 0.209375 0.040625 0.1375
0 0.2921875 0.36328125 0.096875 0.24375
0 0.184375 0.42421875 0.1453125 0.24375
0 0.38671875 0.4296875 0.0640625 0.15625
1 0.92890625 0.20703125 0.121875 0.190625
0 0.728125 0.303125 0.315625 0.346875
0 0.48984375 0.421875 0.046875 0.0796875
1 0.25 0.78671875 0.490625 0.4171875
0 0.62578125 0.67734375 0.08125 0.140625
0 0.5609375 0.7328125 0.0328125 0.0578125
0 0.49296875 0.7390625 0.0234375 0.059375
0 0.86015625 0.73515625 0.0875 0.184375
0 0.78984375 0.77109375 0.0765625 0.175
0 0.50078125 0.83125 0.034375 0.1296875
0 0.5640625 0.83125 0.0546875 0.1171875
1 0.85078125 0.6109375 0.0765625 0.071875
1 0.7796875 0.64375 0.078125 0.0890625