0 0.24921875 0.07578125 0.1234375 0.103125
0 0.51171875 0.24375 0.2328125 0.196875
1 0.303125 0.52578125 0.1984375 0.3078125
0 0.13203125 0.60234375 0.2640625 0.3484375
0 0.2265625 0.715625 0.1265625 0.1328125
1 0.18125 0.82265625 0.1375 0.1546875
0 0.03125 0.77734375 0.0625 0.1359375
0 0.2578125 0.42109375 0.109375 0.146875
1 0.1890625 0.396875 0.1203125 0.1578125
0 0.78203125 0.75234375 0.2765625 0.3875
0 0.65546875 0.84296875 0.0328125 0.053125
1 0.8078125 0.921875 0.040625 0.0640625
1 0.63515625 0.9109375 0.0515625 0.0640625
0 0.6953125 0.93515625 0.10625 0.0828125
1 0.75625 0.965625 0.096875 0.06875
1 0.6609375 0.96640625 0.13125 0.0671875