1 0.62109375 0.2640625 0.1984375 0.2125
0 0.509375 0.290625 0.171875 0.290625
1 0.3875 0.2546875 0.23125 0.20625
1 0.196875 0.20390625 0.2703125 0.2828125
0 0.33515625 0.346875 0.11875 0.1109375
0 0.26484375 0.3328125 0.0640625 0.0734375
0 0.49453125 0.46484375 0.0984375 0.0765625
1 0.38984375 0.12109375 0.3671875 0.2421875
0 0.85 0.41796875 0.0953125 0.109375
0 0.7875 0.38828125 0.059375 0.0671875
0 0.91796875 0.46640625 0.096875 0.1265625
0 0.70390625 0.490625 0.0796875 0.1
1 0.86171875 0.31875 0.2765625 0.209375
1 0.9671875 0.446875 0.065625 0.184375
0 0.19765625 0.5421875 0.3953125 0.43125
0 0.7140625 0.85703125 0.26875 0.2734375
0 0.809375 0.9359375 0.103125 0.128125
0 0.62109375 0.93671875 0.3546875 0.1265625
1 0.7515625 0.74140625 0.2609375 0.2078125