0 0.18828125 0.35234375 0.3765625 0.3421875
0 0.86328125 0.06875 0.0484375 0.0578125
0 0.91015625 0.08125 0.0421875 0.078125
1 0.93828125 0.09140625 0.0453125 0.1328125
1 0.87890625 0.021875 0.1328125 0.04375
1 0.71484375 0.03359375 0.0765625 0.0671875
1 0.784375 0.04921875 0.0875 0.0984375
0 0.26015625 0.77421875 0.078125 0.096875
0 0.1828125 0.7859375 0.0484375 0.059375
0 0.3546875 0.775 0.06875 0.1203125
0 0.16484375 0.91328125 0.0609375 0.0921875
1 0.21640625 0.6875 0.321875 0.128125
1 0.44375 0.703125 0.1546875 0.1578125
1 0.896875 0.69453125 0.1265625 0.353125
0 0.81015625 0.8171875 0.1296875 0.1375