0 0.75 0.184375 0.159375 0.35
0 0.634375 0.27421875 0.0484375 0.0859375
0 0.975 0.37890625 0.05 0.1140625
0 0.565625 0.36015625 0.146875 0.0984375
0 0.746875 0.38671875 0.04375 0.0859375
1 0.90625 0.1125 0.1875 0.19375
1 0.5859375 0.10625 0.23125 0.2125
1 0.05234375 0.1828125 0.078125 0.10625
1 0.109375 0.2046875 0.0484375 0.125
0 0.0734375 0.265625 0.025 0.05625
1 0.0421875 0.31015625 0.0421875 0.1484375
0 0.12109375 0.34375 0.0859375 0.15625
1 0.815625 0.87109375 0.340625 0.2578125
0 0.5859375 0.83515625 0.165625 0.3296875