0 0.77265625 0.36015625 0.04375 0.053125
0 0.6890625 0.315625 0.0578125 0.0796875
0 0.6359375 0.29765625 0.0546875 0.06875
0 0.44375 0.196875 0.04375 0.05625
0 0.56640625 0.27265625 0.0375 0.05
0 0.50234375 0.24375 0.04375 0.05625
0 0.73125 0.3890625 0.0640625 0.0875
0 0.79375 0.43359375 0.04375 0.053125
0 0.525 0.29140625 0.040625 0.046875
0 0.58125 0.3359375 0.0390625 0.053125
0 0.39453125 0.246875 0.05 0.0640625
0 0.7484375 0.4484375 0.0484375 0.065625
0 0.44453125 0.30703125 0.090625 0.125
0 0.67265625 0.43984375 0.065625 0.0890625
0 0.603125 0.4046875 0.0921875 0.128125
0 0.5203125 0.3765625 0.0546875 0.0734375
0 0.69453125 0.49375 0.046875 0.0671875
0 0.375 0.3359375 0.046875 0.0625
0 0.4609375 0.39921875 0.065625 0.09375
0 0.5859375 0.5015625 0.0640625 0.0828125