1 0.1484375 0.3375 0.0 0.10625
1 0.259375 0.33515625 0.075 0.0796875
1 0.06796875 0.13046875 0.109375 0.1125
0 0.1515625 0.11953125 0.0953125 0.1234375
1 0.21875 0.13125 0.0875 0.16875
0 0.1921875 0.184375 0.025 0.0390625
0 0.025 0.2375 0.05 0.13125
0 0.14296875 0.23359375 0.0734375 0.128125
0 0.078125 0.27890625 0.0578125 0.1390625
0 0.2265625 0.25859375 0.04375 0.0953125
0 0.55546875 0.715625 0.1515625 0.3796875
1 0.8421875 0.70859375 0.315625 0.3796875
0 0.70703125 0.82734375 0.125 0.1421875
0 0.48828125 0.9 0.1421875 0.09375
1 0.1046875 0.69921875 0.134375 0.196875
0 0.2921875 0.696875 0.021875 0.065625
0 0.2765625 0.7625 0.021875 0.0609375
1 0.19453125 0.784375 0.0578125 0.0875
0 0.16015625 0.59375 0.0703125 0.09375