0 0.671875 0.06328125 0.28125 0.1265625
0 0.38828125 0.16484375 0.2921875 0.29375
0 0.23984375 0.221875 0.071875 0.071875
1 0.49765625 0.49140625 0.2515625 0.3546875
1 0.61640625 0.4421875 0.1265625 0.175
0 0.65625 0.43984375 0.0 0.14375
0 0.86953125 0.39609375 0.1328125 0.1625
0 0.62734375 0.54609375 0.2921875 0.4375
1 0.503125 0.321875 0.0 0.09375
0 0.7 0.57109375 0.0859375 0.1296875
0 0.82734375 0.58125 0.0375 0.0453125
0 0.8546875 0.58671875 0.0515625 0.075
0 0.9015625 0.57734375 0.0703125 0.08125
0 0.7859375 0.6703125 0.1296875 0.146875
1 0.709375 0.8 0.171875 0.1375
1 0.79453125 0.85234375 0.2734375 0.2109375
1 0.578125 0.3234375 0.1109375 0.1453125
1 0.759375 0.2578125 0.159375 0.209375
0 0.69921875 0.2953125 0.1578125 0.2125
1 0.653125 0.34453125 0.171875 0.2453125
0 0.0796875 0.6546875 0.159375 0.184375
0 0.5109375 0.675 0.1203125 0.146875