0 0.09765625 0.30859375 0.1296875 0.1140625
0 0.9359375 0.31875 0.128125 0.2
0 0.9578125 0.42890625 0.084375 0.1109375
1 0.6890625 0.303125 0.1109375 0.1046875
0 0.94921875 0.5703125 0.1015625 0.240625
0 0.8390625 0.49921875 0.0984375 0.096875
0 0.74609375 0.453125 0.0796875 0.0859375
1 0.98125 0.225 0.0375 0.075
1 0.753125 0.18203125 0.203125 0.234375
1 0.9765625 0.315625 0.046875 0.1375
0 0.859375 0.26328125 0.2359375 0.28125
0 0.2609375 0.71015625 0.4109375 0.475
1 0.46640625 0.703125 0.1578125 0.171875
0 0.3375 0.85 0.0609375 0.0953125