0 0.12421875 0.378125 0.0484375 0.059375
0 0.2171875 0.32890625 0.065625 0.0890625
0 0.27734375 0.3078125 0.0609375 0.078125
0 0.49140625 0.19609375 0.0484375 0.0640625
0 0.35390625 0.28046875 0.0421875 0.05625
0 0.42578125 0.25 0.0484375 0.0640625
0 0.1703125 0.4109375 0.071875 0.096875
0 0.0 0.4609375 0.0484375 0.059375
0 0.40078125 0.30234375 0.0453125 0.053125
0 0.33828125 0.3515625 0.04375 0.0578125
0 0.54609375 0.25234375 0.05625 0.071875
0 0.15078125 0.47734375 0.0546875 0.0734375
0 0.48984375 0.31953125 0.0 0.140625
0 0.23671875 0.4671875 0.075 0.1015625
0 0.3140625 0.428125 0.103125 0.14375
0 0.40625 0.396875 0.0609375 0.08125
0 0.2109375 0.52890625 0.053125 0.075
0 0.56875 0.3515625 0.053125 0.0703125
0 0.471875 0.42265625 0.075 0.1046875
0 0.3328125 0.53671875 0.071875 0.0921875