0 0.67890625 0.2421875 0.6375 0.4671875
1 0.32421875 0.1859375 0.0390625 0.1046875
1 0.1875 0.19453125 0.040625 0.1
1 0.1140625 0.20703125 0.0375 0.1703125
0 0.24140625 0.20859375 0.0765625 0.1421875
0 0.29921875 0.22109375 0.0484375 0.103125
0 0.08125 0.246875 0.0453125 0.1109375
0 0.028125 0.2859375 0.05625 0.1
0 0.15625 0.3046875 0.0328125 0.075
1 0.11484375 0.06953125 0.153125 0.1078125
1 0.24921875 0.07421875 0.0734375 0.1265625
0 0.20703125 0.078125 0.059375 0.125
1 0.02578125 0.1484375 0.0515625 0.25
1 0.30234375 0.16015625 0.0375 0.1140625
0 0.1453125 0.17578125 0.0390625 0.090625
0 0.70859375 0.76015625 0.2421875 0.3515625
0 0.08984375 0.74453125 0.1796875 0.5109375