0 0.20390625 0.1203125 0.0609375 0.0984375
0 0.196875 0.2875 0.159375 0.128125
0 0.48125 0.32578125 0.1328125 0.171875
0 0.83671875 0.103125 0.2796875 0.1921875
0 0.81015625 0.284375 0.2484375 0.1546875
0 0.40703125 0.484375 0.2078125 0.1609375
1 0.7640625 0.6484375 0.46875 0.184375
0 0.70234375 0.7796875 0.1703125 0.103125
0 0.89921875 0.79296875 0.184375 0.1140625
0 0.55859375 0.79765625 0.0484375 0.06875
0 0.5484375 0.8609375 0.046875 0.0390625
0 0.90703125 0.88671875 0.084375 0.0796875
0 0.6546875 0.90078125 0.115625 0.115625
0 0.53203125 0.95078125 0.0234375 0.0984375