0 0.18828125 0.13203125 0.1203125 0.225
0 0.678125 0.35 0.0875 0.1921875
0 0.090625 0.76875 0.18125 0.36875
1 0.15390625 0.94453125 0.040625 0.028125
0 0.38828125 0.89375 0.046875 0.0859375
1 0.63125 0.71875 0.153125 0.103125
0 0.50234375 0.7171875 0.125 0.1296875
1 0.384375 0.7046875 0.1375 0.1390625
0 0.77109375 0.79765625 0.0390625 0.046875
0 0.4671875 0.79609375 0.025 0.0421875
0 0.4234375 0.81171875 0.028125 0.046875
0 0.7 0.859375 0.0625 0.0453125
0 0.5921875 0.85078125 0.0640625 0.0484375
1 0.8609375 0.89921875 0.053125 0.0453125
0 0.51953125 0.87265625 0.059375 0.1109375
0 0.72421875 0.90546875 0.0640625 0.0609375
0 0.62421875 0.8984375 0.05 0.08125
0 0.86484375 0.9375 0.03125 0.0390625
0 0.44921875 0.88203125 0.0328125 0.0328125