1 0.353125 0.15390625 0.23125 0.3078125
0 0.10859375 0.18984375 0.0625 0.1171875
0 0.12890625 0.3125 0.0625 0.1125
0 0.18515625 0.33515625 0.09375 0.1328125
0 0.05703125 0.34921875 0.0765625 0.1359375
1 0.30625 0.48671875 0.28125 0.4140625
0 0.20703125 0.4546875 0.0828125 0.1625
0 0.1125 0.49921875 0.03125 0.0421875
0 0.74375 0.559375 0.4234375 0.56875
0 0.14375 0.83203125 0.225 0.1390625
1 0.0390625 0.69609375 0.078125 0.0796875
1 0.11328125 0.753125 0.109375 0.0796875
0 0.5359375 0.89765625 0.390625 0.2046875