0 0.578125 0.02421875 0.078125 0.0484375
1 0.73671875 0.02734375 0.0984375 0.0546875
1 0.25546875 0.17890625 0.2234375 0.253125
0 0.0484375 0.3171875 0.096875 0.184375
0 0.1734375 0.2484375 0.1453125 0.1609375
0 0.02578125 0.43828125 0.0515625 0.0828125
0 0.15859375 0.39375 0.0375 0.0359375
0 0.0234375 0.51171875 0.046875 0.0578125
1 0.10625 0.18515625 0.1953125 0.159375
0 0.7359375 0.60390625 0.528125 0.6859375
1 0.42734375 0.67265625 0.3109375 0.4484375
0 0.3515625 0.80625 0.06875 0.0828125
1 0.246875 0.85546875 0.20625 0.24375
0 0.40234375 0.81640625 0.1078125 0.175
0 0.36484375 0.875 0.06875 0.078125
1 0.48828125 0.92265625 0.1671875 0.1546875
1 0.19609375 0.653125 0.1875 0.2296875
1 0.2984375 0.65234375 0.1875 0.2921875