0 0.13828125 0.1171875 0.109375 0.171875
0 0.37734375 0.1828125 0.0578125 0.1171875
0 0.03125 0.225 0.0625 0.225
0 0.31796875 0.2171875 0.0859375 0.2390625
0 0.24375 0.28515625 0.1171875 0.178125
0 0.521875 0.13203125 0.18125 0.18125
1 0.6609375 0.1546875 0.11875 0.1375
0 0.6640625 0.30078125 0.30625 0.1671875
1 0.5453125 0.02890625 0.28125 0.0578125
0 0.2109375 0.83515625 0.103125 0.0875
0 0.11171875 0.85390625 0.0703125 0.0625
0 0.29609375 0.88203125 0.08125 0.0421875
0 0.73046875 0.68203125 0.5390625 0.3890625