0 0.5859375 0.1328125 0.175 0.265625
0 0.7203125 0.08515625 0.1 0.1703125
0 0.53671875 0.2078125 0.059375 0.0546875
0 0.7140625 0.19765625 0.1140625 0.103125
1 0.8234375 0.17421875 0.1484375 0.1234375
1 0.54765625 0.2703125 0.071875 0.0890625
1 0.625 0.278125 0.0 0.06875
0 0.25625 0.43125 0.2890625 0.253125
0 0.7921875 0.6796875 0.18125 0.140625
1 0.92578125 0.65 0.1359375 0.14375
0 0.6765625 0.7453125 0.1265625 0.1453125
1 0.94140625 0.4515625 0.1171875 0.14375
1 0.98359375 0.5359375 0.0328125 0.08125
0 0.88984375 0.565625 0.1875 0.1109375