0 0.19375 0.08515625 0.065625 0.1328125
0 0.23515625 0.1328125 0.0671875 0.19375
0 0.1265625 0.31171875 0.071875 0.2328125
0 0.07265625 0.3453125 0.0421875 0.1546875
0 0.1484375 0.36171875 0.0578125 0.1421875
0 0.1734375 0.47265625 0.040625 0.128125
0 0.11171875 0.4828125 0.096875 0.121875
0 0.1484375 0.09765625 0.103125 0.1953125
1 0.66875 0.36640625 0.1609375 0.209375
0 0.5859375 0.471875 0.15625 0.14375
0 0.69453125 0.87265625 0.0875 0.0859375
1 0.33984375 0.80390625 0.3109375 0.0953125
0 0.54609375 0.89609375 0.15 0.1640625
0 0.35625 0.90703125 0.1109375 0.0765625
0 0.1640625 0.8828125 0.0671875 0.04375
1 0.4046875 0.765625 0.53125 0.1609375
1 0.8359375 0.8546875 0.2203125 0.1375