0 0.1328125 0.221875 0.059375 0.0515625
0 0.28984375 0.2359375 0.1703125 0.0734375
0 0.48046875 0.275 0.103125 0.103125
0 0.21015625 0.3109375 0.2515625 0.0796875
1 0.07734375 0.42578125 0.1546875 0.1109375
0 0.15390625 0.4578125 0.046875 0.0390625
1 0.27109375 0.115625 0.2890625 0.225
1 0.4953125 0.134375 0.178125 0.26875
0 0.821875 0.22890625 0.240625 0.1984375
1 0.22265625 0.6984375 0.075 0.065625
1 0.31015625 0.69609375 0.0875 0.0640625
1 0.45546875 0.69375 0.0734375 0.071875
0 0.51796875 0.71796875 0.0546875 0.1234375
0 0.38671875 0.7421875 0.06875 0.1625
1 0.35078125 0.60703125 0.428125 0.128125
0 0.78359375 0.77421875 0.3734375 0.4453125