0 0.1375 0.2921875 0.1328125 0.13125
0 0.05390625 0.35234375 0.1078125 0.1390625
1 0.0640625 0.2640625 0.0734375 0.0765625
1 0.128125 0.228125 0.1046875 0.0859375
0 0.6796875 0.603125 0.146875 0.1125
0 0.7703125 0.38984375 0.1125 0.1171875
0 0.6171875 0.48515625 0.246875 0.2578125
0 0.48984375 0.5609375 0.1109375 0.13125
0 0.0125 0.54921875 0.025 0.1046875
0 0.3328125 0.84453125 0.1046875 0.1546875
1 0.49765625 0.90859375 0.2734375 0.1828125
0 0.37734375 0.97265625 0.1296875 0.0546875
0 0.10703125 0.54609375 0.1421875 0.2046875
0 0.0671875 0.62734375 0.128125 0.1375
1 0.05 0.69140625 0.078125 0.1109375
0 0.2046875 0.63046875 0.115625 0.140625
1 0.27109375 0.60703125 0.1125 0.125
0 0.16484375 0.81796875 0.159375 0.2390625
1 0.39140625 0.75078125 0.26875 0.309375