0 0.75 0.09296875 0.26875 0.1859375
0 0.6609375 0.1296875 0.0984375 0.1703125
0 0.1953125 0.20625 0.159375 0.253125
0 0.51640625 0.24609375 0.1375 0.1765625
0 0.065625 0.440625 0.13125 0.175
1 0.415625 0.32578125 0.2109375 0.2578125
0 0.2859375 0.434375 0.1890625 0.1515625
1 0.375 0.125 0.334375 0.25
1 0.09453125 0.25234375 0.1890625 0.2984375
0 0.55703125 0.07890625 0.1515625 0.1578125
0 0.95234375 0.7953125 0.0953125 0.159375
0 0.2765625 0.946875 0.284375 0.10625
1 0.68203125 0.91640625 0.3703125 0.1671875
1 0.54921875 0.89296875 0.35625 0.190625