1 0.13125 0.13515625 0.059375 0.065625
0 0.08515625 0.15703125 0.034375 0.0796875
0 0.22109375 0.14140625 0.1375 0.14375
0 0.11953125 0.18203125 0.025 0.0578125
0 0.1515625 0.1859375 0.0390625 0.053125
0 0.171875 0.06171875 0.0734375 0.0484375
1 0.10625 0.0796875 0.0734375 0.0671875
0 0.48359375 0.06328125 0.1984375 0.1265625
1 0.24609375 0.55390625 0.31875 0.4359375
0 0.29765625 0.7953125 0.14375 0.14375
0 0.75546875 0.625 0.03125 0.0703125
0 0.79921875 0.63828125 0.040625 0.04375
1 0.728125 0.44375 0.4140625 0.3671875