0 0.2703125 0.12890625 0.2125 0.2578125
1 0.9734375 0.3796875 0.053125 0.20625
1 0.7265625 0.26328125 0.3 0.265625
0 0.459375 0.28125 0.1359375 0.1484375
0 0.6359375 0.37421875 0.1390625 0.1375
0 0.721875 0.44140625 0.1375 0.1375
0 0.534375 0.37109375 0.1453125 0.140625
0 0.809375 0.51640625 0.1421875 0.1328125
0 0.91484375 0.584375 0.1578125 0.134375
1 0.42109375 0.36328125 0.1171875 0.1046875
1 0.60546875 0.4609375 0.1140625 0.1078125
1 0.6875 0.51796875 0.1203125 0.103125
1 0.49921875 0.44296875 0.125 0.103125
1 0.8796875 0.6515625 0.14375 0.115625
0 0.16484375 0.59921875 0.3296875 0.5421875
0 0.57109375 0.75546875 0.51875 0.4875
0 0.71796875 0.97265625 0.1828125 0.0546875
0 0.540625 0.96484375 0.115625 0.0703125
0 0.45625 0.965625 0.075 0.06875
0 0.3390625 0.9203125 0.078125 0.1078125
0 0.17421875 0.8609375 0.103125 0.0953125