1 0.22734375 0.534375 0.153125 0.1265625
0 0.28046875 0.61015625 0.1015625 0.128125
1 0.384375 0.6578125 0.1640625 0.225
1 0.4609375 0.659375 0.153125 0.225
1 0.3484375 0.72421875 0.109375 0.153125
1 0.52421875 0.65078125 0.134375 0.1875
1 0.05390625 0.3390625 0.1078125 0.278125
1 0.11875 0.34140625 0.2375 0.3703125
0 0.575 0.16953125 0.2875 0.3390625
0 0.76484375 0.23671875 0.14375 0.1609375
0 0.6984375 0.41328125 0.0953125 0.1484375
0 0.821875 0.359375 0.06875 0.1109375
0 0.6671875 0.45625 0.05 0.0734375
0 0.88359375 0.35625 0.0625 0.103125
1 0.64375 0.09765625 0.20625 0.1953125
0 0.8171875 0.790625 0.33125 0.296875
1 0.809375 0.6421875 0.38125 0.2375