0 0.425 0.0859375 0.44375 0.171875
0 0.01640625 0.2796875 0.0328125 0.159375
0 0.83203125 0.409375 0.234375 0.228125
0 0.62109375 0.490625 0.3046875 0.2828125
0 0.41171875 0.490625 0.2171875 0.321875
0 0.80390625 0.5953125 0.3625 0.271875
0 0.52265625 0.73203125 0.121875 0.14375
0 0.5953125 0.90625 0.06875 0.065625
0 0.825 0.8453125 0.084375 0.0734375
0 0.93125 0.8078125 0.096875 0.0828125
0 0.9875 0.459375 0.025 0.109375
0 0.67265625 0.79765625 0.0 0.1046875
0 0.57734375 0.80546875 0.1328125 0.1203125
0 0.41640625 0.88828125 0.2921875 0.2234375