0 0.853125 0.18359375 0.0984375 0.090625
0 0.75625 0.08671875 0.234375 0.1734375
1 0.10234375 0.225 0.0921875 0.1375
0 0.0765625 0.29375 0.153125 0.246875
0 0.05390625 0.475 0.1078125 0.24375
0 0.01640625 0.52109375 0.0328125 0.2359375
0 0.91484375 0.5 0.1703125 0.171875
1 0.27890625 0.6625 0.146875 0.1984375
0 0.328125 0.65859375 0.053125 0.06875
0 0.346875 0.72109375 0.065625 0.078125
1 0.21328125 0.796875 0.3609375 0.40625
1 0.55234375 0.68671875 0.503125 0.5734375
0 0.36640625 0.79296875 0.0703125 0.084375
0 0.38203125 0.87734375 0.0828125 0.1015625
1 0.45390625 0.90078125 0.1453125 0.1984375
0 0.30234375 0.590625 0.0734375 0.090625
0 0.4109375 0.95703125 0.084375 0.0859375
1 0.7765625 0.88359375 0.11875 0.103125