0 0.2421875 0.265625 0.2234375 0.271875
0 0.19140625 0.11328125 0.3828125 0.1921875
0 0.91640625 0.1265625 0.0765625 0.234375
1 0.30625 0.565625 0.2859375 0.409375
0 0.36796875 0.7875 0.125 0.1359375
1 0.9421875 0.553125 0.115625 0.225
0 0.90625 0.65703125 0.109375 0.36875
1 0.803125 0.70703125 0.2015625 0.19375
1 0.6328125 0.79609375 0.246875 0.3
0 0.825 0.8328125 0.1015625 0.10625
0 0.76875 0.86796875 0.0515625 0.078125
0 0.9796875 0.83359375 0.040625 0.0640625
1 0.7109375 0.56015625 0.3359375 0.2265625