1 0.61328125 0.0546875 0.3359375 0.109375
0 0.4203125 0.06171875 0.08125 0.1171875
1 0.659375 0.1359375 0.13125 0.1046875
0 0.5015625 0.2015625 0.221875 0.2125
0 0.63984375 0.23203125 0.0765625 0.103125
0 0.8 0.23046875 0.2546875 0.1390625
0 0.5515625 0.346875 0.2875 0.1921875
0 0.60703125 0.45703125 0.1703125 0.0765625
1 0.48125 0.48125 0.109375 0.059375
1 0.97578125 0.446875 0.0484375 0.215625
1 0.8140625 0.4890625 0.2296875 0.128125
0 0.2890625 0.19453125 0.0265625 0.075
0 0.14375 0.38359375 0.0234375 0.053125
0 0.08671875 0.4796875 0.0109375 0.0375
0 0.40078125 0.540625 0.021875 0.0671875
0 0.3640625 0.584375 0.0453125 0.1609375
0 0.41953125 0.6484375 0.059375 0.0625
0 0.1875 0.70390625 0.0390625 0.1203125
0 0.1484375 0.7265625 0.05 0.071875
0 0.0734375 0.7390625 0.109375 0.0921875
0 0.31640625 0.721875 0.0296875 0.046875
0 0.2375 0.734375 0.025 0.0578125
0 0.40390625 0.7234375 0.05 0.0421875
0 0.7921875 0.8359375 0.240625 0.10625
0 0.78515625 0.91484375 0.159375 0.046875
0 0.15 0.9078125 0.2015625 0.0734375