1 0.1546875 0.2453125 0.125 0.1296875
1 0.2921875 0.24453125 0.11875 0.1796875
1 0.03671875 0.31640625 0.0734375 0.1359375
1 0.0890625 0.31171875 0.0703125 0.084375
0 0.03515625 0.4 0.0625 0.05625
0 0.3515625 0.33828125 0.0296875 0.0421875
0 0.1078125 0.41796875 0.0703125 0.1453125
1 0.3265625 0.375 0.06875 0.1140625
0 0.03671875 0.45234375 0.0734375 0.0703125
0 0.1890625 0.4453125 0.14375 0.3046875
0 0.32734375 0.525 0.0828125 0.0984375
0 0.27109375 0.64765625 0.165625 0.1640625
0 0.5046875 0.4140625 0.11875 0.1796875
0 0.82421875 0.33828125 0.1265625 0.209375
0 0.640625 0.46328125 0.125 0.2671875
0 0.71640625 0.49921875 0.071875 0.15
0 0.81171875 0.48984375 0.0734375 0.1796875
0 0.61171875 0.1171875 0.3109375 0.234375
1 0.45 0.73125 0.1984375 0.1453125
1 0.16953125 0.84140625 0.2328125 0.225
1 0.32890625 0.85234375 0.1734375 0.2953125
0 0.48203125 0.86796875 0.2171875 0.215625
1 0.4171875 0.9734375 0.25 0.053125
0 0.78984375 0.88828125 0.4203125 0.2015625