1 0.5421875 0.18515625 0.303125 0.3703125
0 0.01953125 0.24375 0.0390625 0.23125
0 0.04609375 0.25546875 0.034375 0.1640625
0 0.11875 0.25078125 0.0734375 0.23125
0 0.33203125 0.2890625 0.284375 0.5671875
1 0.190625 0.36796875 0.0734375 0.26875
1 0.48984375 0.45859375 0.05625 0.1359375
0 0.62265625 0.4546875 0.0984375 0.2953125
0 0.54609375 0.52421875 0.0359375 0.1109375
0 0.696875 0.5328125 0.0375 0.1234375
1 0.89375 0.1265625 0.10625 0.1078125
1 0.7609375 0.171875 0.0796875 0.1171875
1 0.821875 0.178125 0.0578125 0.0734375
1 0.70546875 0.2015625 0.059375 0.159375
0 0.75859375 0.25078125 0.053125 0.0453125
0 0.82421875 0.27734375 0.046875 0.13125
0 0.73828125 0.296875 0.0953125 0.053125
0 0.89609375 0.3140625 0.09375 0.278125
0 0.93515625 0.5109375 0.1296875 0.134375
1 0.30390625 0.840625 0.109375 0.0953125
0 0.37578125 0.83828125 0.0453125 0.08125
1 0.35234375 0.90703125 0.153125 0.065625
0 0.44453125 0.90078125 0.0328125 0.034375
0 0.3921875 0.96171875 0.1375 0.0765625
1 0.22109375 0.7203125 0.41875 0.203125
0 0.98046875 0.690625 0.0390625 0.246875