1 0.85078125 0.06875 0.1078125 0.1375
0 0.8171875 0.07734375 0.10625 0.1546875
0 0.690625 0.12734375 0.2875 0.2546875
0 0.59453125 0.22265625 0.0640625 0.0890625
0 0.67109375 0.28046875 0.1140625 0.103125
0 0.859375 0.2234375 0.071875 0.0890625
0 0.7765625 0.25625 0.09375 0.1109375
0 0.7390625 0.36171875 0.0359375 0.0625
0 0.11875 0.2609375 0.1296875 0.178125
0 0.21796875 0.2625 0.115625 0.15625
0 0.24765625 0.39609375 0.06875 0.1046875
0 0.71015625 0.56796875 0.334375 0.2375
0 0.1921875 0.87421875 0.1875 0.1625
0 0.3921875 0.8703125 0.1125 0.184375
0 0.1484375 0.740625 0.0734375 0.0984375
0 0.08359375 0.81640625 0.0640625 0.1671875