0 0.47734375 0.30546875 0.171875 0.259375
1 0.17109375 0.1859375 0.3421875 0.3
1 0.71953125 0.659375 0.228125 0.196875
0 0.9296875 0.5671875 0.140625 0.15
0 0.83984375 0.634375 0.115625 0.134375
0 0.96328125 0.7 0.0734375 0.121875
0 0.89453125 0.7671875 0.1015625 0.090625
0 0.7796875 0.84765625 0.0734375 0.0625
0 0.50625 0.66640625 0.1234375 0.1859375
0 0.234375 0.821875 0.1375 0.2
0 0.5625 0.7 0.0953125 0.125
0 0.33359375 0.8453125 0.1015625 0.128125
0 0.3953125 0.85 0.071875 0.0796875
0 0.48671875 0.80625 0.121875 0.134375