1 0.803125 0.2890625 0.1625 0.10625
0 0.91953125 0.371875 0.153125 0.1546875
1 0.93359375 0.16640625 0.1328125 0.1046875
0 0.84453125 0.4296875 0.0625 0.071875
0 0.740625 0.3921875 0.078125 0.0890625
0 0.9296875 0.49140625 0.046875 0.053125
0 0.9203125 0.23671875 0.159375 0.2015625
1 0.9609375 0.3421875 0.078125 0.328125
0 0.725 0.22734375 0.046875 0.04375
1 0.3296875 0.0640625 0.234375 0.128125
1 0.55234375 0.12578125 0.1796875 0.1875
0 0.44296875 0.11796875 0.1109375 0.1328125
0 0.5421875 0.228125 0.0546875 0.0640625
0 0.46796875 0.2125 0.0390625 0.053125
0 0.41640625 0.19765625 0.0484375 0.040625
0 0.32421875 0.1796875 0.071875 0.08125
1 0.50078125 0.0421875 0.1390625 0.084375
0 0.7046875 0.88203125 0.365625 0.2359375
1 0.11328125 0.48359375 0.0671875 0.0734375
0 0.14609375 0.4984375 0.0421875 0.0546875
0 0.0609375 0.465625 0.0796875 0.08125
1 0.021875 0.45234375 0.04375 0.0921875
0 0.009375 0.5078125 0.01875 0.046875
1 0.1109375 0.3671875 0.221875 0.2125