0 0.03984375 0.31875 0.0796875 0.178125
0 0.484375 0.06875 0.309375 0.1375
1 0.8875 0.0234375 0.065625 0.046875
1 0.74453125 0.02578125 0.0765625 0.0515625
0 0.8234375 0.03671875 0.08125 0.0734375
0 0.93046875 0.0265625 0.0375 0.03125
1 0.76015625 0.10625 0.046875 0.109375
0 0.9625 0.10859375 0.01875 0.05
0 0.79453125 0.13203125 0.015625 0.0390625
0 0.84140625 0.16640625 0.05625 0.1171875
0 0.91328125 0.209375 0.0171875 0.0796875
0 0.99375 0.21484375 0.003125 0.040625
0 0.78515625 0.221875 0.0140625 0.0484375
0 0.52421875 0.6125 0.078125 0.071875
0 0.3375 0.65546875 0.2640625 0.1140625
0 0.5875 0.67890625 0.053125 0.0734375
0 0.08984375 0.6984375 0.0796875 0.065625
1 0.20703125 0.52421875 0.4140625 0.1515625
0 0.88359375 0.90859375 0.2328125 0.1734375