0 0.0953125 0.32890625 0.190625 0.309375
0 0.53203125 0.10703125 0.1453125 0.2140625
0 0.80625 0.28203125 0.175 0.2296875
0 0.2328125 0.7375 0.1046875 0.14375
0 0.35 0.7890625 0.0515625 0.11875
0 0.109375 0.80546875 0.05625 0.10625
0 0.28828125 0.81640625 0.0390625 0.1078125
0 0.19765625 0.85625 0.115625 0.0921875
0 0.040625 0.85078125 0.08125 0.1015625
0 0.11015625 0.915625 0.053125 0.1015625
1 0.21484375 0.53828125 0.16875 0.1140625
0 0.25234375 0.62578125 0.028125 0.0671875
1 0.8171875 0.78359375 0.0 0.115625
0 0.71328125 0.80390625 0.1171875 0.1625
1 0.85859375 0.884375 0.06875 0.0859375
0 0.7046875 0.615625 0.08125 0.221875
1 0.77265625 0.61796875 0.065625 0.2140625