0 0.503125 0.103125 0.265625 0.20625
1 0.8 0.21953125 0.1828125 0.253125
0 0.8328125 0.32578125 0.0828125 0.0921875
0 0.90390625 0.3828125 0.1625 0.159375
1 0.9109375 0.24140625 0.178125 0.2203125
0 0.1546875 0.5359375 0.309375 0.325
0 0.03828125 0.66640625 0.0765625 0.1015625
1 0.64609375 0.73125 0.346875 0.2953125
1 0.8546875 0.86484375 0.0 0.1421875
0 0.640625 0.8734375 0.1453125 0.125
0 0.7734375 0.93828125 0.153125 0.1234375
0 0.68046875 0.97578125 0.1171875 0.0484375
0 0.509375 0.93203125 0.0765625 0.0921875