1 0.33515625 0.1734375 0.5453125 0.284375
1 0.45703125 0.32890625 0.1640625 0.1078125
0 0.12578125 0.2546875 0.15625 0.125
0 0.2953125 0.303125 0.1953125 0.1421875
0 0.2703125 0.384375 0.0796875 0.0765625
0 0.4390625 0.41015625 0.1390625 0.11875
0 0.0703125 0.33671875 0.0984375 0.0765625
0 0.53515625 0.44921875 0.078125 0.0765625
0 0.87109375 0.22890625 0.2578125 0.3328125
0 0.7421875 0.296875 0.03125 0.0453125
1 0.9921875 0.3765625 0.015625 0.05625
1 0.73984375 0.35625 0.0625 0.05625
0 0.83984375 0.38125 0.15625 0.0765625
1 0.94765625 0.43203125 0.1046875 0.1015625
1 0.809375 0.4203125 0.1953125 0.0921875
0 0.15 0.8328125 0.165625 0.209375
1 0.65546875 0.61484375 0.215625 0.2359375