1 0.6578125 0.125 0.1484375 0.1484375
1 0.83515625 0.146875 0.1390625 0.1328125
0 0.7328125 0.17890625 0.0546875 0.1015625
0 0.85 0.26875 0.0703125 0.1203125
0 0.95859375 0.2859375 0.0625 0.08125
1 0.946875 0.12890625 0.10625 0.1640625
0 0.20078125 0.03046875 0.1734375 0.0609375
0 0.54296875 0.0609375 0.103125 0.04375
0 0.41875 0.0578125 0.08125 0.0484375
1 0.10234375 0.0609375 0.065625 0.1078125
1 0.4890625 0.14140625 0.1484375 0.065625
0 0.57109375 0.01640625 0.0609375 0.0296875
0 0.3375 0.0140625 0.078125 0.028125
1 0.8625 0.6953125 0.275 0.609375
1 0.83203125 0.821875 0.2421875 0.35625
0 0.64375 0.890625 0.29375 0.21875
0 0.221875 0.65234375 0.309375 0.6609375