0 0.94375 0.44296875 0.1125 0.2359375
0 0.30859375 0.1171875 0.3453125 0.234375
1 0.8796875 0.7734375 0.165625 0.2328125
1 0.7265625 0.78828125 0.196875 0.1390625
0 0.61640625 0.81640625 0.025 0.03125
1 0.72265625 0.86171875 0.0984375 0.0765625
0 0.6515625 0.8578125 0.0640625 0.0640625
1 0.81640625 0.9203125 0.153125 0.1375
0 0.70546875 0.9296875 0.096875 0.109375
0 0.725 0.98203125 0.075 0.0359375
0 0.79609375 0.9796875 0.1265625 0.040625
1 0.81953125 0.709375 0.09375 0.1375
0 0.2078125 0.7921875 0.196875 0.2265625
0 0.41015625 0.86875 0.2015625 0.2359375
0 0.05546875 0.8375 0.1109375 0.1