0 0.0984375 0.065625 0.0609375 0.046875
0 0.15234375 0.084375 0.0625 0.0953125
0 0.1703125 0.371875 0.0375 0.09375
0 0.11328125 0.43125 0.1078125 0.1515625
0 0.20234375 0.45625 0.0296875 0.0953125
0 0.034375 0.49140625 0.0375 0.0875
1 0.0640625 0.26328125 0.128125 0.2046875
1 0.5 0.33359375 0.10625 0.1015625
0 0.565625 0.4578125 0.1109375 0.178125
1 0.6484375 0.478125 0.090625 0.2046875
0 0.759375 0.5671875 0.1734375 0.415625
0 0.59140625 0.7171875 0.128125 0.2828125
0 0.728125 0.83359375 0.1484375 0.1234375
1 0.490625 0.1 0.209375 0.19375
1 0.68671875 0.2296875 0.2203125 0.3
0 0.55234375 0.3109375 0.0609375 0.1296875