0 0.84453125 0.2390625 0.3109375 0.34375
1 0.4390625 0.18046875 0.1890625 0.13125
0 0.334375 0.14453125 0.059375 0.06875
0 0.26171875 0.15859375 0.0609375 0.0515625
0 0.30703125 0.19453125 0.05625 0.0515625
1 0.55703125 0.10390625 0.2453125 0.2078125
0 0.41328125 0.06875 0.1515625 0.1375
0 0.67109375 0.65625 0.40625 0.3765625
0 0.3953125 0.5484375 0.109375 0.1265625
0 0.4390625 0.57421875 0.03125 0.03125
0 0.31171875 0.53671875 0.1453125 0.19375
0 0.2125 0.56640625 0.071875 0.0625
0 0.13984375 0.571875 0.10625 0.1265625
0 0.0921875 0.5609375 0.040625 0.05625
1 0.359375 0.4203125 0.1078125 0.1015625
1 0.44765625 0.4640625 0.1328125 0.121875
1 0.046875 0.35390625 0.09375 0.1921875
1 0.2296875 0.4390625 0.20625 0.2421875
1 0.10390625 0.40625 0.196875 0.265625