0 0.1765625 0.1984375 0.16875 0.2734375
0 0.66328125 0.24375 0.3078125 0.1875
1 0.7578125 0.084375 0.484375 0.16875
1 0.24609375 0.64609375 0.13125 0.3234375
0 0.01171875 0.65703125 0.0234375 0.1953125
0 0.0265625 0.671875 0.0140625 0.140625
0 0.05859375 0.67421875 0.0296875 0.1953125
0 0.1484375 0.7234375 0.1203125 0.478125
1 0.08125 0.78046875 0.0296875 0.228125
1 0.20546875 0.88515625 0.0234375 0.1140625
0 0.26328125 0.88125 0.0390625 0.2234375
0 0.22421875 0.94453125 0.015625 0.0921875
0 0.2890625 0.95390625 0.015625 0.078125
0 0.6203125 0.6421875 0.034375 0.0734375
0 0.91484375 0.6703125 0.1703125 0.3
0 0.52734375 0.66796875 0.065625 0.065625
0 0.61328125 0.7890625 0.071875 0.1828125
0 0.53125 0.790625 0.071875 0.1796875
0 0.69765625 0.578125 0.09375 0.153125