0 0.2203125 0.0234375 0.03125 0.046875
1 0.36328125 0.1484375 0.3671875 0.296875
1 0.1375 0.12734375 0.165625 0.2546875
0 0.19375 0.07578125 0.034375 0.071875
0 0.1703125 0.1359375 0.03125 0.0578125
1 0.18359375 0.16796875 0.0515625 0.1125
0 0.14453125 0.2140625 0.0546875 0.1109375
1 0.2734375 0.27265625 0.10625 0.0796875
1 0.21484375 0.021875 0.0671875 0.04375
1 0.83125 0.13984375 0.2359375 0.1765625
0 0.771875 0.23671875 0.071875 0.11875
0 0.725 0.23203125 0.0609375 0.1125
0 0.309375 0.578125 0.38125 0.359375
0 0.66328125 0.746875 0.328125 0.23125