0 0.684375 0.3875 0.5171875 0.55
0 0.28828125 0.24609375 0.0984375 0.1234375
0 0.35859375 0.27421875 0.0609375 0.0765625
0 0.1984375 0.228125 0.096875 0.146875
0 0.33671875 0.42578125 0.08125 0.115625
1 0.35625 0.15234375 0.321875 0.2078125
1 0.153125 0.1328125 0.15 0.19375
0 0.4171875 0.76484375 0.059375 0.06875
0 0.50078125 0.85625 0.0828125 0.090625
0 0.39765625 0.82578125 0.0859375 0.08125
0 0.5640625 0.91484375 0.11875 0.1625
1 0.3359375 0.8453125 0.1203125 0.225
1 0.6140625 0.9140625 0.14375 0.171875
0 0.46015625 0.91953125 0.09375 0.0921875
1 0.5390625 0.73984375 0.36875 0.225
0 0.12890625 0.70703125 0.2578125 0.3859375