0 0.90859375 0.403125 0.1828125 0.196875
0 0.29453125 0.38203125 0.0609375 0.1453125
0 0.146875 0.384375 0.0765625 0.2375
0 0.4890625 0.46015625 0.05 0.1296875
0 0.27578125 0.103125 0.4765625 0.20625
1 0.54765625 0.21796875 0.1078125 0.1203125
0 0.515625 0.3140625 0.0796875 0.0859375
1 0.57734375 0.334375 0.0625 0.11875
0 0.825 0.92265625 0.1625 0.109375
0 0.59296875 0.91015625 0.05 0.0296875
0 0.65703125 0.925 0.0390625 0.03125
1 0.69609375 0.7328125 0.221875 0.0921875
0 0.2671875 0.85546875 0.034375 0.0375
0 0.109375 0.85703125 0.0515625 0.046875