0 0.5390625 0.01328125 0.1 0.0265625
1 0.14296875 0.32890625 0.0640625 0.084375
0 0.09453125 0.35 0.0921875 0.1
0 0.0578125 0.36875 0.0328125 0.05
1 0.01875 0.4390625 0.0375 0.11875
0 0.1234375 0.40546875 0.0375 0.0484375
1 0.0765625 0.240625 0.153125 0.23125
0 0.621875 0.496875 0.2859375 0.2625
0 0.3171875 0.73046875 0.1015625 0.159375
0 0.23515625 0.821875 0.046875 0.0703125
0 0.28046875 0.8078125 0.071875 0.1
0 0.32890625 0.8421875 0.0578125 0.128125
1 0.28359375 0.59765625 0.0828125 0.128125
0 0.22578125 0.6671875 0.1859375 0.2359375
0 0.11875 0.72421875 0.1109375 0.2015625