1 0.7734375 0.3171875 0.2609375 0.4546875
1 0.3515625 0.46875 0.371875 0.3546875
1 0.93359375 0.39921875 0.1328125 0.2234375
1 0.61875 0.6078125 0.165625 0.1484375
1 0.7765625 0.603125 0.1875 0.1578125
0 0.35546875 0.70859375 0.165625 0.1984375
0 0.496875 0.7234375 0.1625 0.1984375
0 0.93046875 0.64375 0.1390625 0.303125
0 0.253125 0.80390625 0.175 0.196875
0 0.6484375 0.7421875 0.171875 0.18125
0 0.81171875 0.73671875 0.196875 0.171875
1 0.1328125 0.9015625 0.14375 0.14375
1 0.39921875 0.8625 0.1421875 0.15
1 0.52890625 0.8625 0.153125 0.134375
1 0.278125 0.9359375 0.159375 0.128125
1 0.67578125 0.87578125 0.159375 0.1296875
1 0.83359375 0.865625 0.184375 0.1421875