0 0.05703125 0.4015625 0.1140625 0.1875
0 0.39296875 0.0859375 0.2984375 0.171875
1 0.60703125 0.00859375 0.0796875 0.0171875
0 0.6765625 0.009375 0.0875 0.01875
1 0.640625 0.053125 0.0640625 0.103125
0 0.81484375 0.01640625 0.0265625 0.0328125
0 0.67421875 0.0671875 0.021875 0.0359375
0 0.7234375 0.08671875 0.0734375 0.1140625
0 0.79375 0.109375 0.0328125 0.071875
0 0.86953125 0.09453125 0.01875 0.0375
0 0.6859375 0.14765625 0.021875 0.04375
0 0.54375 0.54296875 0.0828125 0.078125
0 0.3921875 0.6203125 0.253125 0.1546875
0 0.6140625 0.58671875 0.0625 0.0734375
0 0.18671875 0.7109375 0.0828125 0.0734375
1 0.23125 0.53984375 0.4265625 0.2296875
0 0.9015625 0.7484375 0.196875 0.275