0 0.4921875 0.03359375 0.090625 0.0671875
0 0.75390625 0.3265625 0.053125 0.11875
1 0.871875 0.44453125 0.25625 0.1578125
0 0.69765625 0.4609375 0.10625 0.1078125
0 0.6609375 0.06875 0.078125 0.1375
0 0.56328125 0.1046875 0.1234375 0.0890625
1 0.48828125 0.1453125 0.0703125 0.0859375
0 0.7296875 0.14375 0.090625 0.1
1 0.82578125 0.14609375 0.10625 0.0828125
0 0.56328125 0.2625 0.0734375 0.1859375
1 0.8796875 0.27734375 0.2234375 0.209375
0 0.15546875 0.3 0.3109375 0.571875
1 0.853125 0.67890625 0.0734375 0.071875
1 0.7703125 0.6859375 0.084375 0.071875
1 0.634375 0.69921875 0.0734375 0.0765625
0 0.57890625 0.73046875 0.05625 0.13125
0 0.70390625 0.74296875 0.0703125 0.1734375
1 0.7234375 0.5953125 0.4078125 0.146875
0 0.26484375 0.9140625 0.046875 0.0640625
0 0.146875 0.9359375 0.0390625 0.0671875