0 0.67890625 0.25859375 0.43125 0.3625
1 0.12734375 0.146875 0.11875 0.1609375
0 0.21328125 0.18125 0.1390625 0.146875
0 0.28515625 0.36171875 0.1046875 0.1578125
1 0.3453125 0.1453125 0.2015625 0.21875
0 0.6671875 0.953125 0.146875 0.09375
0 0.06171875 0.609375 0.0859375 0.1390625
0 0.01328125 0.6453125 0.0265625 0.071875
1 0.21875 0.7328125 0.0828125 0.0671875
0 0.03046875 0.7453125 0.0609375 0.0625
0 0.10546875 0.7734375 0.0546875 0.0578125
1 0.0734375 0.5265625 0.0828125 0.053125
1 0.0203125 0.55625 0.040625 0.134375
1 0.24765625 0.6390625 0.1375 0.16875
1 0.03046875 0.58046875 0.053125 0.096875
0 0.1421875 0.62421875 0.15625 0.2