0 0.271875 0.12109375 0.33125 0.2421875
1 0.653125 0.1953125 0.3046875 0.3234375
0 0.74375 0.36953125 0.096875 0.1
0 0.79296875 0.4359375 0.071875 0.075
0 0.590625 0.35625 0.1625 0.1296875
1 0.4234375 0.6265625 0.23125 0.2765625
1 0.75234375 0.78984375 0.4015625 0.3875
1 0.40625 0.77890625 0.3328125 0.1796875
0 0.72109375 0.95546875 0.1140625 0.0640625
0 0.24140625 0.7625 0.0484375 0.0390625
0 0.2796875 0.7828125 0.0375 0.0375
0 0.31796875 0.8015625 0.04375 0.034375
0 0.36171875 0.82578125 0.05625 0.040625
0 0.42265625 0.85703125 0.075 0.05
0 0.503125 0.89375 0.0984375 0.0578125