0 0.44765625 0.34296875 0.05 0.125
0 0.26328125 0.378125 0.04375 0.1125
0 0.4 0.5171875 0.0484375 0.0609375
1 0.93125 0.81015625 0.1375 0.2640625
0 0.80390625 0.83359375 0.20625 0.3109375
1 0.38515625 0.67890625 0.240625 0.2734375
1 0.1453125 0.7125 0.2125 0.3140625
0 0.43359375 0.825 0.03125 0.0390625
0 0.39140625 0.8375 0.034375 0.0421875
0 0.26796875 0.88828125 0.0359375 0.059375
0 0.415625 0.91171875 0.128125 0.0859375
0 0.209375 0.93359375 0.05 0.040625
0 0.51171875 0.965625 0.0390625 0.06875
0 0.35234375 0.9734375 0.0453125 0.053125