0 0.04140625 0.25625 0.0828125 0.2875
0 0.3625 0.74296875 0.6875 0.5140625
0 0.98828125 0.5109375 0.0234375 0.06875
0 0.86171875 0.5671875 0.0640625 0.140625
1 0.74140625 0.66796875 0.134375 0.3296875
1 0.93984375 0.62109375 0.090625 0.11875
0 0.85625 0.69765625 0.0765625 0.1421875
0 0.9078125 0.7171875 0.0734375 0.15625
0 0.96875 0.74921875 0.0421875 0.084375
0 0.990625 0.74453125 0.01875 0.0859375
1 0.85546875 0.7921875 0.1171875 0.1015625
1 0.86953125 0.26015625 0.2078125 0.2328125
0 0.87265625 0.37890625 0.059375 0.0921875
0 0.9265625 0.45078125 0.1296875 0.1359375