0 0.10546875 0.2546875 0.1703125 0.20625
1 0.759375 0.1421875 0.0765625 0.0703125
1 0.83984375 0.15546875 0.0875 0.071875
1 0.9671875 0.1796875 0.065625 0.075
0 0.9015625 0.2125 0.08125 0.159375
1 0.84375 0.0921875 0.3125 0.134375
0 0.18046875 0.52421875 0.3609375 0.2078125
1 0.3921875 0.596875 0.1078125 0.0984375
0 0.19296875 0.634375 0.24375 0.0921875
1 0.3546875 0.66171875 0.0953125 0.06875
1 0.0390625 0.63046875 0.078125 0.1140625
1 0.26328125 0.72265625 0.196875 0.125
1 0.04765625 0.7140625 0.053125 0.0578125
0 0.115625 0.7765625 0.14375 0.2578125
1 0.82109375 0.6421875 0.0546875 0.1078125
1 0.9484375 0.765625 0.0453125 0.1015625
0 0.85546875 0.78515625 0.1734375 0.1890625
1 0.94140625 0.8640625 0.0203125 0.0453125
1 0.91484375 0.5921875 0.1703125 0.25