1 0.55625 0.128125 0.21875 0.25625
0 0.1546875 0.11328125 0.04375 0.19375
1 0.2015625 0.125 0.06875 0.2234375
0 0.34765625 0.22109375 0.234375 0.234375
1 0.49453125 0.309375 0.0640625 0.109375
0 0.596875 0.328125 0.153125 0.1625
0 0.59921875 0.453125 0.075 0.09375
0 0.29765625 0.05859375 0.1171875 0.103125
1 0.4 0.05546875 0.1015625 0.10625
0 0.11328125 0.04375 0.0421875 0.05
0 0.7328125 0.1359375 0.0625 0.271875
0 0.7546875 0.49296875 0.0765625 0.2515625
0 0.9296875 0.5859375 0.0390625 0.046875
1 0.80234375 0.2578125 0.1171875 0.515625
0 0.3796875 0.9578125 0.146875 0.084375
0 0.2171875 0.94765625 0.090625 0.1046875
0 0.9015625 0.78828125 0.196875 0.3671875