1 0.38203125 0.0 0.5109375 0.2
0 0.65546875 0.240625 0.2875 0.378125
0 0.971875 0.35703125 0.05625 0.1296875
1 0.0359375 0.496875 0.071875 0.2375
0 0.05625 0.53984375 0.1125 0.1921875
0 0.20703125 0.59296875 0.328125 0.321875
0 0.32578125 0.72421875 0.071875 0.0890625
0 0.2390625 0.775 0.134375 0.1078125
0 0.0265625 0.70078125 0.053125 0.0890625
0 0.1140625 0.74140625 0.1078125 0.1125
0 0.16328125 0.8484375 0.0390625 0.0609375
0 0.86640625 0.8625 0.109375 0.1453125
0 0.715625 0.8765625 0.1140625 0.196875
0 0.9390625 0.72578125 0.053125 0.0984375