0 0.78984375 0.44453125 0.2859375 0.36875
0 0.12265625 0.04765625 0.0640625 0.0953125
1 0.3421875 0.19921875 0.19375 0.3984375
0 0.10703125 0.2203125 0.1265625 0.2609375
0 0.24453125 0.24921875 0.1171875 0.225
0 0.0375 0.37734375 0.0609375 0.09375
0 0.14921875 0.43984375 0.03125 0.046875
0 0.0078125 0.48984375 0.015625 0.0734375
1 0.24765625 0.09921875 0.1796875 0.1984375
0 0.6375 0.9828125 0.1625 0.034375
0 0.4359375 0.97265625 0.0578125 0.0359375
1 0.07578125 0.80859375 0.11875 0.0953125
0 0.00703125 0.82109375 0.0140625 0.0703125
0 0.08515625 0.8890625 0.0609375 0.084375
0 0.17578125 0.909375 0.0546875 0.0578125
1 0.20078125 0.809375 0.153125 0.1203125