0 0.7265625 0.4390625 0.190625 0.2328125
0 0.28515625 0.2796875 0.3859375 0.559375
0 0.33125 0.36015625 0.1140625 0.184375
0 0.45078125 0.521875 0.05625 0.0640625
0 0.475 0.5609375 0.06875 0.1046875
0 0.534375 0.6125 0.103125 0.1140625
0 0.296875 0.5390625 0.1921875 0.209375
1 0.7875 0.79375 0.096875 0.140625
1 0.70859375 0.81015625 0.1390625 0.18125
1 0.09765625 0.54453125 0.1953125 0.1953125
1 0.1515625 0.70546875 0.303125 0.3359375
0 0.6640625 0.16484375 0.2046875 0.2765625
1 0.40390625 0.16328125 0.175 0.2484375
0 0.446875 0.20859375 0.134375 0.2046875