0 0.86640625 0.3375 0.0390625 0.134375
0 0.92109375 0.3578125 0.01875 0.0671875
1 0.85703125 0.0109375 0.0671875 0.021875
1 0.96875 0.45078125 0.059375 0.075
0 0.834375 0.0828125 0.090625 0.165625
1 0.890625 0.0 0.0890625 0.1734375
1 0.82265625 0.14453125 0.0578125 0.16875
1 0.92109375 0.23984375 0.0703125 0.125
0 0.88828125 0.2578125 0.0546875 0.1390625
0 0.83671875 0.2890625 0.040625 0.140625
0 0.10703125 0.2078125 0.2140625 0.2
0 0.7890625 0.68515625 0.1125 0.1484375
1 0.68515625 0.75859375 0.2046875 0.3125
0 0.5890625 0.93125 0.065625 0.075
0 0.48515625 0.97734375 0.1046875 0.0453125
1 0.67109375 0.9453125 0.1171875 0.0796875