0 0.28046875 0.08828125 0.4515625 0.1765625
1 0.728125 0.20078125 0.54375 0.4015625
1 0.71171875 0.3921875 0.2125 0.0984375
0 0.86484375 0.425 0.1140625 0.1015625
1 0.471875 0.3703125 0.0625 0.1078125
0 0.5515625 0.3890625 0.13125 0.11875
0 0.97890625 0.4765625 0.0421875 0.071875
0 0.2921875 0.878125 0.05 0.1265625
0 0.3421875 0.8890625 0.0625 0.10625
0 0.21484375 0.8859375 0.028125 0.0375
1 0.0546875 0.9015625 0.05 0.053125
1 0.1828125 0.92109375 0.034375 0.071875
1 0.20703125 0.93125 0.034375 0.059375
1 0.26328125 0.9515625 0.0625 0.04375
1 0.2140625 0.65546875 0.10625 0.0859375
1 0.3359375 0.72421875 0.090625 0.1703125
1 0.2703125 0.76796875 0.090625 0.28125
1 0.06875 0.73203125 0.1375 0.3015625
0 0.74296875 0.91328125 0.1328125 0.1671875
0 0.6765625 0.72578125 0.4 0.1265625
0 0.921875 0.809375 0.0921875 0.15625