0 0.065625 0.1 0.0234375 0.0515625
0 0.0390625 0.25703125 0.0140625 0.0390625
0 0.05078125 0.27421875 0.025 0.028125
0 0.50078125 0.08671875 0.1234375 0.1734375
0 0.4015625 0.13203125 0.0515625 0.071875
0 0.3109375 0.11953125 0.0375 0.0734375
0 0.78828125 0.221875 0.1390625 0.228125
0 0.6859375 0.24140625 0.1234375 0.2140625
0 0.296875 0.22734375 0.0625 0.1546875
0 0.37890625 0.24609375 0.0875 0.14375
1 0.80859375 0.08125 0.1078125 0.084375
1 0.709375 0.09296875 0.1140625 0.115625
1 0.63203125 0.68515625 0.6390625 0.34375
0 0.3921875 0.80078125 0.059375 0.065625
0 0.63515625 0.84609375 0.34375 0.128125