0 0.89609375 0.12734375 0.1296875 0.2546875
0 0.4953125 0.18203125 0.1640625 0.153125
1 0.209375 0.11875 0.41875 0.225
1 0.9375 0.78828125 0.125 0.3546875
1 0.78515625 0.8046875 0.234375 0.3609375
1 0.1078125 0.90625 0.15625 0.1109375
0 0.2234375 0.90625 0.040625 0.0421875
0 0.33125 0.903125 0.0765625 0.05625
0 0.46640625 0.90546875 0.059375 0.0484375
0 0.36953125 0.96328125 0.0609375 0.0734375
0 0.50625 0.9734375 0.06875 0.053125
1 0.26875 0.8390625 0.1921875 0.09375
1 0.4734375 0.82265625 0.2328125 0.13125