1 0.06328125 0.10546875 0.05625 0.1140625
1 0.2671875 0.11875 0.059375 0.109375
1 0.3765625 0.13359375 0.053125 0.1875
0 0.18671875 0.13203125 0.1109375 0.1578125
0 0.0 0.1453125 0.071875 0.115625
0 0.42578125 0.17734375 0.0640625 0.1203125
0 0.52734375 0.22265625 0.11875 0.1109375
0 0.315625 0.2390625 0.0484375 0.0828125
1 0.3703125 0.02109375 0.221875 0.0421875
1 0.1703125 0.0265625 0.103125 0.053125
0 0.234375 0.02890625 0.08125 0.0578125
1 0.5328125 0.1046875 0.121875 0.209375
1 0.09609375 0.078125 0.053125 0.125
0 0.33046875 0.09921875 0.0578125 0.1
0 0.7890625 0.23984375 0.421875 0.4703125
0 0.315625 0.5546875 0.2234375 0.2390625
0 0.48671875 0.68046875 0.153125 0.3390625
0 0.32421875 0.76875 0.184375 0.2078125
0 0.8125 0.7109375 0.2734375 0.1703125