0 0.25234375 0.26640625 0.3015625 0.29375
0 0.63515625 0.14453125 0.5078125 0.2890625
1 0.21015625 0.7828125 0.2453125 0.1296875
1 0.4609375 0.7171875 0.2859375 0.196875
0 0.26015625 0.871875 0.3171875 0.25625
0 0.45 0.83515625 0.1296875 0.134375
0 0.60625 0.7984375 0.096875 0.1296875
0 0.51328125 0.9515625 0.0671875 0.096875
0 0.32421875 0.95546875 0.2453125 0.0890625
1 0.7609375 0.634375 0.178125 0.209375
0 0.83359375 0.61640625 0.071875 0.096875
0 0.90546875 0.6796875 0.0359375 0.0359375
0 0.87265625 0.76953125 0.1328125 0.134375
1 0.853125 0.5375 0.1328125 0.1046875