0 0.5359375 0.07421875 0.09375 0.09375
0 0.69921875 0.09296875 0.184375 0.1203125
0 0.78125 0.1515625 0.0953125 0.0984375
0 0.90546875 0.15234375 0.040625 0.0546875
1 0.4015625 0.078125 0.1 0.15625
1 0.715625 0.04296875 0.321875 0.0859375
1 0.10703125 0.25546875 0.2140625 0.2171875
0 0.26015625 0.2359375 0.08125 0.0875
0 0.190625 0.33984375 0.1109375 0.075
0 0.3328125 0.3015625 0.05625 0.0421875
0 0.90859375 0.4453125 0.1828125 0.46875
0 0.36171875 0.6828125 0.3125 0.35625
0 0.1640625 0.89375 0.184375 0.2125
0 0.509375 0.87578125 0.0890625 0.121875
0 0.5484375 0.98671875 0.05625 0.0265625