0 0.77421875 0.0328125 0.3421875 0.065625
1 0.2296875 0.13359375 0.146875 0.2203125
0 0.12890625 0.1859375 0.040625 0.040625
1 0.04609375 0.19765625 0.0921875 0.1203125
0 0.16796875 0.196875 0.0421875 0.09375
0 0.11875 0.221875 0.0421875 0.0375
1 0.1953125 0.28671875 0.09375 0.1265625
1 0.05390625 0.096875 0.1078125 0.1015625
1 0.13359375 0.10859375 0.0765625 0.140625
0 0.83046875 0.76953125 0.2609375 0.2953125
0 0.540625 0.92109375 0.2140625 0.140625
1 0.5453125 0.53984375 0.325 0.246875
1 0.2890625 0.73203125 0.1640625 0.278125
0 0.1640625 0.8359375 0.1609375 0.2109375