1 0.896875 0.0703125 0.121875 0.140625
1 0.75859375 0.109375 0.2015625 0.1125
0 0.66640625 0.18515625 0.0234375 0.0296875
1 0.7890625 0.17890625 0.096875 0.0640625
0 0.71953125 0.2078125 0.059375 0.0578125
1 0.9015625 0.19140625 0.140625 0.121875
0 0.8046875 0.25 0.0875 0.103125
0 0.85390625 0.30234375 0.0734375 0.0546875
0 0.93359375 0.2984375 0.1046875 0.1265625
1 0.81328125 0.03046875 0.0703125 0.0609375
0 0.26640625 0.0515625 0.5328125 0.103125
0 0.27109375 0.6859375 0.1296875 0.1828125
0 0.396875 0.70625 0.1171875 0.159375
0 0.39765625 0.85078125 0.0625 0.1078125