1 0.88671875 0.2609375 0.2265625 0.521875
0 0.784375 0.7015625 0.0640625 0.14375
1 0.94765625 0.6578125 0.1046875 0.1875
0 0.41953125 0.1875 0.03125 0.115625
1 0.23203125 0.29921875 0.4296875 0.5734375
1 0.534375 0.3078125 0.203125 0.615625
0 0.4453125 0.3 0.0359375 0.115625
0 0.46796875 0.403125 0.034375 0.09375
1 0.44765625 0.453125 0.0515625 0.1875
0 0.49140625 0.540625 0.0578125 0.18125
1 0.32578125 0.59921875 0.128125 0.1078125
0 0.39296875 0.07265625 0.0375 0.125
1 0.4296875 0.12421875 0.06875 0.2375
0 0.9390625 0.809375 0.121875 0.146875
1 0.14609375 0.92734375 0.1328125 0.1453125
0 0.43671875 0.89375 0.5046875 0.2125