0 0.56015625 0.2109375 0.05625 0.11875
0 0.63203125 0.20546875 0.078125 0.1
0 0.4578125 0.2421875 0.0359375 0.0359375
1 0.24453125 0.30625 0.0671875 0.05
1 0.4265625 0.28515625 0.0421875 0.071875
1 0.46328125 0.2890625 0.04375 0.0625
1 0.1046875 0.334375 0.0921875 0.071875
1 0.546875 0.2890625 0.0859375 0.046875
0 0.034375 0.35703125 0.06875 0.1015625
1 0.38203125 0.04140625 0.140625 0.0765625
1 0.5671875 0.0703125 0.109375 0.140625
1 0.49375 0.12578125 0.096875 0.2515625
1 0.146875 0.16953125 0.29375 0.2890625
0 0.79453125 0.10546875 0.1828125 0.2109375
0 0.72109375 0.18125 0.01875 0.0375
1 0.89375 0.171875 0.025 0.0453125
1 0.734375 0.23046875 0.0375 0.040625
0 0.7984375 0.22265625 0.096875 0.0484375
1 0.87890625 0.23125 0.0734375 0.0765625
1 0.790625 0.2625 0.1234375 0.0546875
0 0.475 0.62578125 0.2890625 0.1546875
0 0.8296875 0.95703125 0.071875 0.0203125
1 0.76484375 0.47734375 0.153125 0.215625
0 0.90859375 0.4609375 0.1828125 0.225
0 0.85625 0.75703125 0.2875 0.4046875