0 0.46875 0.08671875 0.2625 0.1734375
0 0.85625 0.1578125 0.2875 0.20625
1 0.8234375 0.20546875 0.1984375 0.140625
0 0.953125 0.2703125 0.09375 0.096875
0 0.04140625 0.809375 0.0828125 0.10625
1 0.128125 0.69609375 0.25625 0.3734375
1 0.659375 0.71640625 0.0921875 0.103125
0 0.71796875 0.515625 0.05 0.0734375
1 0.68203125 0.503125 0.071875 0.0828125
1 0.92578125 0.61953125 0.1484375 0.1453125
1 0.81953125 0.59375 0.140625 0.1625
0 0.73515625 0.59296875 0.1265625 0.20625
1 0.6703125 0.60390625 0.096875 0.1390625