0 0.8515625 0.175 0.1578125 0.253125
1 0.6703125 0.121875 0.1609375 0.1890625
0 0.765625 0.13671875 0.065625 0.1875
0 0.12890625 0.05703125 0.05 0.0359375
1 0.08359375 0.0578125 0.0453125 0.0484375
1 0.4265625 0.12734375 0.0640625 0.059375
0 0.346875 0.1203125 0.1078125 0.0703125
0 0.2828125 0.115625 0.028125 0.0375
1 0.15625 0.13359375 0.065625 0.0875
0 0.35078125 0.165625 0.040625 0.034375
1 0.31796875 0.05078125 0.3296875 0.1015625
1 0.125 0.021875 0.06875 0.04375
0 0.5953125 0.5453125 0.2921875 0.2765625
1 0.18203125 0.3859375 0.071875 0.2203125
0 0.21484375 0.4109375 0.028125 0.0734375
0 0.196875 0.4828125 0.0359375 0.0828125
1 0.08515625 0.49375 0.1703125 0.46875
1 0.3375 0.57421875 0.2921875 0.571875
0 0.17578125 0.56484375 0.0390625 0.0859375
0 0.146875 0.65546875 0.04375 0.10625
1 0.17890625 0.72265625 0.06875 0.225
0 0.2296875 0.3296875 0.0390625 0.096875
0 0.1234375 0.75859375 0.0453125 0.109375
1 0.04921875 0.7953125 0.0984375 0.159375
0 0.11171875 0.8546875 0.0578125 0.090625
1 0.3828125 0.90625 0.0859375 0.09375