0 0.31171875 0.11953125 0.125 0.0640625
0 0.06328125 0.10390625 0.075 0.0359375
0 0.15234375 0.1203125 0.059375 0.0390625
1 0.3765625 0.16796875 0.046875 0.0953125
1 0.08984375 0.1828125 0.10625 0.053125
1 0.2046875 0.03046875 0.159375 0.0609375
0 0.05078125 0.04921875 0.04375 0.0484375
0 0.2171875 0.071875 0.0578125 0.065625
0 0.74375 0.2671875 0.2765625 0.21875
0 0.52109375 0.34765625 0.0390625 0.0421875
1 0.93515625 0.1859375 0.1296875 0.14375
0 0.18125 0.5984375 0.171875 0.4328125
0 0.56328125 0.77734375 0.075 0.10625
0 0.83125 0.66796875 0.2578125 0.384375