1 0.85234375 0.5171875 0.2609375 0.21875
1 0.2015625 0.29453125 0.1859375 0.1890625
0 0.44296875 0.3828125 0.1703125 0.1703125
0 0.6328125 0.4625 0.2390625 0.215625
0 0.27421875 0.39453125 0.1078125 0.171875
0 0.175 0.40703125 0.065625 0.0890625
0 0.5734375 0.60859375 0.1234375 0.159375
0 0.75 0.7 0.203125 0.2796875
0 0.32734375 0.55703125 0.1578125 0.196875
0 0.1296875 0.53828125 0.096875 0.1453125
0 0.840625 0.7953125 0.153125 0.2546875
0 0.03671875 0.53125 0.0734375 0.121875
0 0.184375 0.590625 0.0984375 0.1984375