0 0.08203125 0.44296875 0.13125 0.096875
0 0.91484375 0.246875 0.1078125 0.203125
0 0.95859375 0.34609375 0.0828125 0.0984375
1 0.6609375 0.29375 0.103125 0.090625
0 0.97578125 0.478125 0.0484375 0.2375
0 0.85546875 0.4484375 0.090625 0.0859375
0 0.753125 0.4265625 0.06875 0.08125
1 0.953125 0.13203125 0.09375 0.0703125
1 0.9828125 0.2203125 0.034375 0.196875
1 0.696875 0.153125 0.1734375 0.2390625
1 0.96796875 0.23046875 0.0640625 0.1421875
0 0.81875 0.20859375 0.196875 0.2859375
0 0.3453125 0.78125 0.3359375 0.4296875
1 0.54140625 0.73828125 0.1359375 0.1609375
0 0.4515625 0.91328125 0.040625 0.1