0 0.24296875 0.11015625 0.2671875 0.2203125
1 0.87265625 0.0296875 0.2546875 0.059375
0 0.68828125 0.16796875 0.6234375 0.08125
0 0.54296875 0.3078125 0.33125 0.19375
0 0.18828125 0.70546875 0.3765625 0.5875
0 0.67265625 0.71484375 0.28125 0.334375
0 0.84921875 0.77890625 0.059375 0.15
0 0.47734375 0.8796875 0.071875 0.034375
0 0.4984375 0.95546875 0.04375 0.078125
0 0.54921875 0.95625 0.0390625 0.0875
0 0.6453125 0.953125 0.0375 0.09375
0 0.46171875 0.9609375 0.025 0.078125
0 0.70546875 0.9828125 0.0375 0.034375