0 0.0625 0.271875 0.125 0.209375
1 0.10390625 0.68125 0.2078125 0.34375
0 0.19296875 0.7234375 0.0796875 0.090625
0 0.15 0.87265625 0.1015625 0.1515625
0 0.21015625 0.8765625 0.040625 0.065625
0 0.23046875 0.8671875 0.0609375 0.1046875
0 0.25078125 0.86015625 0.078125 0.1359375
0 0.1953125 0.90703125 0.04375 0.0734375
0 0.20703125 0.90078125 0.0546875 0.090625
0 0.36953125 0.8515625 0.1765625 0.2671875
0 0.48046875 0.80234375 0.05 0.0640625
0 0.4453125 0.88046875 0.0765625 0.1390625
1 0.21171875 0.434375 0.2375 0.24375
1 0.103125 0.56796875 0.20625 0.2703125
1 0.7125 0.54140625 0.4765625 0.321875
0 0.8171875 0.7125 0.365625 0.40625