0 0.796875 0.30078125 0.40625 0.2671875
0 0.22734375 0.1796875 0.3609375 0.359375
0 0.3578125 0.171875 0.19375 0.3328125
0 0.59140625 0.78515625 0.0921875 0.15
1 0.40078125 0.7140625 0.1125 0.1515625
0 0.53046875 0.76484375 0.1078125 0.1125
0 0.465625 0.76640625 0.05 0.0515625
0 0.434375 0.75625 0.04375 0.0734375
0 0.4140625 0.8046875 0.028125 0.0390625
0 0.58828125 0.8859375 0.025 0.0328125
0 0.540625 0.87265625 0.03125 0.046875
0 0.65390625 0.6890625 0.0 0.0890625
1 0.5390625 0.6625 0.165625 0.14375
0 0.153125 0.6578125 0.128125 0.2109375