0 0.33671875 0.07734375 0.2109375 0.1546875
0 0.265625 0.00859375 0.046875 0.0171875
0 0.39921875 0.090625 0.1703125 0.1671875
0 0.27734375 0.03203125 0.0609375 0.0640625
1 0.44375 0.16484375 0.05 0.0609375
1 0.21640625 0.05546875 0.0609375 0.0796875
1 0.2375 0.09140625 0.0515625 0.06875
0 0.32734375 0.1484375 0.0796875 0.078125
1 0.38359375 0.2078125 0.1265625 0.1203125
0 0.47734375 0.0328125 0.0828125 0.065625
0 0.6078125 0.3890625 0.4609375 0.4421875
0 0.04140625 0.54140625 0.08125 0.109375
1 0.1421875 0.60703125 0.1140625 0.1078125
0 0.07734375 0.584375 0.090625 0.109375
1 0.1875 0.6625 0.096875 0.125
0 0.1078125 0.65 0.08125 0.06875
1 0.14453125 0.67734375 0.0359375 0.0484375
0 0.028125 0.56640625 0.05625 0.3203125
1 0.13515625 0.73203125 0.05 0.059375
0 0.09375 0.715625 0.034375 0.046875
1 0.05 0.38515625 0.0 0.1109375
1 0.09375 0.43359375 0.1125 0.140625
1 0.19765625 0.5078125 0.2484375 0.2328125
1 0.02109375 0.39140625 0.0421875 0.1453125
1 0.31171875 0.8 0.24375 0.24375
0 0.41796875 0.8890625 0.1515625 0.16875
1 0.51015625 0.70703125 0.3984375 0.334375