0 0.8203125 0.078125 0.175 0.15625
0 0.25234375 0.23125 0.5046875 0.325
0 0.903125 0.40390625 0.1015625 0.1765625
1 0.92734375 0.4140625 0.1453125 0.565625
1 0.84375 0.2421875 0.1265625 0.1921875
0 0.52578125 0.5234375 0.121875 0.2125
1 0.4 0.57734375 0.115625 0.18125
0 0.46171875 0.5609375 0.0953125 0.171875
1 0.24375 0.78984375 0.09375 0.1390625
0 0.315625 0.77109375 0.1234375 0.1421875
1 0.6921875 0.68125 0.175 0.3921875
0 0.55859375 0.75078125 0.2921875 0.3078125
0 0.41640625 0.80859375 0.0921875 0.084375
0 0.3671875 0.86015625 0.0640625 0.0921875
1 0.3046875 0.8828125 0.1125 0.103125
1 0.3875 0.9484375 0.084375 0.103125
0 0.546875 0.975 0.090625 0.05