0 0.73203125 0.20703125 0.4171875 0.4140625
1 0.4265625 0.5640625 0.0953125 0.275
1 0.33359375 0.584375 0.05 0.134375
0 0.309375 0.6 0.0359375 0.1125
0 0.16171875 0.66484375 0.0640625 0.1171875
0 0.371875 0.65390625 0.096875 0.346875
1 0.3515625 0.4609375 0.0625 0.053125
0 0.33828125 0.7 0.028125 0.103125
0 0.265625 0.76171875 0.01875 0.0296875
0 0.2515625 0.7765625 0.0171875 0.0578125
0 0.21875 0.7921875 0.0359375 0.053125
0 0.32890625 0.79921875 0.06875 0.0984375
1 0.0890625 0.8375 0.028125 0.078125
1 0.1203125 0.8609375 0.04375 0.0953125
1 0.43046875 0.84609375 0.121875 0.065625
1 0.40234375 0.9265625 0.1 0.115625
1 0.30703125 0.49453125 0.046875 0.1078125
1 0.16953125 0.53203125 0.0671875 0.1546875
0 0.221875 0.52890625 0.065625 0.1609375
1 0.2703125 0.53984375 0.0625 0.190625
0 0.6703125 0.675 0.0921875 0.1125
0 0.85078125 0.77578125 0.0703125 0.1125
0 0.96953125 0.7875 0.0609375 0.10625
1 0.8546875 0.540625 0.290625 0.184375
1 0.54609375 0.58671875 0.184375 0.1984375