0 0.28203125 0.19609375 0.296875 0.2984375
0 0.10546875 0.371875 0.1 0.1828125
0 0.24140625 0.47890625 0.1359375 0.1265625
0 0.4015625 0.60546875 0.10625 0.096875
1 0.528125 0.2484375 0.4015625 0.3765625
1 0.96953125 0.3765625 0.0609375 0.153125
1 0.9328125 0.4625 0.134375 0.190625
1 0.8734375 0.59453125 0.1375 0.203125
0 0.82734375 0.5796875 0.1359375 0.2140625
0 0.7625 0.62265625 0.059375 0.084375
0 0.22890625 0.78359375 0.4359375 0.3859375
1 0.72890625 0.97421875 0.1421875 0.0515625
1 0.5125 0.9109375 0.275 0.178125