0 0.20703125 0.2140625 0.3734375 0.428125
0 0.88828125 0.13828125 0.075 0.078125
1 0.94921875 0.20078125 0.1015625 0.1546875
0 0.8953125 0.21328125 0.0734375 0.090625
1 0.9703125 0.28203125 0.059375 0.2640625
1 0.70625 0.19609375 0.3515625 0.3625
0 0.91640625 0.31484375 0.1171875 0.125
1 0.846875 0.31640625 0.1171875 0.165625
0 0.9453125 0.41875 0.0953125 0.0984375
0 0.95234375 0.5140625 0.0953125 0.109375
1 0.709375 0.43359375 0.4609375 0.290625
0 0.928125 0.59921875 0.1046875 0.1140625
0 0.15546875 0.440625 0.2234375 0.1328125
0 0.6953125 0.778125 0.45 0.44375
0 0.47265625 0.8609375 0.046875 0.0609375
1 0.82890625 0.98203125 0.0640625 0.0359375
1 0.4625 0.93828125 0.090625 0.0796875
0 0.5984375 0.9625 0.215625 0.075
1 0.5546875 0.9796875 0.265625 0.040625