1 0.0796875 0.1828125 0.159375 0.153125
0 0.03671875 0.3453125 0.0703125 0.096875
1 0.53125 0.11484375 0.265625 0.2296875
1 0.73671875 0.096875 0.2546875 0.19375
0 0.5484375 0.22421875 0.0375 0.0453125
0 0.5859375 0.221875 0.040625 0.0484375
0 0.703125 0.2265625 0.046875 0.065625
0 0.5953125 0.30078125 0.128125 0.1125
0 0.7671875 0.24921875 0.0515625 0.05
0 0.5421875 0.390625 0.05625 0.084375
0 0.671875 0.34375 0.05625 0.0765625
0 0.3140625 0.7671875 0.440625 0.465625
0 0.99140625 0.69609375 0.0171875 0.0578125
0 0.8796875 0.7625 0.053125 0.0578125