1 0.65390625 0.1359375 0.5109375 0.271875
1 0.54921875 0.27890625 0.1578125 0.109375
0 0.8609375 0.19140625 0.15 0.125
0 0.7015625 0.24609375 0.1890625 0.14375
0 0.72890625 0.32109375 0.078125 0.075
0 0.57109375 0.3546875 0.134375 0.1171875
0 0.9125 0.26796875 0.0875 0.0734375
0 0.48046875 0.39609375 0.0765625 0.075
0 0.1390625 0.21640625 0.278125 0.3015625
0 0.2765625 0.2625 0.03125 0.04375
1 0.0296875 0.3515625 0.04375 0.0546875
1 0.28203125 0.31796875 0.0609375 0.05625
0 0.18828125 0.346875 0.1484375 0.0796875
1 0.0796875 0.4015625 0.1171875 0.1
1 0.21953125 0.38359375 0.1859375 0.0953125
0 0.86875 0.75234375 0.1703125 0.2234375
1 0.375 0.56015625 0.2125 0.2296875
0 0.04140625 0.66328125 0.0609375 0.1203125