0 0.30234375 0.18125 0.090625 0.090625
0 0.15859375 0.2734375 0.1875 0.1078125
0 0.10859375 0.36328125 0.0921875 0.096875
0 0.00546875 0.42109375 0.0109375 0.0546875
1 0.42734375 0.121875 0.1984375 0.153125
1 0.13359375 0.196875 0.2671875 0.14375
1 0.81171875 0.1359375 0.28125 0.1921875
0 0.63125 0.20546875 0.078125 0.0859375
0 0.74296875 0.271875 0.1125 0.06875
0 0.59453125 0.30078125 0.0546875 0.0390625
0 0.10078125 0.7078125 0.19375 0.484375
0 0.73984375 0.6671875 0.296875 0.35
0 0.9671875 0.78515625 0.065625 0.2203125
0 0.690625 0.9140625 0.08125 0.121875