0 0.678125 0.03125 0.240625 0.0625
0 0.22578125 0.4328125 0.3671875 0.2140625
0 0.76953125 0.59765625 0.159375 0.25
0 0.65859375 0.63046875 0.0984375 0.0703125
1 0.43359375 0.70625 0.09375 0.14375
0 0.51015625 0.7015625 0.0703125 0.1390625
1 0.19140625 0.85625 0.08125 0.1078125
0 0.2796875 0.85078125 0.11875 0.10625
0 0.509375 0.87265625 0.16875 0.215625
0 0.3859375 0.89453125 0.0953125 0.059375
0 0.315625 0.9296875 0.0546875 0.071875
1 0.2359375 0.93984375 0.1171875 0.075
1 0.303125 0.9796875 0.05625 0.040625