0 0.7109375 0.0859375 0.1015625 0.1140625
0 0.553125 0.1578125 0.209375 0.315625
1 0.41640625 0.23125 0.2421875 0.4625
0 0.6875 0.2359375 0.1046875 0.2125
1 0.8734375 0.33828125 0.253125 0.2171875
0 0.95703125 0.5046875 0.08125 0.0703125
0 0.30546875 0.70234375 0.4421875 0.58125
0 0.64765625 0.96328125 0.0484375 0.0734375
0 0.83046875 0.621875 0.196875 0.1625
1 0.68828125 0.6109375 0.1453125 0.1921875
1 0.88515625 0.77265625 0.1515625 0.1671875
0 0.721875 0.853125 0.171875 0.29375
0 0.89140625 0.92421875 0.0765625 0.1515625
1 0.6109375 0.840625 0.15 0.31875
0 0.81796875 0.94140625 0.0828125 0.1171875