0 0.58984375 0.10703125 0.4078125 0.2140625
0 0.12890625 0.15078125 0.075 0.1234375
0 0.02890625 0.28203125 0.0578125 0.1640625
0 0.184375 0.2671875 0.0375 0.0796875
1 0.0578125 0.16640625 0.115625 0.1296875
0 0.73046875 0.740625 0.5390625 0.509375
0 0.2421875 0.76015625 0.0328125 0.0765625
1 0.1640625 0.8140625 0.265625 0.371875
1 0.321875 0.7984375 0.196875 0.403125
0 0.2703125 0.83125 0.034375 0.0765625
0 0.2953125 0.89765625 0.03125 0.0625
1 0.2890625 0.93125 0.0515625 0.121875
0 0.32265625 0.96171875 0.0546875 0.0765625
0 0.21015625 0.67578125 0.0421875 0.1015625
1 0.23828125 0.70703125 0.071875 0.1765625