0 0.71953125 0.37265625 0.0421875 0.121875
0 0.784375 0.44296875 0.05 0.1328125
0 0.31015625 0.428125 0.1078125 0.1203125
0 0.490625 0.4640625 0.109375 0.13125
0 0.5984375 0.56875 0.1046875 0.3265625
0 0.2484375 0.5484375 0.109375 0.165625
0 0.41640625 0.58828125 0.090625 0.234375
0 0.015625 0.56796875 0.03125 0.1078125
0 0.709375 0.63515625 0.05625 0.0921875
0 0.80234375 0.70546875 0.078125 0.25
1 0.4875 0.1015625 0.28125 0.203125
0 0.7 0.1546875 0.209375 0.2921875
1 0.890625 0.18203125 0.21875 0.3140625
0 0.22578125 0.20234375 0.0640625 0.13125