0 0.15546875 0.1078125 0.2015625 0.215625
0 0.8609375 0.27421875 0.278125 0.3515625
0 0.67734375 0.30625 0.04375 0.065625
0 0.4328125 0.25390625 0.034375 0.075
0 0.58359375 0.29140625 0.0546875 0.0890625
0 0.521875 0.290625 0.0515625 0.09375
1 0.13046875 0.61328125 0.0609375 0.1265625
1 0.23203125 0.640625 0.06875 0.1375
0 0.19296875 0.646875 0.0640625 0.165625
0 0.096875 0.6390625 0.03125 0.06875
1 0.04921875 0.6640625 0.08125 0.1046875
0 0.21796875 0.75 0.0609375 0.09375
0 0.10390625 0.7265625 0.0546875 0.096875
0 0.16484375 0.76796875 0.0609375 0.0640625
1 0.23671875 0.52578125 0.140625 0.1171875
0 0.6046875 0.73828125 0.559375 0.5234375