0 0.81484375 0.41484375 0.3703125 0.3609375
0 0.44609375 0.24296875 0.053125 0.0640625
0 0.47734375 0.3078125 0.0546875 0.0671875
0 0.5453125 0.3453125 0.0640625 0.0640625
0 0.28984375 0.23359375 0.125 0.096875
0 0.16875 0.190625 0.1265625 0.1171875
1 0.6125 0.775 0.0765625 0.09375
0 0.63984375 0.81171875 0.065625 0.10625
0 0.53671875 0.7671875 0.16875 0.209375
0 0.59765625 0.8390625 0.0484375 0.078125
0 0.57109375 0.83984375 0.0546875 0.075
1 0.9078125 0.66875 0.1625 0.1671875
1 0.765625 0.60859375 0.234375 0.215625
0 0.62109375 0.66328125 0.0828125 0.090625
1 0.665625 0.69921875 0.0921875 0.1125
0 0.271875 0.37734375 0.2203125 0.21875