0 0.29609375 0.28515625 0.134375 0.315625
0 0.36640625 0.34140625 0.0640625 0.090625
0 0.09375 0.53203125 0.0578125 0.1046875
0 0.821875 0.190625 0.303125 0.38125
0 0.31328125 0.82265625 0.0421875 0.0671875
0 0.57265625 0.7734375 0.2109375 0.2875
0 0.2421875 0.86640625 0.06875 0.06875
0 0.34375 0.93125 0.09375 0.1375
0 0.27421875 0.94296875 0.0921875 0.1140625
0 0.3609375 0.75 0.10625 0.1453125
1 0.84140625 0.72265625 0.20625 0.2515625
0 0.96875 0.80078125 0.0625 0.0765625
0 0.87890625 0.86328125 0.1140625 0.0921875