0 0.35546875 0.1953125 0.2390625 0.390625
0 0.24921875 0.23828125 0.1859375 0.28125
0 0.7375 0.41953125 0.415625 0.465625
0 0.053125 0.3828125 0.0296875 0.025
0 0.23515625 0.46796875 0.025 0.0234375
0 0.11328125 0.4125 0.0203125 0.0234375
0 0.16953125 0.44375 0.0296875 0.034375
0 0.12734375 0.44453125 0.0359375 0.0453125
0 0.06171875 0.42578125 0.0359375 0.0515625
0 0.23203125 0.515625 0.0453125 0.0609375
0 0.16015625 0.51171875 0.0765625 0.1171875
0 0.01875 0.44609375 0.0375 0.1234375
0 0.065625 0.49296875 0.0484375 0.0703125
0 0.175 0.5796875 0.040625 0.059375
0 0.08125 0.54921875 0.0578125 0.0890625
0 0.6 0.796875 0.409375 0.4046875
0 0.8140625 0.90625 0.15 0.1875