1 0.90078125 0.340625 0.1984375 0.2125
0 0.71484375 0.2859375 0.2375 0.184375
0 0.67265625 0.3875 0.1203125 0.0828125
0 0.80234375 0.45234375 0.1046875 0.071875
0 0.95546875 0.534375 0.078125 0.05
0 0.3953125 0.0234375 0.065625 0.046875
1 0.44921875 0.04765625 0.1140625 0.0953125
0 0.27890625 0.009375 0.0015625 0.0015625
0 0.471875 0.11015625 0.0484375 0.05625
0 0.33671875 0.0453125 0.0 0.065625
1 0.228125 0.01796875 0.084375 0.0359375
0 0.41875 0.10703125 0.0765625 0.0671875
0 0.41015625 0.81953125 0.3328125 0.3609375
0 0.11796875 0.51953125 0.190625 0.3109375