0 0.29453125 0.18359375 0.234375 0.1109375
0 0.6984375 0.053125 0.39375 0.10625
1 0.64140625 0.140625 0.175 0.090625
0 0.80859375 0.12578125 0.159375 0.05
0 0.2265625 0.96328125 0.078125 0.0734375
1 0.2390625 0.84296875 0.2125 0.3140625
1 0.7125 0.634375 0.06875 0.0859375
0 0.68046875 0.44375 0.03125 0.065625
1 0.64375 0.44765625 0.053125 0.06875
1 0.91484375 0.44375 0.1515625 0.1140625
1 0.796875 0.46640625 0.103125 0.134375
0 0.72578125 0.50078125 0.0703125 0.1890625
1 0.67578125 0.53671875 0.0609375 0.1234375