0 0.43046875 0.1734375 0.253125 0.2421875
0 0.809375 0.1984375 0.38125 0.35625
1 0.1328125 0.571875 0.2625 0.0765625
1 0.38046875 0.6421875 0.2640625 0.1375
0 0.140625 0.66953125 0.28125 0.2015625
0 0.3140625 0.73359375 0.1078125 0.1140625
0 0.45859375 0.77890625 0.0703125 0.11875
0 0.3046875 0.86640625 0.0421875 0.1109375
0 0.1171875 0.846875 0.2171875 0.221875
1 0.6640625 0.721875 0.1390625 0.184375
0 0.73203125 0.7421875 0.0515625 0.0875
0 0.76015625 0.82890625 0.0296875 0.0296875
0 0.6890625 0.8859375 0.1109375 0.1125
1 0.78671875 0.6875 0.11875 0.078125