1 0.96796875 0.2578125 0.0640625 0.153125
1 0.925 0.30078125 0.15 0.1546875
0 0.98203125 0.34921875 0.0359375 0.0828125
0 0.84765625 0.3171875 0.06875 0.0921875
0 0.89453125 0.396875 0.153125 0.1375
1 0.8734375 0.75703125 0.2046875 0.275
0 0.7625 0.80546875 0.0859375 0.09375
0 0.6734375 0.78359375 0.165625 0.1640625
1 0.7734375 0.66484375 0.2359375 0.24375
1 0.38046875 0.4203125 0.2265625 0.203125
0 0.2375 0.33984375 0.178125 0.1734375
1 0.1015625 0.446875 0.203125 0.503125
0 0.1 0.59765625 0.4 0.4609375
0 0.36875 0.7859375 0.2609375 0.3359375