0 0.284375 0.16875 0.428125 0.2828125
1 0.840625 0.7671875 0.06875 0.071875
1 0.7875 0.78359375 0.046875 0.1109375
0 0.925 0.8015625 0.13125 0.334375
0 0.690625 0.89921875 0.1046875 0.1703125
0 0.809375 0.9171875 0.1125 0.165625
1 0.8234375 0.6703125 0.065625 0.125
0 0.45703125 0.81796875 0.134375 0.1140625
0 0.24921875 0.80859375 0.115625 0.1203125
0 0.40859375 0.959375 0.165625 0.08125
0 0.228125 0.953125 0.140625 0.0546875
0 0.0265625 0.94765625 0.053125 0.0390625
1 0.09609375 0.75390625 0.1921875 0.1828125