0 0.8578125 0.2546875 0.284375 0.509375
0 0.203125 0.10234375 0.0703125 0.0875
1 0.121875 0.14765625 0.10625 0.16875
0 0.1859375 0.1828125 0.0625 0.084375
1 0.05546875 0.21484375 0.1109375 0.2796875
1 0.37265625 0.19609375 0.3125 0.3328125
0 0.146875 0.278125 0.103125 0.1125
1 0.21484375 0.29296875 0.09375 0.1578125
0 0.1015625 0.37578125 0.084375 0.0875
1 0.021875 0.4578125 0.04375 0.215625
0 0.07109375 0.46640625 0.0953125 0.0984375
1 0.32890625 0.43046875 0.4484375 0.221875
0 0.0859375 0.55546875 0.090625 0.103125
0 0.86875 0.53359375 0.21875 0.1
0 0.28125 0.78125 0.3984375 0.4234375
0 0.4875 0.8890625 0.0390625 0.059375
1 0.11328125 0.965625 0.0546875 0.06875
1 0.48359375 0.965625 0.0828125 0.06875
0 0.34296875 0.97265625 0.2140625 0.0546875
1 0.17265625 0.990625 0.1515625 0.01875