0 0.95546875 0.11484375 0.03125 0.0609375
0 0.89765625 0.115625 0.034375 0.0515625
0 0.67890625 0.09296875 0.0265625 0.04375
0 0.8234375 0.11640625 0.01875 0.0375
0 0.753125 0.11328125 0.0265625 0.0421875
0 0.79140625 0.14140625 0.028125 0.034375
0 0.8640625 0.159375 0.0234375 0.040625
0 0.653125 0.1421875 0.03125 0.05
0 0.7234375 0.1734375 0.0453125 0.096875
0 0.98671875 0.20859375 0.0265625 0.0703125
0 0.9109375 0.20234375 0.04375 0.103125
0 0.82265625 0.20390625 0.03125 0.05625
0 0.67265625 0.2109375 0.025 0.0484375
0 0.77734375 0.23515625 0.034375 0.075
0 0.93515625 0.27734375 0.0375 0.0625
1 0.2484375 0.0421875 0.346875 0.084375
0 0.97109375 0.6171875 0.0421875 0.0625
0 0.5015625 0.7921875 0.0546875 0.0546875
1 0.54140625 0.47890625 0.246875 0.209375
0 0.10703125 0.71640625 0.2140625 0.4890625