0 0.3796875 0.45859375 0.25 0.1515625
0 0.89296875 0.4625 0.1453125 0.134375
0 0.13515625 0.58515625 0.2703125 0.2671875
0 0.63984375 0.5296875 0.2796875 0.2015625
0 0.8984375 0.71171875 0.203125 0.2109375
0 0.42421875 0.7984375 0.296875 0.371875
0 0.14375 0.88203125 0.2046875 0.221875
1 0.65859375 0.82421875 0.134375 0.2015625
0 0.725 0.921875 0.1125 0.0796875
0 0.5578125 0.10234375 0.13125 0.2046875
0 0.3265625 0.1859375 0.275 0.2328125
0 0.096875 0.23515625 0.19375 0.3703125
0 0.828125 0.153125 0.284375 0.30625