0 0.09375 0.26484375 0.1203125 0.1125
1 0.42421875 0.0859375 0.3046875 0.171875
1 0.16640625 0.109375 0.2140625 0.21875
0 0.8609375 0.32265625 0.0609375 0.0515625
0 0.95390625 0.41796875 0.05625 0.046875
0 0.76953125 0.3859375 0.1078125 0.0609375
1 0.94140625 0.27109375 0.1171875 0.2140625
1 0.68828125 0.2296875 0.33125 0.234375
0 0.1625 0.65703125 0.071875 0.1234375
1 0.76171875 0.815625 0.1453125 0.2453125
0 0.903125 0.86640625 0.10625 0.2671875
0 0.678125 0.8578125 0.075 0.1296875
1 0.559375 0.896875 0.196875 0.20625
0 0.7109375 0.9671875 0.115625 0.065625
1 0.91875 0.65703125 0.1453125 0.171875