0 0.0390625 0.36484375 0.078125 0.1078125
0 0.7421875 0.17265625 0.05 0.05625
0 0.2453125 0.775 0.40625 0.4015625
0 0.721875 0.55703125 0.0640625 0.084375
1 0.63828125 0.62890625 0.0 0.1546875
0 0.87734375 0.525 0.084375 0.1109375
1 0.95625 0.49140625 0.071875 0.06875
1 0.8125 0.5765625 0.16875 0.196875
0 0.60078125 0.696875 0.134375 0.1671875
0 0.74921875 0.69765625 0.175 0.2234375
0 0.95 0.6203125 0.0 0.234375
0 0.90703125 0.6765625 0.1125 0.1125
0 0.6984375 0.771875 0.0515625 0.0515625
0 0.84375 0.8109375 0.13125 0.1140625
0 0.61953125 0.42421875 0.1140625 0.121875
0 0.928125 0.81875 0.096875 0.09375
0 0.75859375 0.9078125 0.059375 0.059375
0 0.74296875 0.4546875 0.1609375 0.1546875
1 0.65859375 0.54140625 0.121875 0.1703125