0 0.0515625 0.153125 0.0875 0.14375
0 0.4328125 0.1703125 0.071875 0.0671875
0 0.753125 0.10390625 0.21875 0.1546875
0 0.52734375 0.165625 0.090625 0.065625
1 0.5671875 0.01875 0.296875 0.0375
1 0.05859375 0.75234375 0.059375 0.1421875
1 0.22265625 0.7203125 0.071875 0.1390625
1 0.31484375 0.71171875 0.0828125 0.23125
0 0.16171875 0.75546875 0.1234375 0.203125
0 0.09453125 0.79140625 0.0828125 0.146875
0 0.36875 0.75390625 0.078125 0.153125
0 0.4640625 0.784375 0.121875 0.1484375
0 0.29765625 0.8546875 0.0578125 0.1046875
1 0.2625 0.5125 0.21875 0.2125
1 0.1015625 0.56328125 0.125 0.21875
0 0.1578125 0.57421875 0.0984375 0.175
1 0.42109375 0.584375 0.16875 0.38125
1 0.07109375 0.71328125 0.0703125 0.1578125
0 0.2671875 0.68203125 0.06875 0.1265625
0 0.4875 0.440625 0.1125 0.146875
0 0.596875 0.63828125 0.2796875 0.340625
0 0.96640625 0.6328125 0.0671875 0.2875
0 0.6171875 0.88828125 0.1953125 0.2203125