0 0.31796875 0.11953125 0.2953125 0.2390625
1 0.803125 0.2734375 0.178125 0.1546875
0 0.703125 0.2515625 0.0921875 0.15
1 0.91796875 0.334375 0.121875 0.175
1 0.9859375 0.4203125 0.028125 0.190625
0 0.97578125 0.421875 0.0484375 0.10625
0 0.8171875 0.4 0.078125 0.121875
0 0.8703125 0.48125 0.1125 0.1625
1 0.83203125 0.15703125 0.3359375 0.2328125
0 0.1390625 0.65390625 0.278125 0.5109375
1 0.71171875 0.80234375 0.1296875 0.1796875
1 0.759375 0.92734375 0.1140625 0.1375
0 0.7 0.92421875 0.05625 0.1
0 0.66640625 0.9171875 0.0578125 0.0734375