0 0.89765625 0.27890625 0.0390625 0.0640625
0 0.825 0.30625 0.05625 0.121875
0 0.86484375 0.30703125 0.025 0.08125
1 0.94140625 0.0140625 0.0640625 0.028125
0 0.73359375 0.05234375 0.053125 0.1015625
0 0.853125 0.0640625 0.0234375 0.08125
0 0.946875 0.0703125 0.0359375 0.09375
0 0.80234375 0.1203125 0.0296875 0.178125
0 0.83203125 0.15234375 0.0421875 0.153125
0 0.67890625 0.209375 0.0390625 0.2203125
0 0.93046875 0.22890625 0.034375 0.1265625
0 0.77578125 0.26328125 0.046875 0.18125
0 0.32890625 0.04453125 0.29375 0.0875
0 0.91015625 0.76328125 0.1046875 0.4234375
1 0.79375 0.71171875 0.10625 0.3109375
0 0.853125 0.715625 0.0453125 0.321875
0 0.2328125 0.63203125 0.465625 0.271875