0 0.3359375 0.271875 0.06875 0.146875
0 0.22109375 0.2984375 0.08125 0.1171875
0 0.103125 0.3203125 0.05625 0.046875
1 0.5296875 0.07421875 0.109375 0.1484375
1 0.3 0.06484375 0.33125 0.1296875
0 0.45234375 0.1359375 0.0609375 0.1234375
0 0.36328125 0.1484375 0.09375 0.075
0 0.67265625 0.22265625 0.2109375 0.4
1 0.57265625 0.2484375 0.175 0.4203125
0 0.84140625 0.34140625 0.3140625 0.284375
1 0.953125 0.4390625 0.09375 0.221875
1 0.74140625 0.47421875 0.3515625 0.1515625
1 0.865625 0.1671875 0.26875 0.2375
0 0.1859375 0.709375 0.371875 0.503125
0 0.6640625 0.78125 0.6125 0.4375