0 0.7703125 0.44765625 0.3484375 0.403125
1 0.325 0.2140625 0.13125 0.128125
0 0.24453125 0.18515625 0.0890625 0.103125
1 0.153125 0.16640625 0.1546875 0.1578125
0 0.134375 0.2171875 0.06875 0.059375
1 0.20859375 0.25234375 0.121875 0.0984375
0 0.32421875 0.30859375 0.1609375 0.121875
1 0.29296875 0.09296875 0.3515625 0.1859375
0 0.1515625 0.5921875 0.19375 0.271875
0 0.0484375 0.6515625 0.065625 0.0875
0 0.2109375 0.72265625 0.0875 0.1359375
0 0.0140625 0.65234375 0.028125 0.0609375
0 0.26796875 0.76328125 0.0828125 0.1203125
0 0.17421875 0.82734375 0.0375 0.0515625
1 0.19765625 0.88984375 0.1265625 0.0953125
0 0.28203125 0.94296875 0.034375 0.028125
1 0.29921875 0.61171875 0.2828125 0.271875