0 0.22109375 0.3 0.2703125 0.41875
0 0.02734375 0.41484375 0.0546875 0.1109375
0 0.12109375 0.37734375 0.23125 0.353125
0 0.1171875 0.5515625 0.0390625 0.0453125
0 0.03828125 0.6265625 0.0765625 0.140625
0 0.12578125 0.59375 0.034375 0.040625
0 0.09765625 0.628125 0.04375 0.04375
0 0.23203125 0.5984375 0.071875 0.0609375
0 0.10703125 0.66171875 0.0390625 0.028125
1 0.64140625 0.08125 0.3046875 0.1625
0 0.72265625 0.13203125 0.125 0.0953125
0 0.45 0.85 0.1296875 0.109375
0 0.2734375 0.925 0.0734375 0.09375
0 0.38125 0.9421875 0.13125 0.115625
1 0.29921875 0.81640625 0.3734375 0.225
1 0.55546875 0.7671875 0.2046875 0.221875
0 0.76875 0.6515625 0.4625 0.603125