0 0.87734375 0.0453125 0.0890625 0.090625
0 0.7859375 0.08671875 0.1359375 0.0734375
0 0.65546875 0.15078125 0.171875 0.146875
0 0.55859375 0.18046875 0.0578125 0.065625
1 0.69921875 0.053125 0.3171875 0.10625
1 0.47421875 0.0890625 0.2015625 0.178125
0 0.1796875 0.3203125 0.0671875 0.1109375
0 0.05703125 0.39296875 0.1140625 0.3359375
0 0.19453125 0.47109375 0.2046875 0.1390625
0 0.0640625 0.153125 0.128125 0.159375
0 0.58203125 0.72265625 0.215625 0.5203125
0 0.159375 0.659375 0.3046875 0.259375