0 0.7046875 0.08515625 0.05 0.071875
1 0.5171875 0.0890625 0.1375 0.046875
0 0.6234375 0.09765625 0.0734375 0.065625
1 0.41328125 0.10546875 0.065625 0.0796875
0 0.53046875 0.12421875 0.115625 0.025
1 0.459375 0.128125 0.025 0.0328125
0 0.8140625 0.13203125 0.0 0.21875
1 0.428125 0.16328125 0.0421875 0.034375
0 0.496875 0.1671875 0.021875 0.0296875
0 0.92890625 0.16875 0.128125 0.13125
1 0.8140625 0.0109375 0.1015625 0.021875
1 0.7171875 0.025 0.084375 0.05
1 0.5203125 0.0328125 0.309375 0.065625
1 0.93359375 0.0328125 0.1328125 0.065625
0 0.27890625 0.0828125 0.10625 0.165625
0 0.184375 0.0921875 0.078125 0.071875
0 0.78359375 0.5609375 0.2625 0.2875
1 0.1390625 0.49765625 0.278125 0.3515625
1 0.1140625 0.71484375 0.071875 0.0734375
0 0.2546875 0.72421875 0.025 0.0890625
0 0.059375 0.72421875 0.0359375 0.09375
1 0.21640625 0.7328125 0.053125 0.109375
0 0.1703125 0.73828125 0.040625 0.109375
0 0.0109375 0.76015625 0.021875 0.0703125