1 0.346875 0.15 0.2609375 0.2890625
0 0.0390625 0.2078125 0.078125 0.125
1 0.50234375 0.14140625 0.1453125 0.2
0 0.1421875 0.24375 0.171875 0.1421875
1 0.0421875 0.30234375 0.084375 0.0984375
0 0.55859375 0.22421875 0.05 0.0640625
0 0.30703125 0.3625 0.140625 0.1109375
1 0.11171875 0.11171875 0.2234375 0.1078125
0 0.6703125 0.2359375 0.0875 0.09375
0 0.75859375 0.26171875 0.10625 0.115625
0 0.82578125 0.2578125 0.0 0.115625
0 0.6984375 0.071875 0.1875 0.14375
0 0.5453125 0.04375 0.053125 0.0875
0 0.63125 0.3 0.0875 0.11875
0 0.46484375 0.85546875 0.09375 0.125
0 0.80078125 0.659375 0.1625 0.4859375