0 0.3390625 0.4125 0.265625 0.1375
0 0.89765625 0.525 0.146875 0.134375
0 0.090625 0.5 0.18125 0.2625
0 0.60703125 0.5453125 0.2921875 0.1921875
0 0.8703125 0.80234375 0.2421875 0.2078125
0 0.31484375 0.7921875 0.2875 0.384375
0 0.046875 0.825 0.09375 0.221875
1 0.56640625 0.8703125 0.125 0.2109375
0 0.6171875 0.97578125 0.115625 0.0484375
0 0.6109375 0.0859375 0.1171875 0.1671875
0 0.33828125 0.1078125 0.2828125 0.215625
0 0.08515625 0.14765625 0.1546875 0.2953125
0 0.88046875 0.1703125 0.2390625 0.321875