0 0.0609375 0.34453125 0.121875 0.1953125
0 0.1140625 0.30390625 0.0640625 0.0703125
1 0.1703125 0.28046875 0.096875 0.0890625
1 0.0171875 0.25078125 0.034375 0.0921875
1 0.10078125 0.22109375 0.178125 0.1703125
1 0.23125 0.1703125 0.196875 0.20625
0 0.5953125 0.31171875 0.4171875 0.3703125
0 0.5359375 0.7671875 0.13125 0.1234375
0 0.3203125 0.93359375 0.196875 0.1328125
0 0.4578125 0.89375 0.221875 0.2125
0 0.4640625 0.7296875 0.146875 0.11875
1 0.32421875 0.84609375 0.109375 0.1234375
1 0.2421875 0.89375 0.146875 0.1328125
0 0.759375 0.51875 0.48125 0.484375