0 0.303125 0.140625 0.23125 0.28125
1 0.61484375 0.16640625 0.1796875 0.2953125
0 0.53359375 0.17109375 0.125 0.2109375
0 0.59609375 0.5234375 0.065625 0.1
0 0.63828125 0.62421875 0.1078125 0.084375
0 0.17578125 0.58515625 0.2625 0.2484375
0 0.4 0.67890625 0.10625 0.103125
0 0.34609375 0.66484375 0.03125 0.025
0 0.48125 0.72421875 0.134375 0.153125
0 0.55 0.80078125 0.075 0.053125
0 0.61171875 0.8484375 0.1015625 0.1015625
0 0.6609375 0.871875 0.0375 0.0453125
1 0.51328125 0.63671875 0.109375 0.084375
1 0.40703125 0.60390625 0.1359375 0.1015625
1 0.86328125 0.8109375 0.146875 0.16875
1 0.615625 0.72578125 0.1984375 0.1953125
1 0.746875 0.78671875 0.184375 0.2109375