0 0.72734375 0.221875 0.4390625 0.2734375
0 0.2328125 0.26953125 0.0390625 0.0671875
0 0.3 0.31796875 0.0390625 0.06875
0 0.38828125 0.31796875 0.0578125 0.05625
0 0.071875 0.346875 0.1328125 0.0671875
1 0.69375 0.709375 0.0546875 0.0984375
0 0.7421875 0.73125 0.0296875 0.1265625
0 0.6140625 0.74375 0.1234375 0.2171875
0 0.71484375 0.78203125 0.021875 0.0921875
0 0.6875 0.79765625 0.034375 0.08125
1 0.9296875 0.43828125 0.140625 0.1546875
1 0.75546875 0.459375 0.2234375 0.1796875
0 0.640625 0.59296875 0.06875 0.0875
1 0.70390625 0.6046875 0.06875 0.115625
0 0.1328125 0.50078125 0.1984375 0.1953125