0 0.64921875 0.40390625 0.3984375 0.2953125
0 0.203125 0.29921875 0.0671875 0.0875
0 0.1171875 0.29140625 0.1140625 0.159375
0 0.1546875 0.3140625 0.0640625 0.103125
1 0.41875 0.028125 0.109375 0.05625
0 0.28671875 0.04296875 0.0609375 0.0859375
0 0.371875 0.0921875 0.0796875 0.1203125
0 0.2046875 0.0890625 0.115625 0.178125
0 0.2140625 0.1234375 0.1125 0.1875
0 0.2640625 0.2609375 0.09375 0.15625
0 0.09765625 0.2203125 0.125 0.21875
0 0.5015625 0.90234375 0.5125 0.1953125
0 0.059375 0.57578125 0.11875 0.2546875