0 0.0875 0.321875 0.175 0.38125
1 0.35703125 0.16875 0.1828125 0.2953125
0 0.290625 0.21796875 0.1328125 0.225
0 0.584375 0.46328125 0.06875 0.10625
0 0.68671875 0.51796875 0.1140625 0.0890625
0 0.28125 0.80234375 0.28125 0.265625
0 0.5296875 0.725 0.1140625 0.109375
0 0.47578125 0.75078125 0.0328125 0.028125
0 0.62734375 0.70625 0.14375 0.1640625
0 0.7359375 0.721875 0.08125 0.05625
0 0.81875 0.71875 0.1078125 0.1078125
0 0.875 0.70546875 0.040625 0.0484375
1 0.59296875 0.6140625 0.1171875 0.090625
1 0.48359375 0.65859375 0.1453125 0.109375
1 0.96015625 0.51796875 0.0796875 0.1734375
1 0.73828125 0.61640625 0.2125 0.209375
1 0.8875 0.57578125 0.1953125 0.225