1 0.78203125 0.18125 0.1015625 0.1078125
1 0.6625 0.21484375 0.0765625 0.08125
1 0.6421875 0.0375 0.06875 0.075
0 0.68515625 0.0328125 0.0234375 0.04375
0 0.88515625 0.053125 0.0484375 0.10625
0 0.75390625 0.06875 0.0671875 0.1375
0 0.83828125 0.0953125 0.046875 0.1546875
0 0.6734375 0.12265625 0.0359375 0.10625
0 0.471875 0.71796875 0.1203125 0.421875
1 0.16640625 0.81171875 0.3109375 0.3765625
0 0.34609375 0.88671875 0.1234375 0.1484375
0 0.603125 0.89296875 0.1515625 0.0875
1 0.94140625 0.553125 0.1171875 0.209375
0 0.746875 0.6125 0.015625 0.0734375
0 0.784375 0.67734375 0.0171875 0.0671875
1 0.87890625 0.67421875 0.0546875 0.0953125
0 0.85234375 0.459375 0.0671875 0.1