0 0.5765625 0.13203125 0.2875 0.2015625
0 0.284375 0.578125 0.096875 0.1546875
0 0.81171875 0.61328125 0.184375 0.2078125
1 0.24296875 0.78515625 0.190625 0.221875
0 0.353125 0.8140625 0.08125 0.0890625
1 0.42265625 0.7828125 0.1421875 0.1453125
0 0.209375 0.89296875 0.14375 0.1609375
0 0.26171875 0.92734375 0.0015625 0.0015625
0 0.5078125 0.81953125 0.059375 0.071875
0 0.34140625 0.90078125 0.125 0.08125
1 0.215625 0.96171875 0.103125 0.0765625
0 0.4640625 0.86953125 0.0953125 0.0859375
1 0.1328125 0.79453125 0.125 0.1375
1 0.33046875 0.703125 0.1421875 0.14375