0 0.91640625 0.3125 0.1671875 0.271875
1 0.05078125 0.34296875 0.1015625 0.1609375
1 0.21484375 0.4484375 0.121875 0.1578125
1 0.30390625 0.515625 0.16875 0.2484375
0 0.1328125 0.43046875 0.1984375 0.2390625
0 0.0578125 0.40859375 0.115625 0.1703125
0 0.3203125 0.5921875 0.134375 0.1734375
0 0.38125 0.69296875 0.175 0.1859375
0 0.1796875 0.62109375 0.09375 0.11875
1 0.4109375 0.30390625 0.290625 0.284375
1 0.2296875 0.221875 0.203125 0.253125
0 0.271875 0.275 0.1625 0.2046875
1 0.49765625 0.49140625 0.309375 0.421875
1 0.0859375 0.32421875 0.1265625 0.1734375
0 0.28515625 0.4515625 0.1140625 0.1453125
0 0.64765625 0.665625 0.7046875 0.66875