0 0.034375 0.3109375 0.06875 0.146875
1 0.1015625 0.28515625 0.13125 0.1546875
1 0.0984375 0.3859375 0.196875 0.109375
1 0.01875 0.475 0.0375 0.103125
0 0.09375 0.48671875 0.15625 0.1859375
0 0.0953125 0.61171875 0.1609375 0.0640625
1 0.03203125 0.1875 0.0640625 0.146875
0 0.53125 0.2234375 0.528125 0.446875
1 0.91953125 0.765625 0.134375 0.19375
0 0.77890625 0.8328125 0.2640625 0.2578125
0 0.66484375 0.93515625 0.0828125 0.071875
1 0.9328125 0.47578125 0.134375 0.1609375
1 0.80625 0.58359375 0.2625 0.3078125