0 0.9765625 0.36796875 0.046875 0.1953125
1 0.3765625 0.13359375 0.071875 0.0640625
1 0.29140625 0.13203125 0.084375 0.0640625
1 0.14921875 0.13359375 0.0703125 0.0703125
0 0.0890625 0.15859375 0.0515625 0.121875
0 0.2171875 0.18046875 0.0640625 0.1609375
1 0.24921875 0.05234375 0.4171875 0.1046875
0 0.8609375 0.63359375 0.275 0.165625
1 0.67265625 0.6703125 0.1015625 0.090625
0 0.871875 0.74453125 0.25 0.0625
1 0.7 0.74453125 0.09375 0.0609375
1 0.78359375 0.82421875 0.1953125 0.10625
1 0.98828125 0.853125 0.0125 0.0546875
0 0.92578125 0.88828125 0.1171875 0.2234375
1 0.22265625 0.6390625 0.04375 0.1078125
1 0.05234375 0.74296875 0.0640625 0.1046875
0 0.16171875 0.7796875 0.1578125 0.178125
1 0.040625 0.846875 0.0484375 0.046875
1 0.103125 0.5703125 0.20625 0.24375