0 0.15546875 0.3265625 0.3109375 0.24375
1 0.4 0.1046875 0.3 0.209375
0 0.703125 0.12265625 0.39375 0.2453125
0 0.16484375 0.64765625 0.3296875 0.4703125
0 0.7609375 0.34296875 0.1046875 0.1421875
1 0.67890625 0.371875 0.175 0.284375
0 0.6046875 0.4046875 0.0875 0.128125
0 0.571875 0.4890625 0.0640625 0.1015625
1 0.7265625 0.2515625 0.0765625 0.08125
0 0.83515625 0.53828125 0.140625 0.1703125
0 0.5296875 0.3203125 0.059375 0.0890625
1 0.57578125 0.3078125 0.078125 0.0984375
0 0.6359375 0.70078125 0.0796875 0.109375
1 0.98046875 0.62421875 0.0390625 0.1203125
0 0.915625 0.74140625 0.0890625 0.1125
0 0.8671875 0.80546875 0.0703125 0.11875
0 0.68515625 0.9171875 0.0578125 0.0734375