0 0.765625 0.38359375 0.3828125 0.209375
1 0.01953125 0.1546875 0.0390625 0.065625
1 0.1078125 0.13203125 0.1609375 0.1078125
0 0.36328125 0.0921875 0.1359375 0.1640625
0 0.2375 0.128125 0.1390625 0.159375
0 0.0375 0.22734375 0.075 0.1515625
0 0.1578125 0.19296875 0.075 0.090625
0 0.86640625 0.528125 0.2671875 0.3125
1 0.315625 0.6859375 0.5765625 0.359375
1 0.37734375 0.80859375 0.0984375 0.08125
1 0.49609375 0.78359375 0.1734375 0.1203125
0 0.29921875 0.8515625 0.109375 0.1046875
1 0.5984375 0.771875 0.078125 0.1296875
0 0.41640625 0.85546875 0.0484375 0.0609375
0 0.565625 0.8375 0.06875 0.078125
0 0.63515625 0.8546875 0.0390625 0.0609375