0 0.70546875 0.13515625 0.1984375 0.2078125
0 0.146875 0.175 0.1265625 0.2390625
0 0.10703125 0.26640625 0.04375 0.0828125
0 0.23515625 0.2515625 0.0578125 0.134375
0 0.06875 0.296875 0.0640625 0.046875
0 0.2875 0.2609375 0.05625 0.11875
0 0.2578125 0.36328125 0.025 0.05
1 0.2984375 0.40859375 0.0921875 0.078125
0 0.37421875 0.4203125 0.0265625 0.03125
1 0.2453125 0.12890625 0.19375 0.203125
0 0.85546875 0.78046875 0.2890625 0.3515625
0 0.19921875 0.846875 0.065625 0.1046875
1 0.42890625 0.8015625 0.2078125 0.0875
0 0.30078125 0.89609375 0.115625 0.2015625
0 0.4296875 0.93359375 0.0796875 0.0890625
0 0.55703125 0.92734375 0.0484375 0.05
1 0.3796875 0.74296875 0.3515625 0.1453125
1 0.10859375 0.8046875 0.1390625 0.153125