0 0.08984375 0.1859375 0.1265625 0.1234375
0 0.1578125 0.2921875 0.203125 0.178125
0 0.03046875 0.4140625 0.0609375 0.1625
0 0.375 0.309375 0.1953125 0.2046875
0 0.2390625 0.39296875 0.075 0.071875
0 0.7140625 0.153125 0.38125 0.30625
0 0.428125 0.64765625 0.09375 0.1265625
1 0.5203125 0.60625 0.1765625 0.15625
0 0.2671875 0.72578125 0.234375 0.2421875
1 0.39453125 0.71640625 0.1046875 0.125
0 0.6453125 0.65 0.1125 0.171875
0 0.4875 0.7296875 0.0734375 0.09375
0 0.57578125 0.74609375 0.115625 0.11875
1 0.39609375 0.828125 0.2765625 0.1921875
1 0.403125 0.92890625 0.209375 0.1421875
1 0.19453125 0.58125 0.253125 0.2140625
1 0.40546875 0.50078125 0.1796875 0.209375
0 0.10390625 0.675 0.0921875 0.165625
1 0.78515625 0.68203125 0.29375 0.3640625