0 0.78984375 0.27421875 0.04375 0.046875
0 0.69453125 0.35078125 0.0421875 0.040625
0 0.84765625 0.3671875 0.0859375 0.046875
1 0.71875 0.19296875 0.1078125 0.2140625
1 0.91015625 0.21953125 0.1796875 0.1984375
0 0.4734375 0.2984375 0.0609375 0.06875
0 0.26640625 0.03828125 0.2015625 0.0765625
0 0.5109375 0.071875 0.1546875 0.140625
1 0.74375 0.871875 0.075 0.1625
1 0.884375 0.9078125 0.209375 0.184375
1 0.7265625 0.9609375 0.240625 0.078125
1 0.02109375 0.8578125 0.0421875 0.06875
0 0.4171875 0.8734375 0.1390625 0.1109375
1 0.5359375 0.91484375 0.0421875 0.109375
1 0.4328125 0.584375 0.128125 0.11875
0 0.18515625 0.59921875 0.3703125 0.1765625
0 0.48046875 0.68046875 0.090625 0.0890625
1 0.0578125 0.7453125 0.0859375 0.1609375
0 0.19765625 0.775 0.0390625 0.1453125
0 0.009375 0.7734375 0.01875 0.096875