0 0.70546875 0.18046875 0.121875 0.3078125
0 0.6390625 0.1671875 0.1171875 0.3046875
0 0.6015625 0.6875 0.0890625 0.121875
0 0.728125 0.8 0.178125 0.134375
0 0.7671875 0.921875 0.0921875 0.128125
0 0.8796875 0.9765625 0.05625 0.046875
1 0.48984375 0.61640625 0.1921875 0.196875
1 0.79609375 0.69375 0.3296875 0.175
1 0.10859375 0.509375 0.1796875 0.3734375
0 0.29375 0.553125 0.06875 0.128125
1 0.02734375 0.56953125 0.0546875 0.2109375
0 0.22109375 0.61484375 0.10625 0.134375
1 0.29453125 0.6546875 0.084375 0.0890625
0 0.1171875 0.7765625 0.0859375 0.103125
1 0.2640625 0.41875 0.171875 0.153125
1 0.37734375 0.50234375 0.1375 0.2609375