0 0.6671875 0.17734375 0.4484375 0.3125
0 0.82734375 0.76953125 0.2609375 0.1875
1 0.63671875 0.6203125 0.403125 0.1640625
0 0.66484375 0.725 0.040625 0.075
0 0.19765625 0.80625 0.0671875 0.090625
1 0.13671875 0.815625 0.0734375 0.0953125
1 0.1796875 0.86875 0.1578125 0.0515625
1 0.28359375 0.87578125 0.0546875 0.0625
0 0.3421875 0.86875 0.0765625 0.0671875
1 0.24453125 0.90390625 0.04375 0.065625
0 0.19375 0.934375 0.0875 0.1140625
0 0.33203125 0.9453125 0.1390625 0.109375
1 0.440625 0.96484375 0.084375 0.05
1 0.1703125 0.69296875 0.0984375 0.15625
1 0.33046875 0.71875 0.2609375 0.271875