1 0.81796875 0.08671875 0.146875 0.140625
1 0.95078125 0.125 0.0984375 0.19375
0 0.9015625 0.2421875 0.05 0.090625
1 0.34453125 0.1265625 0.2171875 0.253125
1 0.13046875 0.140625 0.1921875 0.28125
0 0.36796875 0.26796875 0.028125 0.0421875
0 0.33046875 0.27578125 0.03125 0.04375
0 0.2171875 0.31328125 0.034375 0.0625
0 0.34375 0.35546875 0.1140625 0.0890625
0 0.1609375 0.353125 0.04375 0.0421875
0 0.4203125 0.42890625 0.0375 0.08125
0 0.28125 0.41875 0.040625 0.071875
0 0.75625 0.75546875 0.346875 0.4609375
0 0.04609375 0.859375 0.0484375 0.05
0 0.1953125 0.88671875 0.0421875 0.05