1 0.275 0.19609375 0.4046875 0.2328125
0 0.06015625 0.27890625 0.0546875 0.0671875
0 0.02734375 0.3640625 0.0546875 0.04375
0 0.16875 0.35546875 0.103125 0.0765625
0 0.72109375 0.2046875 0.5390625 0.409375
0 0.26875 0.8078125 0.05 0.109375
0 0.171875 0.82578125 0.046875 0.1078125
0 0.26953125 0.9390625 0.0921875 0.121875
0 0.18515625 0.95390625 0.0578125 0.0921875
1 0.43671875 0.66328125 0.159375 0.165625
1 0.1765625 0.69765625 0.290625 0.14375
0 0.346875 0.709375 0.05 0.1125
1 0.9140625 0.5734375 0.090625 0.209375
0 0.97578125 0.6140625 0.0484375 0.11875
1 0.69609375 0.54375 0.378125 0.33125