0 0.8578125 0.23984375 0.071875 0.0828125
1 0.6890625 0.16875 0.1421875 0.096875
0 0.78046875 0.21875 0.090625 0.0875
1 0.5890625 0.1421875 0.090625 0.096875
0 0.68671875 0.20546875 0.1125 0.0671875
1 0.621875 0.18046875 0.034375 0.0390625
0 0.92421875 0.32421875 0.1515625 0.2359375
1 0.58046875 0.1984375 0.0515625 0.0484375
0 0.63984375 0.23046875 0.03125 0.0359375
0 0.97109375 0.40078125 0.0578125 0.1671875
1 0.96796875 0.2015625 0.0640625 0.090625
1 0.90078125 0.17578125 0.109375 0.1078125
1 0.7203125 0.1046875 0.315625 0.209375
0 0.48515625 0.08125 0.1734375 0.1625
0 0.39140625 0.04296875 0.0984375 0.0859375
0 0.7390625 0.69453125 0.35 0.3625
1 0.190625 0.37578125 0.38125 0.4359375
1 0.08125 0.5671875 0.09375 0.09375
0 0.20234375 0.63046875 0.0578125 0.0890625
0 0.03125 0.553125 0.0625 0.096875
1 0.16484375 0.6234375 0.090625 0.11875
0 0.12109375 0.61015625 0.0796875 0.1140625