0 0.396875 0.28203125 0.76875 0.5640625
0 0.75703125 0.9265625 0.0703125 0.075
0 0.81875 0.9453125 0.04375 0.046875
0 0.68046875 0.9125 0.0640625 0.0875
1 0.79140625 0.8703125 0.24375 0.1234375
1 0.615625 0.85078125 0.1359375 0.1234375
0 0.4078125 0.83828125 0.1453125 0.0625
0 0.390625 0.9046875 0.140625 0.096875
0 0.20390625 0.61171875 0.4078125 0.2140625
1 0.4796875 0.7453125 0.2484375 0.2359375
0 0.0671875 0.66015625 0.1078125 0.08125
0 0.20703125 0.70859375 0.1046875 0.096875
0 0.33828125 0.7546875 0.0859375 0.10625