0 0.1390625 0.32265625 0.09375 0.14375
0 0.25390625 0.26875 0.0625 0.109375
0 0.21328125 0.3359375 0.0625 0.0796875
0 0.4046875 0.24609375 0.0921875 0.1203125
0 0.46875 0.18828125 0.11875 0.1203125
1 0.171875 0.16015625 0.2421875 0.25
1 0.40625 0.09921875 0.21875 0.1984375
1 0.92578125 0.13203125 0.0421875 0.0515625
0 0.65546875 0.18125 0.103125 0.0859375
1 0.57734375 0.21953125 0.0390625 0.075
1 0.61875 0.01953125 0.09375 0.0390625
0 0.7890625 0.02734375 0.265625 0.0546875
0 0.59453125 0.06171875 0.06875 0.065625
1 0.8875 0.06328125 0.071875 0.1125
0 0.79453125 0.09609375 0.0390625 0.096875
0 0.925 0.07734375 0.0265625 0.0625
0 0.2265625 0.54453125 0.2265625 0.2375
0 0.2671875 0.76484375 0.2171875 0.2890625
0 0.08046875 0.9 0.0328125 0.05
0 0.23984375 0.9875 0.0515625 0.025
0 0.3625 0.97890625 0.090625 0.0421875
0 0.37734375 0.50078125 0.1515625 0.2453125
0 0.83828125 0.51484375 0.3234375 0.5015625