0 0.2328125 0.165625 0.3296875 0.3296875
1 0.81015625 0.24921875 0.31875 0.2171875
1 0.79765625 0.33203125 0.115625 0.084375
0 0.90703125 0.390625 0.146875 0.0984375
0 0.675 0.30390625 0.059375 0.08125
0 0.975 0.4765625 0.05 0.06875
0 0.6765625 0.37421875 0.05625 0.1015625
1 0.85859375 0.4875 0.2421875 0.1625
0 0.84921875 0.5890625 0.2671875 0.1953125
0 0.13203125 0.7609375 0.2640625 0.309375
0 0.7890625 0.915625 0.08125 0.1390625
0 0.8359375 0.93828125 0.0859375 0.1203125
0 0.70625 0.90625 0.0375 0.04375
1 0.53671875 0.88515625 0.0640625 0.065625
1 0.6640625 0.9390625 0.0546875 0.0859375
1 0.684375 0.95703125 0.0515625 0.075
1 0.43203125 0.85703125 0.0890625 0.09375
1 0.73828125 0.9796875 0.0734375 0.040625
0 0.36953125 0.85 0.09375 0.1234375
1 0.765625 0.65859375 0.125 0.1109375
1 0.87265625 0.76015625 0.13125 0.1921875
1 0.79375 0.79296875 0.1609375 0.3015625
1 0.5390625 0.69140625 0.3203125 0.36875