0 0.08046875 0.4140625 0.1328125 0.190625
0 0.01171875 0.52265625 0.0234375 0.1828125
0 0.046875 0.5171875 0.0875 0.165625
0 0.265625 0.47265625 0.128125 0.1796875
0 0.15 0.5609375 0.1140625 0.14375
1 0.0765625 0.15625 0.153125 0.125
0 0.3921875 0.534375 0.1546875 0.159375
0 0.3171875 0.6296875 0.0890625 0.1390625
1 0.74375 0.203125 0.3 0.40625
0 0.6453125 0.3296875 0.1546875 0.265625
0 0.8109375 0.46484375 0.184375 0.203125
0 0.671875 0.5296875 0.19375 0.1765625
0 0.434375 0.82578125 0.2265625 0.3171875