0 0.4703125 0.2015625 0.1890625 0.1171875
0 0.25390625 0.346875 0.2078125 0.0921875
1 0.315625 0.1078125 0.4703125 0.1140625
1 0.609375 0.1578125 0.128125 0.19375
0 0.20859375 0.1984375 0.1671875 0.1125
0 0.82734375 0.22265625 0.3359375 0.4453125
0 0.26875 0.72265625 0.190625 0.1765625
0 0.45234375 0.80078125 0.0984375 0.115625
0 0.221875 0.85078125 0.0484375 0.0625
0 0.55859375 0.87109375 0.053125 0.06875
0 0.12421875 0.9390625 0.1296875 0.10625
0 0.22265625 0.946875 0.04375 0.0703125
0 0.47578125 0.9421875 0.084375 0.0765625
0 0.5984375 0.953125 0.1140625 0.0765625
0 0.7 0.9609375 0.0234375 0.059375
0 0.8859375 0.65390625 0.228125 0.4515625