0 0.12578125 0.3953125 0.2515625 0.5375
0 0.50234375 0.07734375 0.1796875 0.1546875
0 0.28203125 0.17578125 0.059375 0.065625
0 0.41171875 0.1328125 0.1796875 0.265625
0 0.33828125 0.24140625 0.1328125 0.0953125
0 0.7625 0.16640625 0.153125 0.1953125
0 0.37890625 0.35546875 0.1890625 0.1984375
0 0.584375 0.303125 0.328125 0.2796875
1 0.33125 0.75546875 0.0 0.1125
1 0.2859375 0.79140625 0.075 0.11875
0 0.334375 0.83359375 0.0359375 0.053125
1 0.37265625 0.8640625 0.0765625 0.1359375
0 0.31640625 0.9140625 0.1140625 0.1546875
0 0.75 0.74609375 0.5 0.4765625