0 0.6375 0.08203125 0.121875 0.1625
0 0.8015625 0.0390625 0.203125 0.078125
0 0.54921875 0.084375 0.059375 0.053125
0 0.75859375 0.12734375 0.1140625 0.0984375
1 0.8921875 0.134375 0.153125 0.1125
1 0.54375 0.16015625 0.065625 0.09375
1 0.63046875 0.19296875 0.109375 0.05625
0 0.15546875 0.25546875 0.29375 0.234375
0 0.69921875 0.71015625 0.190625 0.1234375
1 0.86328125 0.7171875 0.128125 0.14375
0 0.5453125 0.75078125 0.1171875 0.15
1 0.94375 0.4953125 0.1125 0.14375
1 0.97734375 0.6078125 0.0453125 0.084375
0 0.846875 0.6078125 0.2109375 0.08125