0 0.94375 0.2375 0.1125 0.265625
0 0.3875 0.35390625 0.140625 0.11875
1 0.475 0.19296875 0.1296875 0.2375
0 0.7453125 0.59765625 0.15625 0.3109375
0 0.83671875 0.74140625 0.1015625 0.2109375
0 0.88671875 0.896875 0.0359375 0.11875
0 0.30390625 0.60234375 0.0546875 0.121875
1 0.1421875 0.59296875 0.1265625 0.0921875
0 0.23203125 0.61640625 0.075 0.115625
1 0.04921875 0.6109375 0.071875 0.1375
0 0.146875 0.653125 0.103125 0.05
1 0.08515625 0.65390625 0.0265625 0.0546875
0 0.390625 0.69140625 0.125 0.375
1 0.05234375 0.7078125 0.0421875 0.0609375
0 0.1109375 0.72109375 0.0234375 0.0515625
0 0.4828125 0.76328125 0.1328125 0.23125
1 0.4140625 0.459375 0.0984375 0.1078125
1 0.328125 0.4734375 0.0890625 0.1515625
1 0.15703125 0.46875 0.2859375 0.196875
1 0.51640625 0.50703125 0.140625 0.184375