1 0.48515625 0.13046875 0.2015625 0.2609375
0 0.79765625 0.05078125 0.1390625 0.1015625
1 0.6703125 0.2015625 0.359375 0.403125
0 0.86015625 0.1984375 0.1890625 0.2640625
1 0.17578125 0.24921875 0.3515625 0.3890625
0 0.12421875 0.37578125 0.0875 0.0578125
0 0.23125 0.36640625 0.0640625 0.04375
0 0.06328125 0.44296875 0.053125 0.0703125
0 0.640625 0.72109375 0.3046875 0.3875
1 0.89921875 0.7078125 0.2015625 0.33125
0 0.803125 0.8078125 0.140625 0.134375
1 0.82421875 0.5625 0.284375 0.2046875
0 0.26953125 0.7890625 0.315625 0.3046875