0 0.85234375 0.15 0.096875 0.0859375
1 0.92265625 0.18671875 0.0921875 0.084375
0 0.84140625 0.2234375 0.15 0.1328125
0 0.94921875 0.33046875 0.1015625 0.1765625
0 0.95234375 0.51640625 0.0953125 0.2109375
1 0.97734375 0.25 0.0453125 0.13125
0 0.40390625 0.0609375 0.2296875 0.121875
0 0.4875 0.47109375 0.1453125 0.175
1 0.66328125 0.5390625 0.1625 0.159375
0 0.8953125 0.67421875 0.1640625 0.1796875
0 0.55546875 0.51484375 0.15 0.1890625
0 0.759375 0.61640625 0.1625 0.1921875
0 0.22109375 0.66015625 0.2984375 0.3015625
0 0.1484375 0.81484375 0.240625 0.2015625