1 0.70859375 0.23125 0.5828125 0.40625
1 0.43515625 0.25625 0.1390625 0.1390625
1 0.575 0.32421875 0.1375 0.1625
0 0.79296875 0.4140625 0.3984375 0.271875
1 0.90546875 0.16875 0.1890625 0.15
1 0.65625 0.075 0.35 0.15
0 0.2296875 0.2328125 0.434375 0.465625
0 0.28515625 0.78046875 0.3796875 0.4015625
1 0.48203125 0.85703125 0.2796875 0.2859375
0 0.43125 0.59765625 0.1734375 0.1546875
0 0.559375 0.66953125 0.146875 0.178125
1 0.69765625 0.8015625 0.4953125 0.396875
1 0.0828125 0.72890625 0.165625 0.2171875