0 0.26484375 0.25703125 0.103125 0.2546875
0 0.0859375 0.33984375 0.06875 0.08125
0 0.18359375 0.34609375 0.05625 0.0671875
0 0.4671875 0.33828125 0.178125 0.1046875
0 0.41875 0.3984375 0.05 0.0640625
0 0.4109375 0.45625 0.05 0.0296875
0 0.8234375 0.1140625 0.146875 0.228125
0 0.709375 0.215625 0.096875 0.1671875
0 0.640625 0.34140625 0.0296875 0.096875
0 0.3578125 0.75390625 0.19375 0.271875
0 0.80625 0.875 0.053125 0.0546875
0 0.99296875 0.91875 0.0140625 0.090625
0 0.90703125 0.67109375 0.1859375 0.4140625