0 0.7703125 0.4015625 0.15625 0.125
0 0.83515625 0.534375 0.05625 0.140625
0 0.965625 0.6 0.0484375 0.05625
1 0.71953125 0.2703125 0.5 0.15625
0 0.2328125 0.2078125 0.028125 0.0578125
1 0.134375 0.24609375 0.171875 0.1390625
1 0.12109375 0.09140625 0.2421875 0.1765625
1 0.2765625 0.11640625 0.071875 0.2265625
0 0.66640625 0.8484375 0.375 0.303125
0 0.0625 0.8625 0.0625 0.08125
0 0.421875 0.8828125 0.1203125 0.0828125
0 0.02578125 0.92578125 0.0375 0.0625
0 0.20625 0.928125 0.0375 0.01875
0 0.30234375 0.9296875 0.021875 0.01875
0 0.42265625 0.9875 0.0328125 0.0203125