1 0.7484375 0.1171875 0.4125 0.234375
0 0.49765625 0.2578125 0.23125 0.3484375
0 0.1609375 0.31328125 0.0703125 0.121875
0 0.9890625 0.6453125 0.021875 0.18125
0 0.8609375 0.6703125 0.278125 0.278125
0 0.73046875 0.775 0.059375 0.08125
0 0.8046875 0.8375 0.121875 0.0890625
0 0.9296875 0.8265625 0.09375 0.0984375
0 0.865625 0.9203125 0.0296875 0.0578125
0 0.1578125 0.821875 0.15625 0.1453125
0 0.33359375 0.8546875 0.0828125 0.1890625
0 0.13515625 0.675 0.05625 0.0984375
0 0.05390625 0.74296875 0.06875 0.1859375