1 0.83125 0.09453125 0.1734375 0.0796875
1 0.9515625 0.16015625 0.096875 0.1109375
0 0.94765625 0.246875 0.1046875 0.175
0 0.9609375 0.34453125 0.028125 0.0328125
0 0.92265625 0.346875 0.028125 0.0359375
0 0.8265625 0.3625 0.046875 0.0734375
1 0.1703125 0.0390625 0.11875 0.078125
1 0.45859375 0.1296875 0.5890625 0.259375
0 0.1234375 0.13046875 0.0 0.1484375
1 0.9296875 0.6703125 0.1296875 0.2
0 0.7921875 0.65546875 0.246875 0.2765625
0 0.68046875 0.86953125 0.1859375 0.2609375
1 0.9234375 0.51328125 0.153125 0.1609375
0 0.8078125 0.47421875 0.140625 0.1453125
0 0.2515625 0.48515625 0.3140625 0.3828125
0 0.4234375 0.67109375 0.378125 0.634375
0 0.2140625 0.68515625 0.0671875 0.0796875
0 0.26328125 0.71953125 0.09375 0.1203125