0 0.55546875 0.1984375 0.303125 0.178125
0 0.0234375 0.30859375 0.0203125 0.05
1 0.1375 0.3703125 0.0359375 0.06875
1 0.040625 0.36875 0.021875 0.1046875
1 0.021875 0.3796875 0.021875 0.090625
1 0.21171875 0.38828125 0.0484375 0.0953125
0 0.25390625 0.41171875 0.04375 0.14375
1 0.06171875 0.01875 0.0734375 0.0375
1 0.015625 0.16328125 0.021875 0.3265625
1 0.19453125 0.16953125 0.1671875 0.3390625
0 0.7796875 0.81484375 0.109375 0.121875
0 0.95390625 0.8734375 0.071875 0.1296875
0 0.85703125 0.878125 0.0546875 0.109375
0 0.57734375 0.88515625 0.10625 0.1140625
0 0.74921875 0.92265625 0.0 0.0890625
1 0.715625 0.63046875 0.2328125 0.0796875
0 0.44921875 0.946875 0.1546875 0.0921875
0 0.575 0.975 0.065625 0.05
1 0.1765625 0.74375 0.2015625 0.334375