0 0.85703125 0.24296875 0.1890625 0.28125
1 0.66796875 0.16953125 0.1875 0.215625
0 0.76875 0.19375 0.0875 0.2046875
0 0.09921875 0.0484375 0.046875 0.040625
1 0.40625 0.15234375 0.0734375 0.0703125
0 0.3203125 0.1375 0.1203125 0.084375
0 0.25234375 0.1265625 0.0328125 0.0421875
1 0.1140625 0.134375 0.078125 0.0984375
0 0.31953125 0.18671875 0.046875 0.040625
1 0.3 0.0640625 0.365625 0.128125
1 0.10625 0.01875 0.05 0.0375
0 0.54609375 0.6171875 0.334375 0.3203125
1 0.11953125 0.40703125 0.096875 0.2390625
0 0.15078125 0.4375 0.0359375 0.0796875
0 0.12578125 0.51328125 0.046875 0.090625
1 0.0578125 0.51953125 0.115625 0.4984375
1 0.2671875 0.6234375 0.3625 0.63125
0 0.0953125 0.59921875 0.05 0.0953125
0 0.05546875 0.69375 0.05625 0.1171875
1 0.084375 0.76875 0.09375 0.2453125
0 0.175 0.35078125 0.05 0.10625
0 0.025 0.80234375 0.05 0.1203125
0 0.0171875 0.88515625 0.034375 0.0640625
1 0.29140625 0.95390625 0.0875 0.0453125