0 0.628125 0.12265625 0.15625 0.2453125
0 0.765625 0.0765625 0.1 0.153125
0 0.565625 0.1828125 0.059375 0.0546875
0 0.7515625 0.18515625 0.1125 0.103125
1 0.86640625 0.16953125 0.1484375 0.121875
1 0.5734375 0.2484375 0.0703125 0.090625
1 0.653125 0.2625 0.1015625 0.065625
0 0.25859375 0.39375 0.2890625 0.2484375
0 0.79765625 0.69140625 0.1828125 0.1359375
1 0.9359375 0.6703125 0.128125 0.14375
0 0.67265625 0.7515625 0.125 0.146875
1 0.95546875 0.46875 0.0890625 0.1375
1 0.9953125 0.56015625 0.009375 0.0765625
0 0.9046875 0.5796875 0.190625 0.103125