0 0.98046875 0.38046875 0.0390625 0.1859375
0 0.878125 0.328125 0.24375 0.315625
0 0.75703125 0.35234375 0.06875 0.0875
0 0.771875 0.44296875 0.115625 0.10625
0 0.9421875 0.52734375 0.075 0.0875
0 0.8625 0.4953125 0.0984375 0.1109375
0 0.76640625 0.54609375 0.040625 0.059375
0 0.39453125 0.0765625 0.1390625 0.153125
0 0.4640625 0.13203125 0.1234375 0.153125
0 0.39765625 0.246875 0.075 0.1015625
0 0.61015625 0.67265625 0.3265625 0.25625
0 0.06796875 0.546875 0.1359375 0.16875
0 0.18671875 0.6765625 0.125 0.178125
0 0.10078125 0.425 0.0796875 0.096875
0 0.02265625 0.43046875 0.0453125 0.1640625