1 0.84375 0.0 0.290625 0.2
1 0.5375 0.11640625 0.140625 0.2328125
0 0.80078125 0.26953125 0.0265625 0.078125
0 0.59609375 0.2984375 0.03125 0.0375
1 0.21484375 0.20390625 0.315625 0.1765625
1 0.109375 0.33046875 0.0703125 0.075
1 0.34765625 0.3265625 0.05625 0.0953125
0 0.26015625 0.3328125 0.065625 0.0984375
0 0.1828125 0.34140625 0.08125 0.1078125
0 0.31328125 0.353125 0.01875 0.065625
0 0.3203125 0.41640625 0.0234375 0.0359375
0 0.1875 0.43359375 0.0328125 0.078125
0 0.1125 0.44609375 0.059375 0.159375
0 0.28046875 0.453125 0.04375 0.1125
0 0.06875 0.4765625 0.034375 0.1578125
0 0.35390625 0.48828125 0.03125 0.1015625
0 0.328125 0.509375 0.0140625 0.1046875
0 0.54921875 0.89921875 0.3046875 0.2015625
0 0.1734375 0.921875 0.0859375 0.096875
0 0.26796875 0.92109375 0.0546875 0.1578125