1 0.5640625 0.25078125 0.1453125 0.06875
0 0.8203125 0.2734375 0.184375 0.103125
0 0.5078125 0.321875 0.08125 0.0640625
0 0.3484375 0.34375 0.0546875 0.0421875
0 0.6171875 0.340625 0.059375 0.065625
0 0.74140625 0.34765625 0.05 0.034375
0 0.8640625 0.3515625 0.0484375 0.046875
1 0.796875 0.0578125 0.378125 0.115625
1 0.60078125 0.165625 0.09375 0.1046875
1 0.89609375 0.16171875 0.1875 0.1203125
0 0.721875 0.175 0.1484375 0.1484375
0 0.1421875 0.25234375 0.2078125 0.221875
0 0.66953125 0.74140625 0.2515625 0.2703125
0 0.21484375 0.803125 0.0 0.2421875
1 0.2328125 0.959375 0.04375 0.08125