0 0.1234375 0.21796875 0.1671875 0.215625
1 0.7875 0.18203125 0.0828125 0.078125
1 0.8671875 0.2046875 0.0953125 0.08125
1 0.978125 0.24609375 0.04375 0.0828125
0 0.92265625 0.27109375 0.0 0.1671875
1 0.86015625 0.14296875 0.2796875 0.1890625
0 0.17109375 0.49921875 0.3421875 0.2453125
1 0.3578125 0.59765625 0.11875 0.1109375
0 0.15078125 0.6109375 0.25 0.121875
1 0.3125 0.659375 0.103125 0.0796875
1 0.01953125 0.5890625 0.0390625 0.11875
1 0.2109375 0.709375 0.2078125 0.1484375
1 0.01171875 0.67265625 0.0234375 0.0640625
0 0.0703125 0.74609375 0.140625 0.2703125
1 0.78671875 0.696875 0.0671875 0.1125
1 0.90390625 0.83828125 0.0640625 0.10625
0 0.80390625 0.84609375 0.1921875 0.20625
1 0.884375 0.93828125 0.0296875 0.046875
1 0.8953125 0.66015625 0.209375 0.2671875