0 0.81015625 0.16015625 0.121875 0.1765625
0 0.62734375 0.0390625 0.0703125 0.078125
0 0.71328125 0.0390625 0.0640625 0.078125
0 0.55390625 0.13515625 0.2015625 0.2703125
0 0.68828125 0.1578125 0.0703125 0.084375
0 0.40390625 0.2875 0.128125 0.2015625
0 0.16796875 0.41484375 0.25625 0.246875
0 0.01484375 0.540625 0.0296875 0.04375
0 0.35859375 0.44140625 0.040625 0.0390625
1 0.146875 0.29140625 0.2765625 0.19375
1 0.040625 0.3546875 0.08125 0.209375
0 0.93203125 0.54375 0.1359375 0.55
0 0.33359375 0.83125 0.2296875 0.3375