0 0.6859375 0.346875 0.053125 0.1421875
0 0.7828125 0.40859375 0.06875 0.1109375
0 0.884375 0.46875 0.053125 0.0421875
1 0.5765625 0.08671875 0.0953125 0.16875
1 0.80078125 0.13359375 0.315625 0.1734375
0 0.62421875 0.18203125 0.0484375 0.11875
0 0.70234375 0.2234375 0.0859375 0.0671875
0 0.39375 0.18984375 0.171875 0.3796875
1 0.47734375 0.2453125 0.13125 0.4109375
0 0.1984375 0.2421875 0.2890625 0.2546875
1 0.05546875 0.28828125 0.0890625 0.2078125
1 0.24609375 0.39609375 0.3421875 0.115625
1 0.203125 0.078125 0.321875 0.15625
0 0.74765625 0.7921875 0.4765625 0.415625
0 0.2390625 0.75390625 0.478125 0.4796875