0 0.975 0.41796875 0.05 0.0859375
0 0.62890625 0.24921875 0.1421875 0.1296875
0 0.95390625 0.4890625 0.0921875 0.11875
0 0.78515625 0.14140625 0.4296875 0.2828125
0 0.76328125 0.1765625 0.10625 0.1
0 0.875 0.24921875 0.1109375 0.1140625
0 0.9640625 0.31640625 0.071875 0.1203125
1 0.6125 0.12109375 0.1890625 0.165625
0 0.38203125 0.08984375 0.3859375 0.1796875
0 0.47578125 0.87578125 0.140625 0.134375
0 0.321875 0.82421875 0.0890625 0.09375
0 0.15390625 0.56328125 0.3078125 0.4078125
0 0.03984375 0.77421875 0.071875 0.08125
0 0.06015625 0.80078125 0.0359375 0.0484375
1 0.31640625 0.34609375 0.1953125 0.2