1 0.61171875 0.22734375 0.146875 0.078125
0 0.85859375 0.284375 0.1859375 0.1140625
0 0.5484375 0.2890625 0.084375 0.06875
0 0.3890625 0.2890625 0.05625 0.04375
0 0.65234375 0.32265625 0.0625 0.06875
0 0.77109375 0.34609375 0.0515625 0.0375
0 0.890625 0.36640625 0.05 0.0484375
1 0.83828125 0.07890625 0.3234375 0.1234375
1 0.66015625 0.15 0.0984375 0.109375
1 0.92578125 0.18515625 0.1484375 0.1296875
0 0.77578125 0.17578125 0.1546875 0.1546875
0 0.20078125 0.17109375 0.2171875 0.23125
0 0.64765625 0.71875 0.2640625 0.2828125
0 0.196875 0.7171875 0.1140625 0.24375
1 0.18984375 0.90078125 0.0546875 0.1375