1 0.684375 0.13671875 0.078125 0.090625
0 0.6484375 0.1546875 0.05625 0.071875
1 0.61171875 0.18359375 0.09375 0.109375
0 0.5734375 0.215625 0.05 0.0484375
0 0.63046875 0.2203125 0.0390625 0.0421875
1 0.66796875 0.20859375 0.0671875 0.0671875
0 0.72734375 0.190625 0.0875 0.084375
1 0.553125 0.08984375 0.271875 0.1796875
0 0.0140625 0.4171875 0.028125 0.10625
0 0.8203125 0.58671875 0.359375 0.5890625
0 0.58984375 0.68984375 0.1265625 0.2
1 0.66328125 0.71875 0.2140625 0.346875
0 0.57890625 0.78515625 0.1875 0.2984375
1 0.73984375 0.72109375 0.146875 0.203125
0 0.496875 0.88515625 0.053125 0.0671875
1 0.66640625 0.846875 0.096875 0.1453125
0 0.578125 0.928125 0.075 0.06875
0 0.53828125 0.96640625 0.0515625 0.0453125
1 0.54921875 0.5078125 0.140625 0.1546875