0 0.20546875 0.24921875 0.1828125 0.203125
0 0.70078125 0.08515625 0.1890625 0.1703125
0 0.53046875 0.5671875 0.0375 0.053125
0 0.38046875 0.65390625 0.0375 0.0734375
0 0.4359375 0.65390625 0.03125 0.0515625
0 0.3125 0.69453125 0.0625 0.1046875
0 0.5640625 0.63515625 0.0328125 0.0453125
0 0.25859375 0.7359375 0.03125 0.05
0 0.53359375 0.66328125 0.028125 0.04375
0 0.471875 0.696875 0.03125 0.053125
0 0.65546875 0.65703125 0.04375 0.0671875
0 0.29765625 0.759375 0.034375 0.0515625
0 0.5984375 0.69765625 0.05 0.1015625
0 0.4375 0.7453125 0.0671875 0.140625
0 0.36953125 0.76640625 0.04375 0.0921875
0 0.5203125 0.740625 0.05 0.084375
0 0.340625 0.8171875 0.0359375 0.065625
0 0.65859375 0.74375 0.0328125 0.0515625
0 0.57109375 0.77734375 0.0515625 0.084375
0 0.43203125 0.83828125 0.0515625 0.0890625
1 0.878125 0.4515625 0.053125 0.1078125
1 0.98515625 0.525 0.0296875 0.10625
0 0.940625 0.57421875 0.11875 0.1890625
1 0.91875 0.37109375 0.1625 0.2578125