0 0.521875 0.1703125 0.3296875 0.2375
0 0.98984375 0.42890625 0.0203125 0.0515625
1 0.86875 0.45390625 0.05 0.0734375
1 0.9609375 0.48125 0.04375 0.1046875
1 0.9765625 0.496875 0.0421875 0.0921875
1 0.79296875 0.45078125 0.06875 0.1015625
1 0.99296875 0.5203125 0.0140625 0.059375
0 0.74609375 0.46015625 0.075 0.146875
1 0.87265625 0.2515625 0.2328125 0.3546875
0 0.12890625 0.690625 0.13125 0.140625
0 0.0375 0.72890625 0.075 0.1171875
0 0.30078125 0.81640625 0.1265625 0.1328125
0 0.12578125 0.80234375 0.115625 0.1078125
1 0.24375 0.53359375 0.240625 0.128125
0 0.4046875 0.91171875 0.16875 0.1234375
0 0.2734375 0.9171875 0.0828125 0.090625
1 0.7234375 0.7984375 0.265625 0.3640625