1 0.8375 0.1453125 0.325 0.25
0 0.6265625 0.271875 0.315625 0.5421875
0 0.18046875 0.40546875 0.35625 0.18125
0 0.73125 0.8640625 0.19375 0.2109375
1 0.10703125 0.56171875 0.1296875 0.1984375
1 0.2140625 0.603125 0.1375 0.253125
1 0.3015625 0.61796875 0.0953125 0.25625
1 0.39296875 0.6390625 0.1484375 0.28125
0 0.1609375 0.7328125 0.053125 0.034375
0 0.21484375 0.74296875 0.0546875 0.03125
0 0.2796875 0.759375 0.059375 0.0375
0 0.3296875 0.7859375 0.0453125 0.0375
0 0.3734375 0.81171875 0.0515625 0.0359375
0 0.403125 0.8453125 0.0515625 0.034375