0 0.54296875 0.0953125 0.2328125 0.190625
0 0.53984375 0.578125 0.0515625 0.0609375
0 0.353125 0.52421875 0.0578125 0.0796875
0 0.39609375 0.56953125 0.0453125 0.0578125
0 0.2671875 0.50078125 0.090625 0.115625
0 0.51171875 0.6578125 0.04375 0.0515625
0 0.1921875 0.490625 0.04375 0.05625
0 0.46484375 0.6546875 0.0390625 0.0484375
0 0.38984375 0.63125 0.046875 0.059375
0 0.56484375 0.74921875 0.0625 0.0765625
0 0.20234375 0.540625 0.0484375 0.059375
0 0.48671875 0.734375 0.0796875 0.109375
0 0.3234375 0.6421875 0.10625 0.15
0 0.25390625 0.603125 0.0703125 0.1
0 0.3921875 0.7046875 0.071875 0.0921875
0 0.18984375 0.61953125 0.053125 0.071875
0 0.496875 0.81796875 0.046875 0.0578125
0 0.40234375 0.77421875 0.075 0.09375
0 0.24453125 0.709375 0.075 0.096875
1 0.903125 0.76796875 0.08125 0.115625
0 0.82734375 0.903125 0.121875 0.18125