0 0.234375 0.0578125 0.4484375 0.1109375
0 0.3 0.22421875 0.3390625 0.165625
0 0.5921875 0.22109375 0.2640625 0.2953125
0 0.065625 0.659375 0.115625 0.1265625
0 0.37109375 0.72734375 0.315625 0.3578125
0 0.81015625 0.73203125 0.11875 0.1328125
0 0.940625 0.7625 0.0609375 0.10625
0 0.684375 0.80625 0.065625 0.096875
0 0.878125 0.79375 0.046875 0.0953125
0 0.78515625 0.8390625 0.128125 0.0890625
0 0.6078125 0.8578125 0.109375 0.09375
0 0.6984375 0.90234375 0.0609375 0.090625
0 0.70703125 0.9703125 0.0421875 0.0296875
1 0.7671875 0.56171875 0.1875 0.109375
0 0.81796875 0.6328125 0.0328125 0.059375