0 0.32421875 0.15234375 0.5171875 0.3046875
0 0.840625 0.225 0.2609375 0.2453125
1 0.34140625 0.4203125 0.1328125 0.221875
0 0.28125 0.4265625 0.096875 0.1828125
0 0.375 0.55546875 0.265625 0.5453125
0 0.27734375 0.59296875 0.0796875 0.1640625
0 0.08828125 0.6296875 0.046875 0.053125
0 0.04921875 0.6421875 0.0484375 0.09375
0 0.19453125 0.73046875 0.1640625 0.175
1 0.3140625 0.85625 0.1453125 0.115625
1 0.21640625 0.909375 0.2953125 0.134375
1 0.33046875 0.3109375 0.0984375 0.096875
1 0.06015625 0.2765625 0.071875 0.15625
0 0.13125 0.3 0.146875 0.1828125
1 0.2265625 0.35078125 0.146875 0.2265625
0 0.6921875 0.9765625 0.1375 0.046875