0 0.86171875 0.2359375 0.171875 0.26875
0 0.38828125 0.2296875 0.303125 0.1921875
1 0.2875 0.078125 0.525 0.15625
1 0.7484375 0.66015625 0.1375 0.315625
0 0.975 0.6953125 0.0328125 0.190625
0 0.9578125 0.70703125 0.01875 0.1359375
0 0.92734375 0.70625 0.0359375 0.190625
0 0.8359375 0.74453125 0.1328125 0.465625
1 0.89453125 0.80546875 0.0359375 0.2203125
1 0.76484375 0.89375 0.0265625 0.1109375
0 0.7078125 0.8875 0.046875 0.225
0 0.740625 0.95078125 0.01875 0.0921875
0 0.675 0.95703125 0.01875 0.0859375
0 0.38984375 0.61875 0.034375 0.071875
0 0.09375 0.61484375 0.1875 0.2984375
0 0.4765625 0.65234375 0.065625 0.065625
0 0.38046875 0.76015625 0.075 0.1796875
0 0.4609375 0.76953125 0.075 0.1765625
0 0.321875 0.5484375 0.0953125 0.1515625