0 0.80703125 0.38828125 0.1671875 0.3375
0 0.43046875 0.10703125 0.0953125 0.2125
0 0.32109375 0.21953125 0.1546875 0.34375
0 0.43984375 0.31171875 0.096875 0.20625
0 0.72734375 0.7984375 0.359375 0.253125
1 0.1421875 0.8546875 0.184375 0.075
0 0.30625 0.8875 0.1453125 0.153125
1 0.2515625 0.62421875 0.23125 0.075
0 0.25390625 0.97421875 0.0546875 0.0515625
0 0.12578125 0.9765625 0.0671875 0.046875
0 0.37421875 0.99296875 0.0390625 0.0140625
0 0.26953125 0.72265625 0.2078125 0.19375
1 0.4234375 0.7828125 0.184375 0.4046875
0 0.0328125 0.8265625 0.034375 0.04375