0 0.0765625 0.60234375 0.078125 0.1296875
0 0.04609375 0.6546875 0.0390625 0.065625
1 0.0796875 0.753125 0.0515625 0.071875
1 0.01953125 0.41796875 0.0390625 0.1640625
1 0.009375 0.55390625 0.01875 0.1203125
0 0.02734375 0.553125 0.0546875 0.1375
0 0.06875 0.54453125 0.08125 0.1359375
0 0.6328125 0.05703125 0.31875 0.1140625
0 0.36484375 0.83125 0.146875 0.165625
1 0.4953125 0.82265625 0.278125 0.3359375
0 0.6859375 0.89921875 0.08125 0.0859375
0 0.8046875 0.87578125 0.1125 0.090625
1 0.62734375 0.9546875 0.1265625 0.090625