1 0.32890625 0.109375 0.1015625 0.21875
1 0.275 0.06953125 0.05625 0.1390625
0 0.2546875 0.075 0.04375 0.128125
0 0.1484375 0.1078125 0.0609375 0.134375
0 0.27265625 0.1734375 0.1265625 0.346875
0 0.2390625 0.1921875 0.0375 0.1171875
0 0.178125 0.24140625 0.01875 0.0359375
0 0.16484375 0.2546875 0.021875 0.065625
0 0.14140625 0.2625 0.0328125 0.0625
0 0.2015625 0.2984375 0.0609375 0.1140625
1 0.05078125 0.28125 0.03125 0.0875
1 0.06171875 0.31484375 0.04375 0.1078125
1 0.2453125 0.37734375 0.084375 0.0765625
1 0.203125 0.4578125 0.1421875 0.1359375
1 0.28203125 0.00859375 0.0390625 0.0171875
1 0.19140625 0.02578125 0.0609375 0.0515625
0 0.22265625 0.03125 0.0609375 0.0625
1 0.246875 0.05234375 0.065625 0.1046875
0 0.75078125 0.2984375 0.3015625 0.2203125
0 0.0125 0.71796875 0.025 0.3359375
0 0.10234375 0.77890625 0.2046875 0.3046875
0 0.32890625 0.83515625 0.1484375 0.0578125
0 0.78125 0.96171875 0.14375 0.0765625
0 0.31015625 0.90859375 0.140625 0.09375
0 0.6828125 0.74609375 0.5421875 0.2171875
1 0.3125 0.7109375 0.2484375 0.2453125
0 0.71875 0.8390625 0.1078125 0.0828125
0 0.5703125 0.8140625 0.10625 0.1
0 0.43203125 0.790625 0.084375 0.1109375
1 0.85859375 0.89375 0.140625 0.11875