0 0.85859375 0.078125 0.1765625 0.1453125
1 0.9640625 0.49453125 0.071875 0.3609375
0 0.90234375 0.58515625 0.0546875 0.0828125
0 0.95859375 0.740625 0.0125 0.0734375
0 0.93515625 0.7421875 0.0140625 0.1203125
0 0.9109375 0.74453125 0.0171875 0.1578125
0 0.98671875 0.76328125 0.0109375 0.084375
0 0.97265625 0.76328125 0.015625 0.103125
0 0.79375 0.7921875 0.071875 0.2890625
0 0.66328125 0.79765625 0.0296875 0.0640625
0 0.73359375 0.85546875 0.0109375 0.1640625
1 0.74921875 0.315625 0.1890625 0.2015625
1 0.92109375 0.39140625 0.13125 0.2640625
1 0.31796875 0.65390625 0.509375 0.1375
0 0.29140625 0.846875 0.28125 0.303125