1 0.8640625 0.18125 0.23125 0.3625
0 0.7390625 0.39140625 0.0 0.1359375
0 0.58125 0.48203125 0.159375 0.1140625
1 0.8640625 0.42734375 0.178125 0.1375
0 0.15859375 0.26484375 0.0546875 0.1078125
0 0.23515625 0.37890625 0.05 0.0609375
0 0.12578125 0.4078125 0.0875 0.0921875
1 0.06171875 0.20546875 0.1234375 0.2828125
0 0.8140625 0.678125 0.178125 0.1921875
0 0.9375 0.69765625 0.125 0.2671875
0 0.6046875 0.9078125 0.1421875 0.178125
0 0.84453125 0.89296875 0.3109375 0.1609375
0 0.75625 0.56484375 0.18125 0.09375
0 0.17109375 0.9890625 0.1953125 0.021875