0 0.52734375 0.17421875 0.4671875 0.3484375
0 0.8421875 0.65234375 0.2734375 0.234375
1 0.62421875 0.56875 0.3859375 0.25625
0 0.68046875 0.65703125 0.05625 0.075
0 0.27265625 0.8625 0.0828125 0.0953125
1 0.21875 0.88984375 0.090625 0.1015625
1 0.2734375 0.92578125 0.146875 0.0890625
1 0.371875 0.90390625 0.0640625 0.06875
0 0.4234375 0.88046875 0.084375 0.078125
1 0.34296875 0.940625 0.0546875 0.0671875
0 0.3046875 0.9609375 0.10625 0.078125
0 0.43515625 0.94375 0.1484375 0.1125
1 0.54140625 0.94140625 0.0859375 0.0671875
1 0.215625 0.7671875 0.128125 0.1609375
1 0.3703125 0.7453125 0.2984375 0.3046875