0 0.1859375 0.58125 0.1578125 0.2484375
0 0.4046875 0.534375 0.1140625 0.1890625
0 0.19609375 0.6734375 0.115625 0.1734375
0 0.38515625 0.615625 0.078125 0.1015625
0 0.3265625 0.675 0.1296875 0.1859375
1 0.18125 0.371875 0.3453125 0.259375
0 0.3984375 0.3921875 0.18125 0.3015625
1 0.5796875 0.12265625 0.196875 0.2453125
0 0.57890625 0.21015625 0.153125 0.2671875
1 0.48125 0.05234375 0.115625 0.1046875
1 0.8234375 0.62734375 0.353125 0.3234375
1 0.8296875 0.7859375 0.1375 0.1265625
0 0.9734375 0.70390625 0.053125 0.1140625
0 0.9171875 0.78984375 0.0796875 0.1015625
0 0.865625 0.84296875 0.0484375 0.05625
0 0.98125 0.79609375 0.0375 0.0640625