0 0.1875 0.44609375 0.375 0.6453125
0 0.58515625 0.0796875 0.2015625 0.159375
0 0.36953125 0.19765625 0.065625 0.0703125
0 0.4984375 0.140625 0.209375 0.28125
0 0.43359375 0.26171875 0.140625 0.1078125
0 0.85234375 0.153125 0.134375 0.1890625
0 0.48671875 0.378125 0.20625 0.215625
0 0.696875 0.30390625 0.3515625 0.309375
1 0.4734375 0.8 0.109375 0.1203125
1 0.4296875 0.84140625 0.0859375 0.1234375
0 0.48359375 0.88203125 0.0421875 0.05625
1 0.52734375 0.91015625 0.090625 0.140625
0 0.471875 0.94296875 0.128125 0.1140625
0 0.8234375 0.7359375 0.353125 0.403125