0 0.2453125 0.15234375 0.196875 0.3046875
0 0.34609375 0.2453125 0.0546875 0.1546875
0 0.084375 0.24765625 0.0875 0.2546875
0 0.06796875 0.4671875 0.0390625 0.0953125
1 0.0421875 0.56640625 0.084375 0.1296875
1 0.11328125 0.096875 0.1859375 0.19375
0 0.778125 0.203125 0.0953125 0.225
0 0.5015625 0.315625 0.09375 0.1484375
0 0.95 0.37109375 0.0 0.1265625
1 0.6109375 0.3609375 0.1484375 0.215625
0 0.75234375 0.4265625 0.1578125 0.10625
1 0.6 0.12890625 0.28125 0.2578125
1 0.9046875 0.16796875 0.190625 0.2921875
0 0.42109375 0.121875 0.1046875 0.24375
0 0.21640625 0.9203125 0.1234375 0.1296875
0 0.878125 0.92734375 0.19375 0.1453125
1 0.51796875 0.9578125 0.3421875 0.084375
1 0.628125 0.89921875 0.3265625 0.096875