0 0.26484375 0.21171875 0.2609375 0.315625
1 0.4859375 0.10859375 0.20625 0.2171875
0 0.4125 0.10625 0.090625 0.1203125
0 0.48125 0.19921875 0.109375 0.1375
1 0.68828125 0.146875 0.4140625 0.29375
0 0.55390625 0.28671875 0.103125 0.1140625
0 0.3609375 0.03984375 0.08125 0.075
0 0.34296875 0.7796875 0.1875 0.1796875
1 0.234375 0.84296875 0.1546875 0.18125
0 0.46640625 0.76796875 0.1484375 0.18125
1 0.0734375 0.65859375 0.146875 0.1765625
1 0.10234375 0.77734375 0.0765625 0.1
0 0.19453125 0.7328125 0.18125 0.1484375
0 0.8984375 0.28515625 0.1171875 0.1078125
0 0.6984375 0.42890625 0.359375 0.253125
1 0.62109375 0.35078125 0.28125 0.190625