1 0.82734375 0.228125 0.1046875 0.1359375
0 0.89609375 0.25625 0.1046875 0.128125
1 0.95234375 0.28515625 0.08125 0.1046875
0 0.83359375 0.365625 0.2484375 0.19375
1 0.896875 0.16015625 0.1890625 0.153125
0 0.396875 0.12578125 0.259375 0.2515625
0 0.684375 0.56875 0.340625 0.2875
0 0.05703125 0.5828125 0.0765625 0.1359375
0 0.26484375 0.6953125 0.134375 0.15625
0 0.01484375 0.66875 0.0296875 0.10625
0 0.10625 0.7140625 0.03125 0.0359375
0 0.1609375 0.73671875 0.021875 0.0328125
0 0.2984375 0.86640625 0.05 0.078125
0 0.20078125 0.853125 0.0296875 0.0375