1 0.2765625 0.26015625 0.0890625 0.1296875
0 0.47890625 0.26484375 0.403125 0.3640625
0 0.75078125 0.19375 0.284375 0.284375
1 0.32265625 0.07578125 0.3765625 0.1515625
1 0.36875 0.11953125 0.4328125 0.2265625
0 0.05859375 0.409375 0.1171875 0.484375
1 0.74921875 0.534375 0.1203125 0.1109375
0 0.56171875 0.63515625 0.0640625 0.078125
1 0.44140625 0.69375 0.1375 0.1515625
0 0.86953125 0.55078125 0.0859375 0.1046875
0 0.75234375 0.61328125 0.1734375 0.1140625
0 0.75390625 0.67421875 0.0546875 0.0640625
0 0.86640625 0.6390625 0.04375 0.059375
1 0.47265625 0.55234375 0.3234375 0.215625
0 0.66015625 0.546875 0.109375 0.128125