0 0.253125 0.24296875 0.4140625 0.2
0 0.85390625 0.209375 0.2671875 0.41875
0 0.72109375 0.20859375 0.134375 0.3390625
0 0.359375 0.76796875 0.065625 0.1515625
1 0.5625 0.7375 0.0890625 0.1484375
0 0.4234375 0.76015625 0.0953125 0.1015625
0 0.4875 0.7765625 0.04375 0.0484375
0 0.52109375 0.771875 0.03125 0.075
0 0.53125 0.82578125 0.021875 0.0375
0 0.33984375 0.86875 0.0203125 0.03125
0 0.390625 0.86640625 0.025 0.0453125
0 0.31640625 0.659375 0.09375 0.078125
1 0.43671875 0.65703125 0.15625 0.1234375
0 0.82109375 0.73359375 0.090625 0.2140625