0 0.17578125 0.4671875 0.1625 0.340625
0 0.50390625 0.065625 0.028125 0.0484375
0 0.59765625 0.0515625 0.0375 0.0796875
0 0.65546875 0.053125 0.0375 0.0671875
0 0.86953125 0.0265625 0.0296875 0.053125
0 0.728125 0.05390625 0.021875 0.05
0 0.79765625 0.05 0.0296875 0.05625
0 0.5328125 0.10625 0.0375 0.0875
0 0.45703125 0.12734375 0.03125 0.0515625
0 0.76171875 0.08671875 0.03125 0.046875
0 0.6921875 0.109375 0.028125 0.0546875
0 0.8984375 0.0875 0.034375 0.065625
0 0.49453125 0.1578125 0.0296875 0.065625
0 0.83203125 0.128125 0.0515625 0.1265625
0 0.57109375 0.17421875 0.0390625 0.0921875
0 0.64921875 0.16640625 0.0515625 0.134375
0 0.7359375 0.1671875 0.0359375 0.0734375
0 0.53125 0.21875 0.0296875 0.0703125
0 0.8859375 0.17890625 0.0296875 0.0640625
0 0.78359375 0.20859375 0.0390625 0.0984375
0 0.63203125 0.26328125 0.0421875 0.08125
1 0.45078125 0.8 0.1890625 0.175
0 0.27265625 0.82578125 0.2046875 0.1734375
0 0.11015625 0.86796875 0.1234375 0.1921875
0 0.7859375 0.84765625 0.1390625 0.1828125