0 0.45546875 0.25625 0.4953125 0.5125
0 0.8703125 0.3609375 0.1375 0.3875
0 0.89609375 0.55859375 0.0109375 0.0296875
0 0.8375 0.5953125 0.034375 0.0703125
0 0.81640625 0.6125 0.0171875 0.059375
1 0.8765625 0.1046875 0.096875 0.1328125
0 0.46328125 0.840625 0.5828125 0.31875
0 0.953125 0.7921875 0.0375 0.0703125
1 0.77734375 0.81328125 0.090625 0.278125
0 0.925 0.8953125 0.0765625 0.1484375
0 0.81640625 0.884375 0.08125 0.128125
0 0.9375 0.98359375 0.015625 0.0328125
0 0.8515625 0.99609375 0.021875 0.0078125
1 0.85390625 0.7703125 0.134375 0.1828125