0 0.7703125 0.4375 0.0 0.165625
0 0.86484375 0.459375 0.0671875 0.11875
0 0.690625 0.525 0.0765625 0.025
1 0.58125 0.12578125 0.0875 0.240625
0 0.51484375 0.1484375 0.0671875 0.1921875
0 0.3609375 0.14140625 0.2625 0.271875
0 0.20703125 0.22109375 0.0515625 0.0828125
0 0.26640625 0.30234375 0.115625 0.084375
0 0.49296875 0.31875 0.0625 0.0796875
0 0.3890625 0.31875 0.0859375 0.0984375
0 0.30703125 0.403125 0.025 0.059375
0 0.83828125 0.59921875 0.21875 0.1234375
0 0.83203125 0.7875 0.1890625 0.165625
1 0.4921875 0.5875 0.2125 0.134375
0 0.48046875 0.84765625 0.2171875 0.3046875