0 0.74453125 0.23828125 0.4609375 0.43125
0 0.0609375 0.2953125 0.121875 0.203125
1 0.01875 0.34453125 0.0375 0.1296875
0 0.27734375 0.3234375 0.1828125 0.15625
0 0.12578125 0.4328125 0.1375 0.1328125
0 0.609375 0.7046875 0.1796875 0.1875
1 0.78203125 0.67578125 0.24375 0.1859375
1 0.95625 0.74375 0.0875 0.171875
0 0.75546875 0.85234375 0.3921875 0.2734375
1 0.55625 0.54765625 0.1546875 0.1875
1 0.47734375 0.6609375 0.1234375 0.16875
0 0.25859375 0.71953125 0.1609375 0.1609375
0 0.1078125 0.77265625 0.1421875 0.178125
0 0.42265625 0.74609375 0.0921875 0.165625
0 0.51875 0.76796875 0.059375 0.0859375
0 0.121875 0.92734375 0.090625 0.1453125
0 0.35546875 0.9 0.1453125 0.190625
0 0.5515625 0.9 0.0859375 0.14375
0 0.4890625 0.92265625 0.075 0.1546875