1 0.365625 0.1109375 0.6875 0.221875
1 0.31796875 0.22578125 0.1125 0.0671875
1 0.16171875 0.2265625 0.2078125 0.0921875
0 0.42734375 0.2515625 0.1203125 0.090625
1 0.0375 0.23671875 0.0484375 0.125
0 0.28203125 0.28046875 0.0453125 0.05625
0 0.090625 0.29375 0.071875 0.071875
0 0.0171875 0.325 0.015625 0.05625
0 0.87578125 0.18359375 0.1296875 0.234375
0 0.7609375 0.2625 0.1359375 0.4140625
0 0.85546875 0.31953125 0.028125 0.05
0 0.82578125 0.33046875 0.0390625 0.0734375
0 0.11875 0.68046875 0.1328125 0.315625
1 0.25390625 0.75234375 0.1875 0.3875
0 0.83203125 0.5890625 0.334375 0.1734375