0 0.78828125 0.34921875 0.4234375 0.5546875
1 0.48203125 0.10078125 0.3546875 0.2015625
1 0.41796875 0.140625 0.1296875 0.10625
0 0.2890625 0.08984375 0.1625 0.125
0 0.52890625 0.22421875 0.075 0.0953125
0 0.17265625 0.09140625 0.059375 0.065625
0 0.46640625 0.27734375 0.0765625 0.115625
1 0.23828125 0.20546875 0.2703125 0.20625
0 0.17265625 0.30078125 0.26875 0.2265625
1 0.69375 0.7796875 0.1421875 0.1578125
1 0.80546875 0.88828125 0.1578125 0.184375
0 0.6109375 0.85546875 0.109375 0.11875
0 0.22578125 0.7078125 0.4515625 0.49375