0 0.2328125 0.56796875 0.1484375 0.1796875
0 0.15703125 0.6234375 0.1015625 0.1265625
0 0.33671875 0.61484375 0.0734375 0.05
1 0.28359375 0.21953125 0.165625 0.2375
0 0.3515625 0.21484375 0.13125 0.1890625
0 0.48515625 0.1578125 0.3265625 0.315625
0 0.65234375 0.16328125 0.075 0.0890625
0 0.63046875 0.25703125 0.1296875 0.1140625
0 0.434375 0.35703125 0.0828125 0.090625
0 0.52734375 0.31875 0.109375 0.115625
0 0.63203125 0.3625 0.04375 0.0609375
0 0.23359375 0.73671875 0.23125 0.1875
0 0.31015625 0.89765625 0.2234375 0.2046875
1 0.5375 0.59609375 0.23125 0.1953125
0 0.64609375 0.825 0.3015625 0.34375