0 0.39609375 0.190625 0.3171875 0.38125
0 0.9203125 0.321875 0.159375 0.284375
1 0.609375 0.26796875 0.325 0.3453125
0 0.78203125 0.3875 0.1640625 0.13125
0 0.9625 0.45078125 0.075 0.0796875
1 0.82109375 0.2578125 0.1875 0.2140625
1 0.09765625 0.4859375 0.1953125 0.39375
0 0.159375 0.590625 0.0515625 0.0703125
1 0.2484375 0.6171875 0.153125 0.2046875
0 0.11875 0.60625 0.0734375 0.15625
0 0.1546875 0.6515625 0.0515625 0.065625
1 0.0609375 0.753125 0.121875 0.215625
1 0.2703125 0.4359375 0.1390625 0.1953125
1 0.1875 0.45 0.1296875 0.2609375
1 0.74296875 0.55859375 0.5140625 0.2765625
0 0.471875 0.44140625 0.1078125 0.09375