0 0.91953125 0.20390625 0.03125 0.10625
1 0.84609375 0.30078125 0.0890625 0.0734375
0 0.64453125 0.0359375 0.0609375 0.071875
1 0.73359375 0.0421875 0.1203125 0.084375
0 0.86875 0.10625 0.115625 0.2125
0 0.6953125 0.14765625 0.0625 0.128125
1 0.9546875 0.17421875 0.0625 0.3484375
0 0.76796875 0.19296875 0.053125 0.1671875
0 0.40703125 0.13671875 0.2546875 0.2734375
0 0.81484375 0.79453125 0.2140625 0.1625
1 0.828125 0.446875 0.275 0.109375
1 0.66484375 0.51796875 0.0953125 0.2609375
1 0.93515625 0.54609375 0.0671875 0.140625
0 0.80859375 0.584375 0.221875 0.2046875
0 0.4203125 0.75390625 0.26875 0.2421875