0 0.7734375 0.053125 0.196875 0.10625
0 0.2296875 0.35703125 0.1828125 0.165625
1 0.2484375 0.17109375 0.1859375 0.2390625
0 0.725 0.43046875 0.2546875 0.375
0 0.8921875 0.5328125 0.16875 0.253125
0 0.26875 0.659375 0.09375 0.1453125
1 0.10859375 0.725 0.1359375 0.125
0 0.20078125 0.709375 0.1125 0.14375
0 0.1328125 0.7890625 0.121875 0.0828125
0 0.403125 0.70625 0.2390625 0.4328125
0 0.128125 0.8796875 0.040625 0.0625
0 0.53515625 0.734375 0.2078125 0.284375
1 0.31015625 0.45390625 0.1359375 0.1421875
1 0.22890625 0.51171875 0.1375 0.1859375
1 0.1140625 0.5734375 0.228125 0.253125
1 0.440625 0.4515625 0.2015625 0.2359375