1 0.078125 0.16640625 0.075 0.08125
0 0.14375 0.146875 0.103125 0.1015625
0 0.284375 0.1140625 0.1140625 0.121875
1 0.04375 0.23828125 0.0875 0.1734375
0 0.30859375 0.3015625 0.1671875 0.21875
1 0.059375 0.43359375 0.11875 0.2078125
0 0.25625 0.4234375 0.1125 0.121875
0 0.5625 0.06484375 0.115625 0.1296875
1 0.43984375 0.140625 0.084375 0.140625
0 0.51484375 0.18984375 0.165625 0.284375
1 0.49140625 0.2640625 0.084375 0.134375
0 0.746875 0.18671875 0.3484375 0.2734375
1 0.496875 0.0109375 0.096875 0.021875
1 0.41484375 0.0421875 0.0890625 0.084375
0 0.403125 0.81640625 0.265625 0.290625
0 0.60078125 0.45546875 0.15 0.184375
0 0.8359375 0.47109375 0.328125 0.4359375