1 0.05625 0.12890625 0.071875 0.146875
0 0.0984375 0.1390625 0.05 0.1234375
0 0.34296875 0.1671875 0.09375 0.13125
0 0.0421875 0.22265625 0.084375 0.3578125
0 0.08203125 0.253125 0.0390625 0.1125
0 0.21015625 0.2984375 0.028125 0.034375
0 0.2359375 0.3109375 0.025 0.0640625
0 0.28984375 0.3171875 0.053125 0.0609375
0 0.12421875 0.35546875 0.1015625 0.1109375
1 0.5015625 0.33125 0.0390625 0.0859375
1 0.46171875 0.3640625 0.0640625 0.1046875
1 0.03671875 0.42734375 0.0734375 0.0671875
1 0.0 0.5046875 0.1 0.125
1 0.07734375 0.06171875 0.0625 0.046875
1 0.2984375 0.06484375 0.090625 0.1
0 0.2171875 0.07578125 0.0859375 0.1046875
1 0.14609375 0.10078125 0.08125 0.1375
0 0.86328125 0.79921875 0.0390625 0.075
0 0.93828125 0.796875 0.0359375 0.075
0 0.88046875 0.88828125 0.071875 0.0875
0 0.94765625 0.8953125 0.0453125 0.0828125
1 0.71640625 0.72421875 0.121875 0.115625
1 0.90234375 0.71171875 0.1953125 0.1046875
0 0.79140625 0.74296875 0.0390625 0.078125
0 0.2546875 0.76015625 0.4796875 0.284375