0 0.22890625 0.23125 0.1875 0.2828125
0 0.290625 0.19921875 0.1828125 0.278125
0 0.46875 0.68828125 0.115625 0.134375
0 0.3765625 0.83515625 0.196875 0.171875
0 0.3703125 0.94765625 0.11875 0.1046875
1 0.5578125 0.5875 0.228125 0.23125
1 0.2796875 0.74921875 0.3421875 0.253125
1 0.88359375 0.37421875 0.2328125 0.3828125
0 0.7328125 0.46875 0.0 0.1328125
1 0.97109375 0.41328125 0.0578125 0.1984375
0 0.821875 0.51015625 0.134375 0.1515625
1 0.7609375 0.5703125 0.1015625 0.1046875
0 0.95859375 0.6390625 0.0828125 0.115625
1 0.7234375 0.32890625 0.1984375 0.1859375
1 0.63671875 0.44296875 0.1984375 0.2703125