0 0.7640625 0.20078125 0.35625 0.3390625
0 0.37265625 0.2484375 0.0890625 0.171875
0 0.18359375 0.234375 0.0609375 0.13125
0 0.3828125 0.3109375 0.0671875 0.11875
0 0.21640625 0.28828125 0.05 0.06875
0 0.2765625 0.32265625 0.0796875 0.1265625
1 0.3328125 0.10625 0.284375 0.1546875
0 0.16015625 0.1390625 0.096875 0.209375
0 0.6875 0.76796875 0.2140625 0.2
1 0.865625 0.79375 0.240625 0.4125
1 0.26328125 0.553125 0.2171875 0.128125
0 0.08515625 0.609375 0.1703125 0.3
0 0.278125 0.66640625 0.1484375 0.153125
0 0.175 0.66015625 0.1203125 0.1828125
1 0.24375 0.4484375 0.2359375 0.159375
1 0.103125 0.41953125 0.0984375 0.1375
1 0.034375 0.40234375 0.05625 0.1171875