0 0.2296875 0.2265625 0.459375 0.409375
0 0.71328125 0.69609375 0.025 0.0375
0 0.64375 0.7140625 0.0375 0.05
0 0.6609375 0.75546875 0.021875 0.03125
0 0.62890625 0.76953125 0.0265625 0.034375
0 0.75234375 0.75859375 0.028125 0.03125
0 0.7546875 0.79609375 0.01875 0.028125
0 0.6375 0.82109375 0.0296875 0.040625
0 0.70703125 0.80859375 0.01875 0.028125
0 0.95 0.81015625 0.0 0.2140625
0 0.77890625 0.8625 0.2953125 0.1546875
0 0.67265625 0.66796875 0.0328125 0.040625
0 0.2734375 0.70390625 0.1609375 0.1140625
0 0.4359375 0.7140625 0.196875 0.2046875
0 0.3 0.8 0.05625 0.0625
1 0.43203125 0.825 0.075 0.06875