0 0.3671875 0.08671875 0.0390625 0.0390625
1 0.2671875 0.09375 0.046875 0.075
0 0.5140625 0.11640625 0.0515625 0.0515625
1 0.5953125 0.1234375 0.05625 0.028125
1 0.43671875 0.11953125 0.1125 0.0875
0 0.20546875 0.11015625 0.084375 0.0765625
0 0.33203125 0.15078125 0.1078125 0.103125
1 0.63359375 0.18046875 0.0484375 0.0875
0 0.56640625 0.18359375 0.096875 0.1078125
0 0.47421875 0.184375 0.084375 0.046875
0 0.25703125 0.165625 0.0390625 0.021875
0 0.36484375 0.2203125 0.109375 0.0453125
0 0.3375 0.015625 0.08125 0.03125
0 0.43203125 0.2578125 0.0765625 0.0609375
0 0.2484375 0.25859375 0.0484375 0.0703125
0 0.65078125 0.29609375 0.1015625 0.0875
0 0.55859375 0.3 0.0640625 0.0703125
0 0.3296875 0.28125 0.0640625 0.0640625
0 0.43046875 0.05234375 0.1234375 0.0640625
1 0.32109375 0.0640625 0.06875 0.08125
0 0.1125 0.58046875 0.225 0.1890625
1 0.28515625 0.634375 0.1515625 0.1421875
0 0.25546875 0.78203125 0.3984375 0.1734375
1 0.18203125 0.4 0.3640625 0.2265625
0 0.75703125 0.6421875 0.0953125 0.296875
1 0.83828125 0.709375 0.1125 0.24375
0 0.89921875 0.85546875 0.0859375 0.2890625
0 0.69765625 0.96640625 0.0359375 0.0671875