0 0.184375 0.11484375 0.2375 0.2296875
0 0.7625 0.28125 0.475 0.296875
0 0.1515625 0.46875 0.0921875 0.16875
1 0.09453125 0.4703125 0.1890625 0.5625
1 0.203125 0.3125 0.115625 0.1828125
0 0.51640625 0.56953125 0.109375 0.203125
1 0.6375 0.6171875 0.1046875 0.1734375
0 0.578125 0.603125 0.0859375 0.165625
1 0.79375 0.81484375 0.0875 0.13125
0 0.72578125 0.8 0.115625 0.134375
1 0.3625 0.7265625 0.15625 0.3765625
0 0.4921875 0.78828125 0.2734375 0.2890625
0 0.6296875 0.8390625 0.0859375 0.078125
0 0.67890625 0.88671875 0.0578125 0.0875
1 0.7390625 0.90625 0.10625 0.096875
1 0.66484375 0.9609375 0.0734375 0.078125
0 0.51171875 0.98984375 0.0828125 0.0203125