0 0.55625 0.109375 0.4046875 0.2125
1 0.4515625 0.38671875 0.271875 0.134375
1 0.78125 0.359375 0.4203125 0.25625
1 0.26171875 0.4734375 0.16875 0.1421875
0 0.465625 0.50546875 0.3109375 0.215625
0 0.28359375 0.57890625 0.1125 0.11875
1 0.77265625 0.54453125 0.4546875 0.2703125
0 0.30078125 0.71171875 0.046875 0.1109375
0 0.50390625 0.76171875 0.2609375 0.3890625
1 0.70625 0.721875 0.2375 0.1734375
0 0.3 0.89921875 0.0625 0.09375
0 0.325 0.984375 0.065625 0.03125
0 0.60390625 0.9375 0.4328125 0.125
1 0.109375 0.565625 0.0734375 0.1828125
1 0.1875 0.609375 0.0953125 0.2203125
0 0.12578125 0.709375 0.05625 0.134375