1 0.825 0.25078125 0.35 0.3953125
0 0.90390625 0.46328125 0.1171875 0.1375
1 0.984375 0.50390625 0.03125 0.1328125
1 0.6921875 0.4078125 0.11875 0.1625
0 0.96953125 0.50390625 0.0578125 0.0890625
0 0.7765625 0.46171875 0.146875 0.1515625
0 0.990625 0.58359375 0.01875 0.0359375
0 0.746875 0.5734375 0.0765625 0.1140625
0 0.878125 0.6234375 0.096875 0.1296875
0 0.63359375 0.5625 0.1265625 0.1984375
0 0.959375 0.68125 0.0484375 0.1078125
0 0.55390625 0.59453125 0.1046875 0.1828125
0 0.2765625 0.309375 0.553125 0.61875
0 0.5828125 0.89609375 0.209375 0.1203125
0 0.1953125 0.74453125 0.1078125 0.0890625
0 0.046875 0.71328125 0.09375 0.1578125