0 0.96640625 0.11953125 0.0390625 0.2390625
1 0.85703125 0.2421875 0.2484375 0.484375
0 0.684375 0.5046875 0.084375 0.1234375
0 0.52421875 0.57578125 0.146875 0.096875
1 0.80078125 0.55078125 0.1625 0.1171875
0 0.14140625 0.32421875 0.04375 0.1
0 0.203125 0.4421875 0.04375 0.0546875
0 0.0953125 0.4578125 0.078125 0.08125
1 0.05078125 0.253125 0.1015625 0.25625
0 0.72734375 0.7859375 0.15625 0.171875
0 0.99375 0.8078125 0.0125 0.05
0 0.8578125 0.81875 0.1234375 0.246875
0 0.9578125 0.88671875 0.084375 0.0578125
0 0.50078125 0.95234375 0.1171875 0.0953125
0 0.9546875 0.94921875 0.090625 0.0578125
0 0.75078125 0.965625 0.321875 0.059375
0 0.68359375 0.671875 0.1703125 0.0734375