0 0.61328125 0.2421875 0.0671875 0.0546875
0 0.79453125 0.32421875 0.0640625 0.090625
1 0.94140625 0.425 0.1171875 0.20625
1 0.70625 0.33671875 0.0984375 0.0875
0 0.8140625 0.41171875 0.08125 0.096875
0 0.7546875 0.409375 0.075 0.1015625
0 0.68515625 0.41171875 0.04375 0.05625
0 0.64296875 0.39921875 0.0390625 0.05625
1 0.82421875 0.4734375 0.134375 0.0875
0 0.4625 0.35625 0.0390625 0.05
1 0.74609375 0.1203125 0.2453125 0.184375
0 0.7625 0.19609375 0.0625 0.065625
0 0.7046875 0.22890625 0.146875 0.109375
0 0.3234375 0.20625 0.496875 0.4125
0 0.47734375 0.73984375 0.19375 0.1921875
0 0.58125 0.9484375 0.196875 0.103125
1 0.64296875 0.65078125 0.403125 0.253125
1 0.38671875 0.6515625 0.1859375 0.2796875
0 0.6859375 0.79453125 0.178125 0.184375
1 0.075 0.60234375 0.0671875 0.09375
0 0.1015625 0.63671875 0.05625 0.1109375
0 0.03984375 0.603125 0.0796875 0.209375
0 0.06328125 0.66875 0.0421875 0.0828125
0 0.03828125 0.67265625 0.0484375 0.075
1 0.3421875 0.45859375 0.146875 0.1609375
1 0.20859375 0.41640625 0.2140625 0.2015625
0 0.078125 0.48984375 0.075 0.0890625
1 0.11953125 0.51953125 0.0828125 0.1125