0 0.79609375 0.32421875 0.240625 0.19375
0 0.53359375 0.20390625 0.0296875 0.0328125
0 0.49140625 0.18828125 0.034375 0.040625
0 0.328125 0.16796875 0.03125 0.05
0 0.3375 0.21328125 0.0328125 0.053125
0 0.36875 0.2296875 0.0359375 0.0453125
0 0.24765625 0.190625 0.065625 0.0609375
0 0.178125 0.20546875 0.0890625 0.1328125
0 0.19921875 0.2765625 0.059375 0.0625
0 0.453125 0.41640625 0.0421875 0.0453125
0 0.23671875 0.33125 0.0765625 0.0640625
0 0.41328125 0.40234375 0.040625 0.0484375
0 0.3375 0.37890625 0.0234375 0.0296875
0 0.58203125 0.7953125 0.39375 0.3
0 0.35 0.659375 0.0734375 0.075
0 0.16796875 0.75625 0.15 0.1328125
0 0.0953125 0.834375 0.1125 0.1046875