1 0.2515625 0.225 0.503125 0.45
1 0.15859375 0.3453125 0.134375 0.1140625
1 0.06640625 0.43671875 0.1328125 0.1796875
0 0.275 0.303125 0.153125 0.1390625
0 0.159375 0.41640625 0.06875 0.0734375
0 0.0203125 0.54140625 0.040625 0.0984375
0 0.64921875 0.05546875 0.2234375 0.1109375
0 0.59140625 0.16875 0.3109375 0.3375
0 0.709375 0.1109375 0.05 0.059375
0 0.6890625 0.13828125 0.0703125 0.0875
0 0.24609375 0.8515625 0.2703125 0.296875
1 0.4140625 0.82109375 0.35625 0.3578125
0 0.825 0.38203125 0.35 0.2953125