0 0.80234375 0.32109375 0.3953125 0.2828125
0 0.25 0.17421875 0.384375 0.3484375
0 0.37578125 0.16953125 0.20625 0.328125
0 0.57734375 0.790625 0.0984375 0.1484375
1 0.3921875 0.71015625 0.115625 0.1515625
0 0.5171875 0.76640625 0.109375 0.1140625
0 0.453125 0.765625 0.0515625 0.053125
0 0.4234375 0.753125 0.046875 0.0734375
0 0.4 0.8015625 0.0296875 0.0390625
0 0.56875 0.890625 0.0265625 0.0328125
0 0.521875 0.875 0.0328125 0.046875
0 0.64453125 0.6984375 0.1015625 0.0921875
1 0.53125 0.665625 0.1671875 0.1484375
0 0.14921875 0.64140625 0.1359375 0.209375