0 0.41328125 0.203125 0.0328125 0.05
0 0.50078125 0.225 0.0390625 0.078125
0 0.55 0.246875 0.0390625 0.065625
0 0.75 0.29765625 0.03125 0.0546875
0 0.61484375 0.2734375 0.0265625 0.0484375
0 0.678125 0.29453125 0.03125 0.0546875
0 0.4234375 0.25078125 0.04375 0.084375
0 0.35078125 0.2421875 0.0328125 0.05
0 0.63203125 0.3140625 0.03125 0.04375
0 0.5640625 0.309375 0.0265625 0.0515625
0 0.753125 0.36484375 0.034375 0.0609375
0 0.3734375 0.28203125 0.0328125 0.0640625
0 0.6796875 0.3765625 0.0578125 0.1234375
0 0.4328125 0.32421875 0.04375 0.0875
0 0.5046875 0.34375 0.059375 0.1265625
0 0.58125 0.37578125 0.0375 0.071875
0 0.3828125 0.3484375 0.03125 0.0671875
0 0.7109375 0.44140625 0.0328125 0.0609375
0 0.609375 0.43046875 0.0421875 0.09375
0 0.45546875 0.4234375 0.0453125 0.078125