0 0.18984375 0.3515625 0.3796875 0.409375
0 0.69765625 0.0484375 0.1234375 0.096875
1 0.56015625 0.08359375 0.1109375 0.1671875
1 0.5421875 0.13984375 0.0765625 0.1359375
1 0.671875 0.09921875 0.078125 0.096875
0 0.83046875 0.121875 0.1890625 0.24375
0 0.57578125 0.24140625 0.040625 0.0734375
0 0.61796875 0.22734375 0.0609375 0.084375
0 0.7 0.26875 0.1484375 0.2546875
0 0.62578125 0.3328125 0.065625 0.0875
0 0.7671875 0.28984375 0.0953125 0.1921875
1 0.5 0.0390625 0.071875 0.078125
1 0.615625 0.0421875 0.146875 0.084375
0 0.30703125 0.90625 0.1265625 0.1265625
0 0.17890625 0.97265625 0.0765625 0.0546875
0 0.2546875 0.9640625 0.078125 0.071875
0 0.5046875 0.89921875 0.121875 0.1203125
0 0.3625 0.96640625 0.1125 0.0671875
1 0.3140625 0.740625 0.225 0.134375
0 0.63515625 0.909375 0.159375 0.11875
0 0.5359375 0.9703125 0.08125 0.059375
0 0.97109375 0.5421875 0.0578125 0.146875
1 0.86875 0.6296875 0.1046875 0.1484375
0 0.9359375 0.67578125 0.128125 0.2828125
1 0.8921875 0.7625 0.153125 0.1625
1 0.940625 0.48046875 0.0875 0.053125
0 0.9046875 0.83828125 0.0703125 0.0453125
1 0.90625 0.85859375 0.1875 0.1046875
1 0.846875 0.53359375 0.103125 0.0859375