0 0.125 0.20546875 0.0875 0.103125
0 0.0765625 0.30703125 0.153125 0.1984375
0 0.02109375 0.41796875 0.0421875 0.0984375
1 0.04453125 0.25078125 0.0890625 0.1703125
1 0.1953125 0.1359375 0.159375 0.1296875
0 0.6140625 0.0609375 0.259375 0.121875
0 0.45625 0.140625 0.1171875 0.1203125
0 0.33828125 0.2125 0.0515625 0.0578125
1 0.38203125 0.065625 0.2671875 0.13125
0 0.20625 0.5015625 0.203125 0.209375
0 0.1296875 0.646875 0.259375 0.359375
0 0.28984375 0.66484375 0.0875 0.1109375
1 0.23125 0.80859375 0.1046875 0.121875
0 0.68828125 0.3703125 0.6234375 0.6125