0 0.7765625 0.0296875 0.065625 0.059375
0 0.734375 0.05625 0.065625 0.1125
0 0.553125 0.025 0.259375 0.05
1 0.20703125 0.059375 0.0859375 0.0546875
0 0.790625 0.33125 0.0359375 0.0875
0 0.85625 0.3703125 0.1015625 0.14375
0 0.78203125 0.41484375 0.0296875 0.0890625
0 0.94140625 0.40546875 0.0359375 0.08125
1 0.88203125 0.203125 0.16875 0.1921875
1 0.484375 0.3765625 0.0 0.096875
0 0.45546875 0.50390625 0.1046875 0.1671875
1 0.3859375 0.5421875 0.0890625 0.190625
0 0.30703125 0.64921875 0.16875 0.3890625
0 0.49453125 0.74375 0.1234375 0.2640625
0 0.4 0.88125 0.140625 0.1171875
1 0.4609375 0.25390625 0.196875 0.184375
1 0.29140625 0.32734375 0.209375 0.2828125
0 0.43203125 0.36875 0.059375 0.1203125