0 0.715625 0.11796875 0.290625 0.2359375
1 0.12109375 0.1125 0.2421875 0.15
0 0.3046875 0.23828125 0.609375 0.1765625
0 0.46875 0.34296875 0.340625 0.23125
0 0.8203125 0.66484375 0.359375 0.6078125
0 0.40703125 0.74375 0.3140625 0.3546875
0 0.25078125 0.83046875 0.0765625 0.1484375
0 0.615625 0.86953125 0.0734375 0.0421875
0 0.60625 0.94453125 0.053125 0.0796875
0 0.559375 0.953125 0.05 0.090625
0 0.46796875 0.95859375 0.0484375 0.0828125
0 0.6421875 0.94453125 0.034375 0.078125
0 0.4171875 0.98984375 0.040625 0.0203125