1 0.61953125 0.0609375 0.0640625 0.121875
1 0.6765625 0.08984375 0.0625 0.0546875
0 0.74140625 0.0828125 0.078125 0.05625
1 0.86796875 0.1015625 0.184375 0.1375
1 0.9453125 0.18359375 0.0390625 0.0671875
1 0.81875 0.2234375 0.1328125 0.125
0 0.90703125 0.2203125 0.0625 0.0703125
0 0.9515625 0.23125 0.0359375 0.0375
0 0.76171875 0.28359375 0.040625 0.0921875
0 0.8453125 0.3203125 0.134375 0.103125
1 0.8875 0.0234375 0.11875 0.046875
1 0.76484375 0.03203125 0.1484375 0.0640625
0 0.24296875 0.146875 0.0671875 0.0703125
0 0.18828125 0.21484375 0.0421875 0.0421875
1 0.15703125 0.121875 0.1328125 0.178125
1 0.98515625 0.6296875 0.0296875 0.2625
0 0.96875 0.728125 0.0625 0.08125
0 0.88515625 0.7609375 0.1375 0.134375
1 0.89921875 0.6078125 0.1875 0.2046875
1 0.440625 0.63359375 0.1984375 0.1515625
0 0.278125 0.64921875 0.1484375 0.1375
1 0.13203125 0.79765625 0.2421875 0.4046875
0 0.3796875 0.84375 0.31875 0.3125
0 0.63203125 0.884375 0.1515625 0.2171875