0 0.48828125 0.1125 0.4140625 0.225
1 0.428125 0.38515625 0.2765625 0.171875
1 0.7515625 0.3078125 0.43125 0.3109375
1 0.25078125 0.503125 0.1828125 0.1625
0 0.4609375 0.503125 0.328125 0.2546875
0 0.2890625 0.60546875 0.125 0.1296875
1 0.7703125 0.49296875 0.459375 0.3328125
0 0.328125 0.7359375 0.0640625 0.1125
0 0.53984375 0.753125 0.309375 0.4078125
1 0.7359375 0.68125 0.25 0.203125
0 0.35703125 0.92421875 0.075 0.0984375
0 0.6703125 0.91015625 0.43125 0.1796875
1 0.1140625 0.61875 0.0 0.1828125
1 0.19921875 0.6515625 0.128125 0.221875
0 0.15234375 0.76171875 0.075 0.134375