1 0.86171875 0.3640625 0.2234375 0.1578125
1 0.1875 0.3890625 0.146875 0.153125
0 0.43984375 0.38515625 0.1359375 0.1359375
0 0.640625 0.390625 0.1984375 0.1640625
0 0.2890625 0.45390625 0.0640625 0.159375
0 0.20234375 0.50078125 0.0453125 0.078125
0 0.63828125 0.5453125 0.0859375 0.140625
0 0.83203125 0.5671875 0.134375 0.2515625
0 0.3953125 0.584375 0.1125 0.1703125
0 0.20703125 0.6375 0.059375 0.134375
0 0.9484375 0.62265625 0.0859375 0.240625
0 0.10703125 0.66875 0.075 0.10625
0 0.27578125 0.665625 0.0421875 0.19375