1 0.2328125 0.1390625 0.465625 0.271875
1 0.390625 0.22421875 0.1890625 0.1265625
0 0.03515625 0.30859375 0.0703125 0.1015625
0 0.1984375 0.278125 0.209375 0.13125
0 0.209375 0.37109375 0.0953125 0.096875
0 0.40078125 0.346875 0.1546875 0.171875
0 0.0171875 0.4328125 0.034375 0.109375
0 0.4953125 0.3640625 0.05625 0.146875
0 0.70390625 0.1265625 0.3546875 0.253125
0 0.1421875 0.8421875 0.1765625 0.1375
1 0.27734375 0.83828125 0.1234375 0.103125
0 0.28359375 0.9296875 0.3078125 0.140625
1 0.16328125 0.71796875 0.2703125 0.175
0 0.90234375 0.8765625 0.1953125 0.13125