1 0.99453125 0.19765625 0.0109375 0.0765625
0 0.97578125 0.30546875 0.0484375 0.1421875
1 0.92890625 0.3296875 0.053125 0.165625
0 0.85703125 0.4125 0.0984375 0.3390625
0 0.971875 0.52265625 0.05625 0.2296875
0 0.89296875 0.63046875 0.096875 0.09375
1 0.97734375 0.08671875 0.0453125 0.1421875
1 0.8890625 0.128125 0.1375 0.234375
0 0.9828125 0.18359375 0.034375 0.1046875
0 0.3125 0.22109375 0.28125 0.2859375
1 0.81171875 0.80078125 0.265625 0.103125
0 0.853125 0.92421875 0.15625 0.1515625
0 0.715625 0.9453125 0.096875 0.109375
0 0.26171875 0.94921875 0.3671875 0.0984375