1 0.95859375 0.409375 0.0828125 0.425
0 0.7578125 0.534375 0.140625 0.165625
0 0.81796875 0.11640625 0.09375 0.1875
0 0.32265625 0.3140625 0.253125 0.10625
1 0.87734375 0.71015625 0.1140625 0.1828125
0 0.76484375 0.740625 0.1265625 0.25625
0 0.9046875 0.8296875 0.0359375 0.059375
1 0.878125 0.82890625 0.01875 0.0578125
0 0.84453125 0.83359375 0.0546875 0.0734375
1 0.9 0.8921875 0.0640625 0.0671875
0 0.91796875 0.97109375 0.0203125 0.0578125
0 0.51484375 0.89375 0.04375 0.0625
0 0.2015625 0.8859375 0.05625 0.0859375
0 0.3390625 0.9671875 0.075 0.053125
0 0.14609375 0.975 0.05 0.0171875
0 0.3109375 0.6703125 0.459375 0.1796875