1 0.68515625 0.07734375 0.0890625 0.109375
0 0.6 0.07890625 0.103125 0.078125
0 0.56171875 0.20859375 0.0265625 0.0328125
1 0.8546875 0.1203125 0.290625 0.165625
0 0.3015625 0.06484375 0.05625 0.065625
0 0.35078125 0.146875 0.053125 0.0390625
0 0.225 0.1265625 0.09375 0.0625
1 0.18046875 0.04140625 0.1921875 0.0828125
1 0.61640625 0.7109375 0.2453125 0.4015625
0 0.48828125 0.72890625 0.1625 0.4359375
1 0.76328125 0.90078125 0.3390625 0.1984375
0 0.55703125 0.93828125 0.1671875 0.1234375
0 0.33671875 0.91484375 0.1390625 0.1046875
0 0.23828125 0.4359375 0.3296875 0.4265625