0 0.26328125 0.13046875 0.3921875 0.2609375
0 0.62734375 0.2078125 0.2015625 0.3984375
1 0.38203125 0.7421875 0.2703125 0.18125
0 0.14296875 0.82734375 0.284375 0.240625
0 0.41171875 0.94140625 0.10625 0.05625
1 0.62890625 0.6953125 0.1390625 0.2046875
0 0.725 0.74921875 0.0671875 0.046875
0 0.5828125 0.8125 0.05 0.09375
0 0.65078125 0.83359375 0.0140625 0.040625
0 0.6796875 0.834375 0.0171875 0.0671875
0 0.709375 0.83828125 0.0203125 0.0875
0 0.61484375 0.84453125 0.0140625 0.046875
0 0.63203125 0.8453125 0.0171875 0.0578125
0 0.8515625 0.8703125 0.0890625 0.1640625
0 0.921875 0.90859375 0.0140625 0.0921875
1 0.90390625 0.60625 0.1890625 0.1171875
1 0.71171875 0.64140625 0.1609375 0.1515625