0 0.55703125 0.07109375 0.0421875 0.04375
1 0.65625 0.06171875 0.05625 0.078125
0 0.41953125 0.121875 0.05625 0.05625
1 0.34140625 0.14140625 0.0578125 0.034375
1 0.4953125 0.11328125 0.1203125 0.1
0 0.71953125 0.06875 0.0921875 0.084375
0 0.6015625 0.1265625 0.1171875 0.1140625
1 0.31328125 0.20390625 0.059375 0.090625
0 0.3796875 0.19609375 0.109375 0.1171875
0 0.46875 0.18203125 0.0859375 0.0578125
0 0.6765625 0.13046875 0.0390625 0.025
0 0.58125 0.1 0.1109375 0.0609375
0 0.5734375 0.009375 0.084375 0.01875
0 0.52109375 0.246875 0.08125 0.0703125
0 0.7 0.21953125 0.05625 0.0734375
0 0.31484375 0.31875 0.109375 0.0984375
0 0.4046875 0.30703125 0.071875 0.075
0 0.625 0.25390625 0.0703125 0.0703125
0 0.49140625 0.046875 0.1265625 0.0796875
1 0.59921875 0.04296875 0.0765625 0.0859375
0 0.8796875 0.5109375 0.240625 0.215625
1 0.72265625 0.58984375 0.165625 0.1578125
0 0.77265625 0.72890625 0.4046875 0.2265625
1 0.79296875 0.34453125 0.3921875 0.2734375
0 0.2640625 0.671875 0.1375 0.2953125
1 0.19453125 0.7484375 0.1453125 0.2484375
0 0.16015625 0.87890625 0.1328125 0.2421875
0 0.37421875 0.971875 0.0515625 0.05625