0 0.18125 0.4171875 0.2625 0.3
0 0.85 0.23515625 0.090625 0.0765625
0 0.69765625 0.24453125 0.0390625 0.084375
0 0.76328125 0.334375 0.0609375 0.184375
0 0.68828125 0.3828125 0.040625 0.0984375
1 0.74609375 0.15078125 0.2921875 0.10625
1 0.94140625 0.19375 0.103125 0.184375
1 0.04609375 0.6671875 0.0875 0.203125
0 0.13359375 0.71953125 0.084375 0.0890625
0 0.22734375 0.74453125 0.05625 0.0546875
1 0.16640625 0.61875 0.15625 0.1125
1 0.7296875 0.78046875 0.103125 0.065625
0 0.853125 0.84296875 0.146875 0.1984375
0 0.71953125 0.90546875 0.0578125 0.08125
0 0.6125 0.92109375 0.0359375 0.0421875
1 0.7578125 0.70625 0.3203125 0.0953125
1 0.9578125 0.7359375 0.084375 0.1625