1 0.58828125 0.22734375 0.2203125 0.225
0 0.65625 0.3484375 0.1109375 0.1203125
0 0.73828125 0.4953125 0.096875 0.128125
0 0.85546875 0.56484375 0.096875 0.1046875
1 0.8421875 0.36484375 0.315625 0.3421875
0 0.38125 0.2109375 0.2984375 0.3296875
0 0.15859375 0.234375 0.125 0.1375
0 0.3671875 0.55625 0.15625 0.1875
0 0.51484375 0.6765625 0.1546875 0.146875
0 0.41640625 0.63984375 0.103125 0.096875
0 0.39453125 0.7546875 0.3625 0.29375
0 0.34140625 0.8359375 0.0828125 0.06875
1 0.5609375 0.61796875 0.16875 0.1453125
1 0.43359375 0.55625 0.171875 0.15625
0 0.125 0.58203125 0.25 0.4828125