1 0.57734375 0.06171875 0.1734375 0.1234375
1 0.7515625 0.084375 0.234375 0.16875
1 0.68359375 0.23671875 0.171875 0.2640625
0 0.72578125 0.23046875 0.184375 0.2921875
1 0.76875 0.25703125 0.41875 0.5140625
1 0.8328125 0.425 0.0953125 0.1359375
0 0.7734375 0.47578125 0.1046875 0.1546875
0 0.8125 0.4484375 0.121875 0.190625
0 0.8734375 0.50546875 0.04375 0.05
0 0.31640625 0.61640625 0.1890625 0.203125
0 0.90625 0.65078125 0.1875 0.3359375
1 0.625 0.778125 0.1859375 0.2203125
0 0.7140625 0.89609375 0.103125 0.1171875