0 0.59765625 0.26953125 0.5953125 0.5390625
0 0.0609375 0.3 0.10625 0.1671875
1 0.175 0.32890625 0.2859375 0.475
1 0.03046875 0.19140625 0.0609375 0.1046875
0 0.84609375 0.58125 0.3078125 0.234375
0 0.3671875 0.73671875 0.046875 0.06875
1 0.234375 0.8484375 0.325 0.303125
0 0.40078125 0.79140625 0.046875 0.06875
0 0.4265625 0.84375 0.03125 0.053125
1 0.403125 0.8796875 0.075 0.109375
0 0.45078125 0.915625 0.0515625 0.1
1 0.228125 0.98359375 0.146875 0.0328125
0 0.33671875 0.7015625 0.040625 0.0328125
1 0.37734375 0.7203125 0.0515625 0.0875