0 0.63125 0.19140625 0.3578125 0.3140625
0 0.1546875 0.265625 0.309375 0.353125
1 0.784375 0.42890625 0.109375 0.121875
0 0.64453125 0.5265625 0.0625 0.0890625
1 0.5546875 0.58046875 0.13125 0.171875
0 0.88828125 0.46171875 0.084375 0.121875
0 0.80078125 0.521875 0.1484375 0.1203125
0 0.81328125 0.59296875 0.053125 0.071875
0 0.9015625 0.5640625 0.04375 0.06875
1 0.5546875 0.41953125 0.2734375 0.225
0 0.71171875 0.43359375 0.10625 0.146875
0 0.3328125 0.73671875 0.35625 0.5265625
1 0.4234375 0.6 0.2546875 0.3984375