0 0.9140625 0.29375 0.171875 0.309375
0 0.6453125 0.1734375 0.275 0.275
0 0.5140625 0.09375 0.06875 0.0671875
1 0.46171875 0.453125 0.2171875 0.353125
1 0.56953125 0.5140625 0.1109375 0.175
0 0.5953125 0.54375 0.084375 0.14375
0 0.75703125 0.68125 0.11875 0.159375
0 0.496875 0.58515625 0.2453125 0.4375
1 0.59453125 0.35546875 0.0953125 0.0875
0 0.52109375 0.65546875 0.0734375 0.1296875
0 0.58984375 0.759375 0.034375 0.04375
0 0.6015625 0.784375 0.04375 0.0734375
0 0.63671875 0.815625 0.0640625 0.0765625
0 0.496875 0.78203125 0.11875 0.140625
1 0.78359375 0.92265625 0.0609375 0.1
1 0.734375 0.9375 0.0875 0.125
1 0.35078125 0.80078125 0.16875 0.1234375
1 0.35546875 0.9015625 0.2796875 0.196875
1 0.63828125 0.4140625 0.096875 0.14375
1 0.796875 0.5140625 0.1390625 0.20625
0 0.73203125 0.48984375 0.1390625 0.2109375
1 0.6671875 0.484375 0.146875 0.24375
0 0.1015625 0.2359375 0.1125 0.1609375
0 0.328125 0.5734375 0.1078125 0.1421875