1 0.9375 0.496875 0.0953125 0.08125
0 0.96328125 0.1359375 0.0734375 0.10625
0 0.83046875 0.1671875 0.071875 0.1078125
1 0.915625 0.2046875 0.1296875 0.1171875
0 0.97578125 0.3140625 0.0484375 0.21875
0 0.8421875 0.30390625 0.0734375 0.1328125
0 0.896875 0.36953125 0.0703125 0.1703125
0 0.5765625 0.175 0.29375 0.35
0 0.75390625 0.934375 0.2265625 0.13125
1 0.86171875 0.628125 0.25 0.1296875
1 0.696875 0.64921875 0.121875 0.265625
1 0.93828125 0.75703125 0.0625 0.140625
0 0.8140625 0.75703125 0.2390625 0.225
0 0.390625 0.7984375 0.2875 0.2640625