0 0.72578125 0.01953125 0.1640625 0.0390625
0 0.5859375 0.05625 0.225 0.1125
0 0.40859375 0.08671875 0.2296875 0.1734375
0 0.321875 0.165625 0.134375 0.1234375
0 0.72734375 0.1046875 0.2609375 0.209375
0 0.50234375 0.2140625 0.1640625 0.15625
0 0.57421875 0.36875 0.1109375 0.0828125
0 0.765625 0.32265625 0.0609375 0.059375
0 0.8390625 0.29921875 0.071875 0.0671875
0 0.96953125 0.3453125 0.0421875 0.059375
0 0.65078125 0.26640625 0.0765625 0.0875
0 0.58203125 0.265625 0.0984375 0.0984375
0 0.4890625 0.56953125 0.0671875 0.0671875
0 0.128125 0.4015625 0.25625 0.24375
1 0.60078125 0.72890625 0.203125 0.2421875
1 0.80546875 0.6609375 0.3890625 0.4
0 0.66171875 0.8953125 0.1453125 0.1734375
0 0.8109375 0.86171875 0.15 0.125
0 0.42734375 0.83046875 0.4515625 0.3390625