1 0.35234375 0.0828125 0.0953125 0.13125
0 0.2796875 0.071875 0.096875 0.1234375
1 0.2171875 0.065625 0.0734375 0.1015625
0 0.27734375 0.1953125 0.2390625 0.1765625
1 0.32578125 0.02890625 0.1796875 0.0578125
0 0.771875 0.20859375 0.24375 0.2515625
0 0.3 0.44296875 0.3265625 0.265625
0 0.82421875 0.775 0.065625 0.1328125
0 0.59140625 0.765625 0.1234375 0.15
0 0.83203125 0.87890625 0.05625 0.103125
0 0.71640625 0.86171875 0.0296875 0.034375
0 0.6578125 0.853125 0.0203125 0.0328125
0 0.47578125 0.89375 0.04375 0.0765625
0 0.565625 0.93125 0.0265625 0.0359375