0 0.46171875 0.065625 0.1078125 0.13125
1 0.3859375 0.08828125 0.178125 0.1765625
0 0.321875 0.03984375 0.09375 0.0796875
0 0.24921875 0.06328125 0.06875 0.103125
0 0.38828125 0.2609375 0.140625 0.175
0 0.159375 0.27265625 0.0828125 0.1109375
1 0.446875 0.43359375 0.09375 0.1203125
0 0.31484375 0.4734375 0.0890625 0.1125
0 0.40390625 0.5546875 0.1125 0.1546875
0 0.24375 0.4953125 0.0765625 0.11875
0 0.0578125 0.47578125 0.059375 0.075
0 0.815625 0.38125 0.3015625 0.375
0 0.08984375 0.7609375 0.1484375 0.1515625
1 0.153125 0.646875 0.265625 0.21875
0 0.53515625 0.9296875 0.3390625 0.140625