1 0.84453125 0.25703125 0.0703125 0.10625
1 0.7453125 0.240625 0.078125 0.1734375
0 0.9109375 0.290625 0.125 0.15625
0 0.97109375 0.3234375 0.0578125 0.1125
0 0.690625 0.265625 0.078125 0.1171875
0 0.590625 0.27890625 0.1234375 0.1171875
0 0.7703125 0.34921875 0.05625 0.0796875
1 0.790625 0.109375 0.21875 0.146875
1 0.9515625 0.1640625 0.096875 0.14375
0 0.90546875 0.1546875 0.0984375 0.1359375
1 0.62421875 0.14453125 0.159375 0.265625
1 0.98515625 0.2671875 0.0296875 0.11875
0 0.7953125 0.2234375 0.06875 0.096875
0 0.30859375 0.2328125 0.5734375 0.465625
0 0.68671875 0.62265625 0.2375 0.2484375
0 0.5046875 0.68828125 0.1921875 0.3234375
0 0.621875 0.8078125 0.196875 0.2140625
0 0.2125 0.62734375 0.26875 0.196875