0 0.81953125 0.33828125 0.203125 0.15625
0 0.85859375 0.51015625 0.1265625 0.1234375
0 0.73125 0.5125 0.071875 0.0828125
0 0.61015625 0.51171875 0.0578125 0.053125
1 0.6453125 0.22890625 0.1640625 0.2265625
1 0.06328125 0.26796875 0.121875 0.159375
0 0.20703125 0.27890625 0.184375 0.134375
0 0.4046875 0.45 0.1109375 0.1609375
1 0.40078125 0.20234375 0.259375 0.2046875
0 0.75625 0.85078125 0.284375 0.2984375
0 0.5421875 0.7578125 0.028125 0.06875
0 0.18046875 0.834375 0.034375 0.096875
0 0.23984375 0.91328125 0.0359375 0.1015625
0 0.32265625 0.92109375 0.053125 0.08125
0 0.0421875 0.9359375 0.084375 0.09375