1 0.96875 0.31484375 0.0625 0.1234375
1 0.79453125 0.35 0.1046875 0.128125
0 0.859375 0.43046875 0.215625 0.240625
1 0.73046875 0.4484375 0.059375 0.0640625
1 0.88984375 0.24375 0.2203125 0.23125
0 0.37265625 0.171875 0.4546875 0.34375
0 0.64296875 0.85 0.4609375 0.3
1 0.1796875 0.66640625 0.359375 0.4234375
1 0.36484375 0.8453125 0.175 0.1359375
1 0.35859375 0.90625 0.09375 0.084375
0 0.28125 0.8703125 0.1109375 0.1
0 0.3421875 0.96875 0.0734375 0.05625
0 0.1578125 0.86640625 0.1265625 0.0859375
1 0.36328125 0.74609375 0.1109375 0.128125