1 0.65546875 0.05 0.0703125 0.090625
0 0.5765625 0.0640625 0.090625 0.0609375
0 0.5625 0.19296875 0.021875 0.028125
1 0.84453125 0.05703125 0.3109375 0.1015625
0 0.29375 0.0 0.0453125 0.05625
0 0.35390625 0.16953125 0.046875 0.03125
0 0.23125 0.17109375 0.084375 0.046875
1 0.13125 0.0625 0.2375 0.125
1 0.69765625 0.65703125 0.175 0.3640625
0 0.578125 0.6953125 0.0859375 0.4140625
1 0.86015625 0.85078125 0.2625 0.2265625
0 0.68046875 0.89140625 0.14375 0.1171875
0 0.4671875 0.89609375 0.1234375 0.08125
0 0.2953125 0.4609375 0.2578125 0.3734375