0 0.26796875 0.053125 0.1484375 0.1
0 0.95546875 0.11796875 0.0578125 0.059375
0 0.14921875 0.70390625 0.2984375 0.5921875
0 0.75703125 0.8359375 0.0203125 0.15625
1 0.83125 0.95546875 0.0734375 0.078125
0 0.82421875 0.425 0.140625 0.1265625
1 0.7125 0.44765625 0.090625 0.1671875
0 0.9765625 0.52578125 0.046875 0.14375
1 0.896875 0.55625 0.0 0.1421875
0 0.7890625 0.68515625 0.0890625 0.303125
0 0.94453125 0.7171875 0.0453125 0.1828125
1 0.703125 0.7640625 0.065625 0.4671875
0 0.8875 0.79609375 0.0359375 0.240625