0 0.89375 0.33125 0.065625 0.090625
0 0.284375 0.209375 0.040625 0.0484375
0 0.7765625 0.703125 0.40625 0.35625
0 0.32578125 0.53359375 0.0515625 0.071875
1 0.4 0.58984375 0.078125 0.1328125
0 0.1921875 0.51640625 0.0671875 0.09375
1 0.1234375 0.4921875 0.059375 0.05625
1 0.25 0.55625 0.1359375 0.1640625
0 0.4359375 0.6453125 0.1078125 0.140625
0 0.3109375 0.6546875 0.140625 0.1890625
1 0.05390625 0.56875 0.0875 0.1546875
0 0.10546875 0.603125 0.1375 0.196875
0 0.17578125 0.6453125 0.0921875 0.0921875
0 0.35859375 0.71328125 0.0421875 0.040625
0 0.2375 0.75546875 0.109375 0.0921875
0 0.4046875 0.415625 0.09375 0.1
0 0.159375 0.78671875 0.09375 0.115625
0 0.3015625 0.87109375 0.0765625 0.125
0 0.03828125 0.79921875 0.0765625 0.1265625
0 0.2234375 0.87109375 0.0859375 0.1171875
0 0.30078125 0.4484375 0.1328125 0.128125
1 0.378125 0.5171875 0.096875 0.1453125