0 0.77109375 0.478125 0.3875 0.1125
1 0.05234375 0.0125 0.1046875 0.025
1 0.18359375 0.028125 0.15625 0.05625
0 0.45390625 0.06640625 0.1046875 0.1328125
0 0.31640625 0.0640625 0.109375 0.128125
0 0.05390625 0.08671875 0.10625 0.134375
0 0.21484375 0.096875 0.0578125 0.08125
0 0.859375 0.66484375 0.28125 0.2609375
1 0.25390625 0.64453125 0.5078125 0.2234375
1 0.246875 0.7875 0.090625 0.0625
1 0.37421875 0.79921875 0.165625 0.08125
0 0.1546875 0.80625 0.09375 0.0875
1 0.48203125 0.81953125 0.046875 0.128125
0 0.271875 0.84765625 0.034375 0.05625
0 0.42890625 0.87578125 0.05625 0.0703125
0 0.49375 0.9140625 0.025 0.059375