0 0.05 0.33671875 0.0 0.3140625
0 0.7578125 0.06875 0.1609375 0.121875
0 0.7265625 0.17578125 0.0734375 0.1078125
0 0.621875 0.253125 0.0515625 0.0484375
1 0.71015625 0.0390625 0.3421875 0.078125
0 0.41015625 0.81953125 0.08125 0.14375
0 0.2546875 0.89375 0.0375 0.071875
1 0.11796875 0.5125 0.1921875 0.146875
1 0.19453125 0.98203125 0.1546875 0.0359375
0 0.2546875 0.55 0.2140625 0.2796875
1 0.12578125 0.6546875 0.234375 0.2125
1 0.37890625 0.61953125 0.128125 0.1875
1 0.15 0.79921875 0.1890625 0.1578125
0 0.27109375 0.7796875 0.134375 0.159375
0 0.46015625 0.75078125 0.084375 0.1515625
0 0.8921875 0.76328125 0.215625 0.1859375
1 0.92578125 0.4765625 0.1484375 0.14375