0 0.57421875 0.16484375 0.2765625 0.3296875
1 0.7984375 0.25 0.2234375 0.3015625
0 0.72578125 0.23125 0.0875 0.1140625
0 0.69453125 0.3359375 0.10625 0.13125
1 0.859375 0.39921875 0.28125 0.5046875
0 0.6703125 0.4421875 0.0 0.109375
0 0.759375 0.1296875 0.1015625 0.1203125
0 0.17421875 0.56484375 0.178125 0.171875
1 0.06953125 0.5171875 0.1390625 0.171875
0 0.2546875 0.6515625 0.14375 0.171875
1 0.10546875 0.28515625 0.15625 0.1734375
1 0.03828125 0.375 0.0765625 0.1
0 0.1265625 0.42421875 0.1734375 0.1421875
0 0.87109375 0.7046875 0.1171875 0.10625
0 0.64453125 0.6328125 0.340625 0.2453125
0 0.8953125 0.78984375 0.0609375 0.078125
1 0.659375 0.5296875 0.2671875 0.1859375