0 0.22109375 0.1203125 0.0578125 0.0765625
1 0.4078125 0.1015625 0.1421875 0.0640625
0 0.303125 0.1234375 0.08125 0.0734375
1 0.51328125 0.10546875 0.075 0.0875
0 0.39921875 0.13828125 0.1171875 0.0390625
1 0.4703125 0.13359375 0.028125 0.0359375
0 0.11796875 0.1796875 0.1265625 0.2296875
1 0.50546875 0.1640625 0.046875 0.040625
0 0.4375 0.17734375 0.025 0.0328125
0 0.03984375 0.2296875 0.0796875 0.14375
1 0.103125 0.05859375 0.1046875 0.0390625
1 0.1 0.06015625 0.090625 0.0625
1 0.3984375 0.0484375 0.315625 0.096875
1 0.02890625 0.09296875 0.0578125 0.0828125
0 0.6421875 0.07734375 0.125 0.1546875
0 0.73828125 0.0640625 0.0859375 0.08125
0 0.2015625 0.60234375 0.296875 0.31875
1 0.83671875 0.4609375 0.3265625 0.384375
1 0.884375 0.67421875 0.0796875 0.08125
0 0.74609375 0.70078125 0.0359375 0.0921875
0 0.93984375 0.6765625 0.046875 0.096875
1 0.78515625 0.7046875 0.065625 0.115625
0 0.83125 0.70390625 0.053125 0.1140625
0 0.98828125 0.7046875 0.0234375 0.075