0 0.5125 0.13984375 0.165625 0.2796875
0 0.4484375 0.14921875 0.159375 0.2984375
0 0.66796875 0.61875 0.103125 0.128125
0 0.83203125 0.65625 0.1875 0.153125
0 0.92578125 0.74296875 0.10625 0.1328125
1 0.53671875 0.6109375 0.2109375 0.2140625
1 0.83671875 0.5296875 0.3265625 0.215625
1 0.153125 0.70234375 0.228125 0.3765625
0 0.33515625 0.65 0.0859375 0.1296875
1 0.10078125 0.80078125 0.1125 0.2078125
0 0.30234375 0.7390625 0.1203125 0.1421875
1 0.384375 0.7390625 0.09375 0.096875
0 0.11796875 0.90703125 0.0328125 0.0640625
0 0.28984375 0.93125 0.096875 0.109375
1 0.2453125 0.54765625 0.184375 0.1703125
1 0.38359375 0.565625 0.1703125 0.2640625