1 0.8890625 0.40234375 0.18125 0.146875
0 0.67734375 0.3703125 0.3140625 0.3125
0 0.8359375 0.54140625 0.125 0.1265625
0 0.9734375 0.6375 0.053125 0.059375
1 0.81796875 0.30234375 0.3640625 0.3484375
1 0.55859375 0.16328125 0.25 0.2515625
0 0.3140625 0.103125 0.1171875 0.134375
0 0.196875 0.10234375 0.0265625 0.03125
0 0.23046875 0.12578125 0.021875 0.028125
0 0.30078125 0.246875 0.0484375 0.0640625
0 0.23359375 0.225 0.0265625 0.03125
0 0.63984375 0.78359375 0.109375 0.10625
0 0.40546875 0.6609375 0.3015625 0.2484375
1 0.49140625 0.5734375 0.478125 0.3546875
0 0.16015625 0.440625 0.3203125 0.359375