1 0.328125 0.18828125 0.221875 0.1546875
0 0.47109375 0.159375 0.109375 0.128125
1 0.084375 0.290625 0.16875 0.2375
1 0.20390625 0.31484375 0.15 0.315625
1 0.58984375 0.26171875 0.19375 0.1390625
0 0.71171875 0.24921875 0.09375 0.125
0 0.3734375 0.3359375 0.26875 0.2359375
0 0.54140625 0.390625 0.084375 0.109375
0 0.6296875 0.371875 0.134375 0.146875
1 0.28359375 0.4953125 0.2109375 0.121875
1 0.33671875 0.1078125 0.6734375 0.215625
0 0.678125 0.02265625 0.05 0.0453125
0 0.903125 0.284375 0.16875 0.25625
1 0.465625 0.5921875 0.153125 0.203125
1 0.0953125 0.6734375 0.171875 0.2125
1 0.31796875 0.75703125 0.3546875 0.4859375
0 0.5359375 0.95 0.13125 0.1