1 0.42109375 0.0828125 0.075 0.10625
0 0.49453125 0.11328125 0.0890625 0.0640625
0 0.490625 0.2375 0.021875 0.0296875
1 0.23515625 0.06484375 0.3234375 0.1296875
0 0.75859375 0.184375 0.046875 0.0578125
0 0.69296875 0.24375 0.046875 0.0328125
0 0.8078125 0.2609375 0.084375 0.05
1 0.90078125 0.1609375 0.1984375 0.159375
1 0.3 0.659375 0.1921875 0.3578125
0 0.4078125 0.71171875 0.109375 0.4
1 0.12578125 0.82109375 0.2515625 0.2359375
0 0.28515625 0.88515625 0.1453125 0.121875
0 0.48671875 0.9171875 0.1234375 0.084375
0 0.709375 0.52734375 0.2703125 0.3734375