1 0.384375 0.19296875 0.340625 0.3859375
0 0.86796875 0.0828125 0.0984375 0.165625
0 0.83984375 0.0828125 0.0625 0.15
0 0.775 0.10625 0.109375 0.2125
0 0.6046875 0.24296875 0.359375 0.4859375
1 0.7546875 0.2296875 0.1171875 0.2484375
1 0.528125 0.4125 0.075 0.1296875
0 0.4125 0.4546875 0.14375 0.278125
0 0.50390625 0.4875 0.053125 0.1046875
0 0.3765625 0.54765625 0.05625 0.115625
1 0.06484375 0.2671875 0.1140625 0.1140625
1 0.19609375 0.259375 0.0921875 0.11875
1 0.1453125 0.2859375 0.0640625 0.075
1 0.25390625 0.26484375 0.0828125 0.1515625
0 0.225 0.3265625 0.0546875 0.05
0 0.178125 0.37109375 0.0671875 0.1234375
1 0.01328125 0.43828125 0.0265625 0.0984375
0 0.259375 0.35859375 0.09375 0.0640625
0 0.12890625 0.42890625 0.1359375 0.2625
0 0.06015625 0.5484375 0.075 0.0859375
0 0.1578125 0.61328125 0.15 0.1453125
1 0.821875 0.675 0.1140625 0.1046875
0 0.75859375 0.69921875 0.0546875 0.0796875
1 0.803125 0.75078125 0.1453125 0.0859375
0 0.72109375 0.7765625 0.0359375 0.0359375
0 0.79609375 0.8390625 0.15 0.146875
1 0.8234375 0.54375 0.353125 0.25625
0 0.13515625 0.79921875 0.1875 0.2546875