1 0.55234375 0.153125 0.6421875 0.30625
1 0.33125 0.34375 0.121875 0.1234375
1 0.46796875 0.3125 0.1203125 0.14375
0 0.671875 0.25078125 0.359375 0.2328125
1 0.628125 0.02890625 0.2375 0.0578125
1 0.36796875 0.07734375 0.3296875 0.1546875
0 0.159375 0.3875 0.31875 0.603125
0 0.5265625 0.8078125 0.3390625 0.3734375
1 0.72109375 0.765625 0.25 0.315625
0 0.521875 0.5859375 0.153125 0.1359375
0 0.653125 0.56328125 0.1265625 0.159375
1 0.8234375 0.62109375 0.353125 0.4796875
1 0.340625 0.8875 0.1765625 0.1921875
0 0.41953125 0.98828125 0.0421875 0.0234375