0 0.2765625 0.275 0.459375 0.54375
1 0.6921875 0.61953125 0.10625 0.2953125
1 0.79375 0.61796875 0.05625 0.14375
0 0.8234375 0.62890625 0.040625 0.1203125
0 0.97890625 0.66171875 0.0421875 0.1265625
0 0.77109375 0.7 0.109375 0.371875
1 0.7453125 0.49375 0.06875 0.059375
0 0.81796875 0.740625 0.03125 0.1109375
0 0.9078125 0.78671875 0.0203125 0.0328125
0 0.9265625 0.79921875 0.0203125 0.0625
0 0.96328125 0.8078125 0.0390625 0.0578125
0 0.8515625 0.840625 0.075 0.10625
1 0.75625 0.91484375 0.13125 0.071875
1 0.8 0.95390625 0.20625 0.0515625
1 0.80078125 0.5171875 0.053125 0.1171875
1 0.953125 0.52421875 0.075 0.1671875
0 0.89765625 0.53359375 0.0734375 0.1734375
1 0.85 0.55625 0.0703125 0.2046875
0 0.4640625 0.79375 0.1015625 0.121875
0 0.2984375 0.94140625 0.078125 0.1171875
0 0.1578125 0.965625 0.10625 0.06875
1 0.2046875 0.70390625 0.38125 0.2109375
1 0.57265625 0.671875 0.1 0.215625