0 0.8453125 0.30859375 0.1015625 0.1859375
0 0.9734375 0.39921875 0.053125 0.1984375
0 0.9015625 0.40546875 0.05625 0.16875
0 0.67109375 0.41171875 0.0984375 0.175
0 0.809375 0.47265625 0.0921875 0.1375
1 0.80859375 0.05234375 0.1953125 0.0703125
0 0.55859375 0.503125 0.1375 0.14375
0 0.65625 0.58203125 0.0640625 0.1390625
1 0.1234375 0.23671875 0.228125 0.4265625
0 0.25546875 0.3546875 0.10625 0.26875
0 0.1203125 0.53046875 0.1578125 0.1875
0 0.27578125 0.5625 0.1765625 0.1515625
0 0.58359375 0.8078125 0.175 0.3078125