0 0.14140625 0.3703125 0.2828125 0.275
1 0.3484375 0.11640625 0.3125 0.2328125
0 0.65625 0.11953125 0.41875 0.2390625
0 0.17734375 0.6921875 0.3546875 0.484375
0 0.74296875 0.3203125 0.11875 0.1484375
1 0.6625 0.3578125 0.203125 0.29375
0 0.58984375 0.40078125 0.0 0.1328125
0 0.565625 0.48984375 0.075 0.1046875
1 0.6984375 0.23125 0.0828125 0.0859375
0 0.83984375 0.51171875 0.15625 0.1796875
0 0.50546875 0.321875 0.0671875 0.0921875
1 0.55 0.3046875 0.0875 0.103125
0 0.6546875 0.7 0.090625 0.1140625
1 0.98671875 0.58125 0.0265625 0.125
0 0.94375 0.71171875 0.0984375 0.1171875
0 0.9015625 0.78203125 0.0828125 0.121875
0 0.7265625 0.91328125 0.0625 0.0734375