0 0.2015625 0.4171875 0.378125 0.69375
0 0.56640625 0.48203125 0.41875 0.4375
0 0.23984375 0.89140625 0.0953125 0.125
0 0.125 0.953125 0.028125 0.0375
0 0.19140625 0.92421875 0.0953125 0.1515625
0 0.15546875 0.98515625 0.0609375 0.0296875
0 0.37734375 0.9625 0.0796875 0.075
0 0.278125 0.98671875 0.165625 0.0265625
0 0.2328125 0.8125 0.0828125 0.0625
0 0.9 0.65390625 0.0546875 0.0296875
0 0.85703125 0.67265625 0.0265625 0.0296875
0 0.97578125 0.6390625 0.040625 0.03125
1 0.8203125 0.6921875 0.0671875 0.0578125
1 0.91484375 0.60234375 0.1703125 0.1296875