0 0.2765625 0.1953125 0.09375 0.1984375
1 0.35703125 0.0203125 0.0703125 0.028125
1 0.0 0.25859375 0.0828125 0.2046875
0 0.1796875 0.359375 0.103125 0.415625
1 0.08359375 0.45625 0.15 0.2
0 0.4859375 0.478125 0.46875 0.315625
1 0.22734375 0.059375 0.1046875 0.0890625
0 0.07265625 0.56796875 0.0796875 0.0390625
1 0.1109375 0.61484375 0.2125 0.0796875
1 0.1046875 0.0921875 0.1140625 0.1375
0 0.88984375 0.14140625 0.171875 0.1875
0 0.36171875 0.9703125 0.4265625 0.059375
0 0.99296875 0.7734375 0.0140625 0.046875
1 0.8078125 0.66875 0.1734375 0.15
1 0.94140625 0.66875 0.1171875 0.165625