0 0.21875 0.165625 0.040625 0.1
1 0.38203125 0.16640625 0.284375 0.0890625
0 0.5421875 0.190625 0.0203125 0.1125
1 0.040625 0.2265625 0.08125 0.2515625
0 0.140625 0.2265625 0.1140625 0.25
0 0.34609375 0.26484375 0.171875 0.0984375
0 0.4796875 0.2859375 0.09375 0.0640625
0 0.3546875 0.353125 0.0328125 0.03125
0 0.21484375 0.3734375 0.0421875 0.0890625
1 0.1234375 0.390625 0.040625 0.0765625
0 0.06640625 0.39453125 0.0703125 0.08125
0 0.121875 0.4515625 0.04375 0.0453125
1 0.2828125 0.05 0.565625 0.1
0 0.93359375 0.2046875 0.13125 0.409375
0 0.24296875 0.7515625 0.1296875 0.11875
0 0.08828125 0.7828125 0.090625 0.1984375
0 0.18828125 0.84765625 0.04375 0.06875
0 0.12734375 0.91484375 0.140625 0.0625
1 0.0796875 0.6328125 0.0875 0.1015625
1 0.2421875 0.65390625 0.0625 0.0796875
0 0.75703125 0.58125 0.38125 0.0625