0 0.3171875 0.296875 0.3328125 0.3671875
0 0.9875 0.39921875 0.025 0.1140625
1 0.796875 0.3484375 0.315625 0.4375
0 0.91640625 0.53828125 0.1671875 0.2359375
0 0.81171875 0.4796875 0.1609375 0.20625
0 0.8890625 0.6953125 0.0921875 0.0984375
0 0.76640625 0.66796875 0.0390625 0.0453125
0 0.846875 0.79453125 0.0609375 0.071875
1 0.90234375 0.3265625 0.1953125 0.3
0 0.09453125 0.77890625 0.1453125 0.1109375
0 0.2546875 0.871875 0.0546875 0.0453125
1 0.715625 0.98671875 0.121875 0.0265625
1 0.60078125 0.95625 0.1203125 0.0875
0 0.54609375 0.98828125 0.0734375 0.0234375
0 0.47265625 0.975 0.0609375 0.05
1 0.5140625 0.8953125 0.153125 0.140625