0 0.12890625 0.446875 0.08125 0.109375
0 0.09921875 0.53515625 0.0703125 0.0984375
0 0.225 0.578125 0.1140625 0.1484375
0 0.18125 0.678125 0.109375 0.1234375
0 0.10625 0.75703125 0.078125 0.084375
1 0.246875 0.31953125 0.2359375 0.234375
1 0.0609375 0.46484375 0.121875 0.1859375
0 0.17421875 0.40859375 0.0828125 0.11875
0 0.48515625 0.26015625 0.3 0.5015625
0 0.23203125 0.8765625 0.225 0.2171875
0 0.43046875 0.87890625 0.2578125 0.2421875
0 0.32265625 0.95 0.2453125 0.1
1 0.8671875 0.53515625 0.1421875 0.1609375
0 0.7765625 0.6234375 0.446875 0.44375