1 0.48828125 0.14921875 0.225 0.165625
0 0.3484375 0.190625 0.115625 0.13125
1 0.790625 0.11640625 0.26875 0.2328125
1 0.65546875 0.2015625 0.16875 0.315625
1 0.2921875 0.3359375 0.196875 0.1484375
0 0.178125 0.38203125 0.0 0.128125
0 0.51640625 0.3 0.2765625 0.2484375
0 0.3953125 0.4265625 0.090625 0.1125
0 0.30859375 0.4515625 0.140625 0.1515625
1 0.6703125 0.39765625 0.2125 0.1328125
1 0.4828125 0.09765625 0.778125 0.1953125
0 0.090625 0.1453125 0.0546875 0.096875
0 0.05859375 0.49921875 0.1171875 0.2546875
1 0.55625 0.56796875 0.1640625 0.2078125
1 0.9140625 0.4625 0.171875 0.221875
1 0.77734375 0.675 0.384375 0.5609375
0 0.66484375 0.9234375 0.1359375 0.1234375