0 0.0515625 0.196875 0.103125 0.178125
1 0.5515625 0.1359375 0.590625 0.271875
0 0.25 0.84609375 0.0734375 0.178125
0 0.15234375 0.91171875 0.034375 0.0890625
1 0.0375 0.41640625 0.075 0.1546875
0 0.10703125 0.4859375 0.175 0.3296875
1 0.059375 0.5875 0.11875 0.23125
1 0.20078125 0.59296875 0.1078125 0.2234375
1 0.08671875 0.7703125 0.1015625 0.1640625
0 0.1484375 0.7734375 0.10625 0.1859375
0 0.27421875 0.76953125 0.075 0.1859375
0 0.48984375 0.48203125 0.13125 0.3109375
0 0.87109375 0.4234375 0.1484375 0.3328125
0 0.46875 0.58203125 0.1046875 0.2
0 0.803125 0.553125 0.1140625 0.2
0 0.75234375 0.61875 0.0828125 0.1171875
0 0.63203125 0.6515625 0.1390625 0.2015625