0 0.2609375 0.4234375 0.1046875 0.2
0 0.8234375 0.13984375 0.30625 0.2796875
0 0.35078125 0.0546875 0.1328125 0.0953125
0 0.17265625 0.75859375 0.0203125 0.0515625
1 0.13203125 0.78359375 0.028125 0.1
0 0.2375 0.7734375 0.0265625 0.0671875
1 0.271875 0.77109375 0.0265625 0.034375
1 0.20625 0.790625 0.05625 0.1125
0 0.1109375 0.81640625 0.04375 0.096875
0 0.16953125 0.85078125 0.0546875 0.134375
1 0.296875 0.84296875 0.0296875 0.1171875
0 0.2703125 0.8578125 0.0515625 0.1421875
0 0.2328125 0.87265625 0.040625 0.059375
0 0.14140625 0.884375 0.0171875 0.025
0 0.19453125 0.940625 0.05 0.0546875
0 0.1453125 0.6546875 0.040625 0.065625
0 0.22890625 0.9703125 0.0390625 0.059375
0 0.153125 0.9828125 0.025 0.034375
0 0.321875 0.9703125 0.046875 0.059375
0 0.2859375 0.98515625 0.03125 0.0296875
0 0.1890625 0.99296875 0.03125 0.0140625
0 0.19140625 0.70078125 0.059375 0.0796875
1 0.1484375 0.73515625 0.0359375 0.10625
0 0.6578125 0.828125 0.634375 0.34375