0 0.09296875 0.5140625 0.1859375 0.1875
0 0.078125 0.675 0.1125 0.1609375
1 0.17734375 0.34140625 0.3546875 0.3171875
0 0.5296875 0.08671875 0.05 0.06875
1 0.64296875 0.0921875 0.2265625 0.184375
1 0.6359375 0.0296875 0.334375 0.059375
1 0.4625 0.0703125 0.128125 0.140625
0 0.384375 0.8421875 0.496875 0.315625
0 0.96953125 0.65859375 0.0609375 0.1046875
0 0.640625 0.8375 0.153125 0.13125
0 0.87421875 0.78671875 0.0453125 0.034375
0 0.78046875 0.8296875 0.0296875 0.028125
0 0.68671875 0.94140625 0.040625 0.034375