0 0.56171875 0.10625 0.2078125 0.2125
0 0.48828125 0.1625 0.065625 0.0859375
0 0.81484375 0.11953125 0.0890625 0.1140625
0 0.46328125 0.2578125 0.1484375 0.121875
0 0.621875 0.2140625 0.0609375 0.084375
1 0.39765625 0.08125 0.2296875 0.1625
1 0.01171875 0.3015625 0.0234375 0.1125
1 0.03359375 0.29765625 0.0671875 0.1171875
0 0.02421875 0.3609375 0.0359375 0.053125
1 0.0265625 0.409375 0.053125 0.134375
0 0.0921875 0.4078125 0.1140625 0.1546875
1 0.83984375 0.6265625 0.3203125 0.384375
0 0.659375 0.65625 0.2390625 0.34375
0 0.24609375 0.940625 0.2265625 0.11875