0 0.15 0.203125 0.2453125 0.2375
0 0.0703125 0.35703125 0.090625 0.1203125
0 0.1265625 0.4625 0.0734375 0.1375
0 0.33046875 0.38828125 0.1203125 0.134375
0 0.240625 0.43828125 0.103125 0.175
0 0.1 0.45703125 0.0609375 0.109375
0 0.61875 0.1953125 0.396875 0.390625
0 0.1453125 0.85390625 0.184375 0.2921875
0 0.646875 0.6109375 0.121875 0.171875
0 0.60546875 0.69140625 0.0515625 0.071875
0 0.54296875 0.71640625 0.0421875 0.0703125
0 0.8875 0.61015625 0.1421875 0.221875
0 0.8328125 0.66875 0.1296875 0.2078125
0 0.5828125 0.815625 0.075 0.146875
0 0.64296875 0.7984375 0.090625 0.140625
1 0.83515625 0.47578125 0.09375 0.0984375
1 0.7796875 0.53125 0.1015625 0.1171875