0 0.89609375 0.3140625 0.2078125 0.209375
0 0.75078125 0.2734375 0.1234375 0.2453125
0 0.65234375 0.321875 0.1765625 0.26875
0 0.83671875 0.415625 0.2171875 0.134375
1 0.7796875 0.1109375 0.1234375 0.1140625
1 0.91953125 0.18203125 0.1609375 0.1734375
0 0.4953125 0.24453125 0.25 0.4890625
1 0.80859375 0.68671875 0.2609375 0.225
1 0.47890625 0.53828125 0.075 0.0921875
0 0.55625 0.68046875 0.2671875 0.340625
0 0.4359375 0.66875 0.109375 0.1984375
1 0.05234375 0.47578125 0.1046875 0.2609375
0 0.2921875 0.54296875 0.078125 0.1734375
1 0.253125 0.54453125 0.1046875 0.203125
0 0.12109375 0.5984375 0.225 0.2421875
1 0.0125 0.64609375 0.025 0.1046875
1 0.32421875 0.45390625 0.140625 0.0625
0 0.1 0.459375 0.1171875 0.1296875
1 0.12421875 0.4359375 0.10625 0.128125
0 0.3390625 0.4921875 0.0421875 0.0515625