1 0.49453125 0.07109375 0.3546875 0.1421875
0 0.68359375 0.0984375 0.10625 0.1375
1 0.42578125 0.125 0.1484375 0.1296875
0 0.5703125 0.225 0.259375 0.253125
0 0.42421875 0.2265625 0.0953125 0.115625
0 0.2640625 0.190625 0.275 0.1890625
0 0.4890625 0.3609375 0.31875 0.246875
0 0.409375 0.46015625 0.18125 0.1109375
1 0.53125 0.5109375 0.1171875 0.08125
1 0.04375 0.36953125 0.0875 0.2203125
1 0.1953125 0.44765625 0.25 0.1734375
0 0.7859375 0.26328125 0.0421875 0.078125
0 0.89140625 0.484375 0.034375 0.05625
0 0.928125 0.59375 0.01875 0.0390625
0 0.6 0.5875 0.034375 0.06875
0 0.6265625 0.6390625 0.078125 0.1640625
0 0.55703125 0.69296875 0.0703125 0.0734375
0 0.77890625 0.79765625 0.0640625 0.125
0 0.8140625 0.82890625 0.0640625 0.0796875
0 0.871875 0.85234375 0.096875 0.103125
0 0.64453125 0.78828125 0.0390625 0.0515625
0 0.72265625 0.8171875 0.0375 0.0609375
0 0.55703125 0.771875 0.0578125 0.053125
0 0.1421875 0.8015625 0.2546875 0.1546875
0 0.1328125 0.88203125 0.1640625 0.0796875
0 0.76328125 0.9765625 0.1921875 0.046875