1 0.01796875 0.2875 0.0359375 0.084375
1 0.03125 0.34375 0.0625 0.09375
1 0.05 0.40078125 0.0 0.1171875
1 0.06953125 0.50078125 0.084375 0.1203125
0 0.0515625 0.51640625 0.0859375 0.128125
0 0.05703125 0.56171875 0.0359375 0.05
0 0.50390625 0.05234375 0.1515625 0.1046875
1 0.359375 0.16640625 0.2640625 0.2140625
0 0.4375 0.22421875 0.2109375 0.1625
1 0.45 0.01953125 0.1125 0.0390625
1 0.31875 0.08515625 0.2375 0.1703125
0 0.1828125 0.76015625 0.1671875 0.178125
0 0.6875 0.678125 0.5171875 0.590625