0 0.78203125 0.21953125 0.421875 0.378125
0 0.61875 0.30703125 0.1421875 0.1265625
1 0.22265625 0.0796875 0.1546875 0.159375
0 0.2890625 0.20625 0.2609375 0.290625
0 0.384375 0.32890625 0.0921875 0.109375
0 0.46875 0.384375 0.046875 0.0578125
1 0.41640625 0.1109375 0.2875 0.221875
1 0.7203125 0.8390625 0.3625 0.321875
0 0.56953125 0.85 0.146875 0.1796875
1 0.31875 0.60625 0.175 0.2390625
0 0.22421875 0.62265625 0.103125 0.090625
0 0.25234375 0.759375 0.040625 0.0515625
0 0.21953125 0.74140625 0.0578125 0.0796875
0 0.18515625 0.72421875 0.0734375 0.103125
0 0.05078125 0.659375 0.1015625 0.221875
1 0.11328125 0.38828125 0.2234375 0.1671875
1 0.2921875 0.53203125 0.228125 0.2109375