1 0.14609375 0.10859375 0.1515625 0.14375
1 0.03515625 0.15546875 0.0703125 0.1953125
0 0.0734375 0.2671875 0.05625 0.0921875
1 0.6171875 0.1234375 0.23125 0.246875
1 0.83046875 0.12890625 0.2109375 0.2578125
0 0.6046875 0.25546875 0.0296875 0.0421875
0 0.6421875 0.26171875 0.034375 0.0453125
0 0.7578125 0.290625 0.0375 0.0625
0 0.63515625 0.34140625 0.11875 0.0953125
0 0.81640625 0.32578125 0.046875 0.04375
0 0.5640625 0.41875 0.040625 0.0828125
0 0.70234375 0.4 0.0453125 0.0734375
0 0.25390625 0.7640625 0.3734375 0.471875
0 0.965625 0.81953125 0.05 0.053125
0 0.81953125 0.8578125 0.0453125 0.053125