0 0.2953125 0.0765625 0.446875 0.153125
0 0.79921875 0.03125 0.1046875 0.0625
0 0.1984375 0.60078125 0.203125 0.19375
0 0.41015625 0.540625 0.271875 0.2328125
0 0.57421875 0.4171875 0.14375 0.31875
0 0.3296875 0.7296875 0.3484375 0.1953125
0 0.63046875 0.67109375 0.0953125 0.1328125
0 0.6765625 0.85 0.059375 0.0546875
0 0.46015625 0.93828125 0.0765625 0.0578125
0 0.35546875 0.96875 0.0890625 0.0625
0 0.1203125 0.978125 0.075 0.04375
0 0.071875 0.75 0.0828125 0.1109375
0 0.55078125 0.8109375 0.084375 0.090625
0 0.63125 0.76015625 0.11875 0.0984375
0 0.8265625 0.7578125 0.2515625 0.25
0 0.97109375 0.7828125 0.0578125 0.153125