0 0.759375 0.228125 0.0796875 0.1203125
1 0.93359375 0.36796875 0.1328125 0.4765625
0 0.72578125 0.40078125 0.159375 0.253125
0 0.875 0.45078125 0.1453125 0.2171875
0 0.6234375 0.53203125 0.096875 0.1
0 0.753125 0.6125 0.0375 0.046875
0 0.5765625 0.6328125 0.0578125 0.075
1 0.89296875 0.25078125 0.2140625 0.3203125
0 0.34609375 0.225 0.3765625 0.45
0 0.49375 0.25703125 0.1734375 0.334375
0 0.79765625 0.9359375 0.1453125 0.128125
1 0.1015625 0.74921875 0.203125 0.2546875
0 0.1859375 0.77578125 0.0421875 0.065625
1 0.24140625 0.8125 0.13125 0.171875
0 0.234375 0.921875 0.0390625 0.0453125
1 0.2859375 0.9265625 0.0765625 0.075
1 0.02421875 0.8515625 0.0484375 0.059375
0 0.0671875 0.875 0.0578125 0.0421875