0 0.93125 0.15390625 0.090625 0.3078125
0 0.15078125 0.38828125 0.05625 0.15
0 0.2625 0.4265625 0.0734375 0.1171875
0 0.37734375 0.4609375 0.053125 0.0453125
1 0.0125 0.1515625 0.025 0.175
1 0.20546875 0.13984375 0.3234375 0.1890625
0 0.04609375 0.2375 0.0515625 0.125
0 0.1328125 0.25859375 0.0875 0.071875
0 0.7953125 0.82578125 0.1421875 0.1796875
0 0.1984375 0.79765625 0.09375 0.096875
1 0.1109375 0.8109375 0.1015625 0.1015625
1 0.16875 0.8640625 0.225 0.0609375
1 0.31875 0.86640625 0.0765625 0.0671875
0 0.403125 0.8546875 0.1078125 0.0734375
1 0.2609375 0.89765625 0.059375 0.06875
0 0.1859375 0.93203125 0.1203125 0.1234375
0 0.384375 0.9359375 0.1953125 0.1203125
1 0.5296875 0.94921875 0.0984375 0.053125
1 0.17109375 0.70625 0.1265625 0.1171875
1 0.3890625 0.725 0.3359375 0.240625