1 0.18046875 0.2140625 0.3609375 0.365625
0 0.09296875 0.43125 0.1046875 0.13125
1 0.0078125 0.4578125 0.015625 0.128125
1 0.3078125 0.40234375 0.103125 0.15625
0 0.0234375 0.4640625 0.046875 0.0875
0 0.21875 0.4453125 0.1359375 0.140625
0 0.234375 0.559375 0.065625 0.1125
0 0.0984375 0.59375 0.0859375 0.125
0 0.346875 0.56171875 0.10625 0.1953125
0 0.42265625 0.6046875 0.084375 0.1828125
0 0.74609375 0.32734375 0.5078125 0.6546875
0 0.35703125 0.89765625 0.2078125 0.0984375
0 0.7578125 0.7953125 0.103125 0.0796875
0 0.93125 0.7875 0.1375 0.140625