0 0.37421875 0.35859375 0.0953125 0.1375
0 0.20546875 0.46171875 0.084375 0.1234375
0 0.39375 0.54765625 0.0703125 0.0765625
1 0.95546875 0.63515625 0.0890625 0.3046875
0 0.8765625 0.7 0.246875 0.359375
1 0.43984375 0.7125 0.3296875 0.35
1 0.215625 0.82421875 0.31875 0.3515625
0 0.5421875 0.83828125 0.04375 0.0484375
0 0.50546875 0.86640625 0.0484375 0.053125
0 0.403125 0.96328125 0.05625 0.0703125
0 0.55859375 0.93046875 0.153125 0.1296875
0 0.6703125 0.940625 0.05625 0.065625
0 0.5171875 0.98984375 0.059375 0.0203125