0 0.40859375 0.0140625 0.0890625 0.028125
0 0.54453125 0.04609375 0.1015625 0.0921875
1 0.21875 0.01796875 0.209375 0.0359375
1 0.12890625 0.0296875 0.0734375 0.059375
0 0.4578125 0.20390625 0.1453125 0.215625
1 0.1484375 0.15078125 0.16875 0.1984375
0 0.34453125 0.275 0.1015625 0.115625
0 0.81015625 0.146875 0.0984375 0.1453125
1 0.66015625 0.14765625 0.065625 0.1421875
0 0.69296875 0.23125 0.128125 0.290625
1 0.63125 0.2796875 0.0671875 0.1375
0 0.8578125 0.36171875 0.284375 0.2390625
1 0.79453125 0.06484375 0.090625 0.0375
1 0.696875 0.05859375 0.0765625 0.065625
0 0.2375 0.6859375 0.2421875 0.2765625
0 0.61015625 0.50078125 0.13125 0.178125
0 0.8109375 0.66328125 0.328125 0.421875