0 0.2640625 0.2328125 0.41875 0.140625
1 0.04765625 0.2609375 0.0609375 0.16875
1 0.78125 0.1140625 0.1828125 0.178125
1 0.6046875 0.1140625 0.215625 0.228125
1 0.28203125 0.1109375 0.4796875 0.221875
1 0.9125 0.25078125 0.1515625 0.4015625
1 0.909375 0.325 0.1765625 0.5046875
0 0.934375 0.415625 0.13125 0.340625
1 0.2640625 0.765625 0.1046875 0.140625
1 0.4390625 0.8015625 0.0 0.23125
0 0.13203125 0.76953125 0.1921875 0.2078125
0 0.0265625 0.77109375 0.053125 0.1453125
0 0.51484375 0.8625 0.1140625 0.15625
0 0.6734375 0.92890625 0.1 0.1421875
0 0.33125 0.9203125 0.0859375 0.10625
1 0.446875 0.596875 0.378125 0.221875
1 0.125 0.56796875 0.1875 0.221875
0 0.2234375 0.6046875 0.1484375 0.1796875
1 0.70078125 0.73671875 0.2296875 0.3859375
1 0.01796875 0.6890625 0.0359375 0.15625
0 0.3671875 0.75234375 0.1015625 0.1296875
0 0.90703125 0.84375 0.1359375 0.290625
1 0.9015625 0.63359375 0.0453125 0.1234375
1 0.83828125 0.71484375 0.1109375 0.2734375