0 0.07890625 0.0625 0.1578125 0.06875
0 0.2734375 0.06953125 0.153125 0.115625
0 0.17578125 0.11328125 0.0609375 0.0515625
0 0.6234375 0.04921875 0.3375 0.0984375
0 0.296875 0.49921875 0.059375 0.084375
1 0.34765625 0.5109375 0.05625 0.1171875
0 0.0609375 0.62421875 0.115625 0.1609375
0 0.12734375 0.62421875 0.034375 0.0921875
1 0.275 0.69453125 0.0828125 0.215625
0 0.05625 0.74140625 0.0484375 0.084375
1 0.2640625 0.25703125 0.0515625 0.1828125
1 0.13359375 0.35859375 0.2671875 0.3796875
1 0.29609375 0.403125 0.0828125 0.115625
0 0.5875 0.4890625 0.115625 0.1546875
0 0.71640625 0.5828125 0.1609375 0.109375