0 0.0703125 0.409375 0.140625 0.225
1 0.3671875 0.1375 0.2125 0.246875
0 0.165625 0.2296875 0.3125 0.3140625
0 0.4046875 0.30703125 0.0890625 0.115625
1 0.3109375 0.35390625 0.171875 0.15
0 0.184375 0.45078125 0.1265625 0.1953125
0 0.27734375 0.9140625 0.2328125 0.171875
0 0.65078125 0.665625 0.0 0.1296875
1 0.8609375 0.58359375 0.1828125 0.1359375
0 0.74921875 0.64609375 0.1234375 0.13125
1 0.96328125 0.56015625 0.0734375 0.1515625
0 0.86953125 0.64375 0.1421875 0.090625
1 0.9515625 0.61640625 0.0484375 0.0609375
0 0.55859375 0.78828125 0.2515625 0.3765625
1 0.98671875 0.65234375 0.0265625 0.0734375
0 0.934375 0.69140625 0.04375 0.05625
0 0.4546875 0.88359375 0.228125 0.2328125
1 0.4703125 0.57890625 0.1515625 0.1359375
1 0.58671875 0.55390625 0.15 0.1703125
1 0.80234375 0.471875 0.3953125 0.3
1 0.34765625 0.6703125 0.2234375 0.221875