0 0.475 0.13984375 0.39375 0.2796875
0 0.84609375 0.26875 0.078125 0.1078125
0 0.940625 0.4046875 0.11875 0.153125
0 0.78203125 0.36171875 0.0421875 0.0671875
1 0.9265625 0.25859375 0.146875 0.2171875
0 0.24609375 0.690625 0.4921875 0.49375
0 0.66484375 0.7796875 0.0375 0.0640625
1 0.74609375 0.83671875 0.3171875 0.3265625
1 0.5890625 0.815625 0.2234375 0.3671875
0 0.63125 0.8375 0.0390625 0.065625
0 0.60078125 0.890625 0.034375 0.053125
1 0.6015625 0.92109375 0.059375 0.103125
0 0.5640625 0.95546875 0.0625 0.0890625
1 0.63828125 0.99140625 0.0796875 0.0171875
0 0.7046875 0.71171875 0.05 0.0859375
1 0.67578125 0.734375 0.0859375 0.1484375