0 0.87578125 0.26875 0.1109375 0.078125
0 0.56796875 0.29375 0.2078125 0.1515625
1 0.61953125 0.63671875 0.1234375 0.2984375
0 0.73828125 0.7859375 0.2046875 0.31875
0 0.5984375 0.83671875 0.103125 0.1125
1 0.5859375 0.9421875 0.10625 0.115625
0 0.76796875 0.96953125 0.1015625 0.0609375
0 0.7078125 0.56484375 0.0765625 0.1359375
1 0.77890625 0.5765625 0.0859375 0.1453125
0 0.09609375 0.61171875 0.1875 0.3640625
0 0.1640625 0.74921875 0.01875 0.053125
1 0.00390625 0.746875 0.0078125 0.0625
1 0.15078125 0.81875 0.0390625 0.0578125
0 0.0875 0.81171875 0.096875 0.0609375
1 0.021875 0.8296875 0.04375 0.103125
1 0.09375 0.86875 0.121875 0.0703125