1 0.10703125 0.3296875 0.0609375 0.0796875
0 0.14453125 0.321875 0.040625 0.065625
1 0.1875 0.321875 0.071875 0.0984375
0 0.23515625 0.3234375 0.0421875 0.040625
0 0.19453125 0.359375 0.03125 0.0359375
1 0.16015625 0.3734375 0.05625 0.05625
0 0.10546875 0.39375 0.075 0.06875
1 0.1453125 0.175 0.225 0.25
0 0.80859375 0.11953125 0.1203125 0.0828125
0 0.2125 0.76484375 0.40625 0.4703125
0 0.496875 0.6859375 0.078125 0.1953125
1 0.46015625 0.75 0.1296875 0.3390625
0 0.5609375 0.7515625 0.1171875 0.290625
1 0.4046875 0.796875 0.1015625 0.1921875
0 0.68046875 0.77734375 0.040625 0.0625
1 0.53125 0.846875 0.0640625 0.140625
0 0.64453125 0.85625 0.0640625 0.05625
0 0.696875 0.86171875 0.0453125 0.0359375
1 0.42265625 0.52578125 0.1125 0.134375