0 0.39765625 0.315625 0.38125 0.434375
0 0.80234375 0.325 0.065625 0.1046875
0 0.7296875 0.32578125 0.0390625 0.0640625
0 0.88984375 0.33984375 0.053125 0.1328125
0 0.696875 0.46953125 0.0484375 0.1015625
1 0.7734375 0.2171875 0.2921875 0.1125
1 0.95703125 0.26875 0.0859375 0.165625
0 0.50859375 0.74609375 0.0421875 0.0546875
0 0.40078125 0.8 0.0609375 0.0734375
0 0.50390625 0.8078125 0.0671875 0.059375
0 0.32421875 0.83125 0.0734375 0.1421875
1 0.55234375 0.846875 0.0484375 0.2140625
1 0.26640625 0.85 0.0703125 0.234375
0 0.415625 0.8703125 0.071875 0.0703125
1 0.40703125 0.68203125 0.340625 0.1140625
0 0.80078125 0.81640625 0.1828125 0.3671875