0 0.984375 0.27421875 0.0171875 0.05
0 0.8453125 0.33828125 0.015625 0.0703125
0 0.87109375 0.39296875 0.015625 0.0734375
0 0.903125 0.39609375 0.021875 0.0578125
0 0.78828125 0.4140625 0.0484375 0.0671875
0 0.7375 0.471875 0.0484375 0.178125
0 0.78203125 0.553125 0.0421875 0.071875
0 0.83359375 0.603125 0.059375 0.0625
0 0.99609375 0.5984375 0.0078125 0.059375
0 0.934375 0.609375 0.015625 0.0375
0 0.22109375 0.26484375 0.4265625 0.3921875
0 0.76015625 0.89296875 0.0671875 0.1796875
1 0.9453125 0.90078125 0.109375 0.1703125
0 0.8453125 0.95703125 0.103125 0.065625
0 0.68984375 0.96484375 0.08125 0.0375
1 0.84140625 0.86796875 0.10625 0.1203125
1 0.4859375 0.853125 0.184375 0.184375
0 0.3328125 0.8953125 0.053125 0.03125
1 0.1890625 0.9 0.1640625 0.0921875
0 0.3859375 0.90546875 0.05 0.075
0 0.31171875 0.92421875 0.0578125 0.0296875
1 0.41328125 0.9640625 0.1203125 0.071875
1 0.23515625 0.81328125 0.14375 0.0890625
1 0.3515625 0.82734375 0.0921875 0.1234375