1 0.371875 0.08046875 0.075 0.1609375
0 0.496875 0.153125 0.265625 0.30625
0 0.70859375 0.05625 0.0703125 0.0671875
0 0.67265625 0.0234375 0.0203125 0.00625
0 0.76796875 0.11015625 0.0921875 0.153125
0 0.82734375 0.159375 0.059375 0.075
0 0.8734375 0.21875 0.084375 0.1796875
0 0.91015625 0.2375 0.03125 0.084375
1 0.865625 0.08984375 0.125 0.090625
1 0.95390625 0.1328125 0.0921875 0.14375
0 0.284375 0.721875 0.1234375 0.184375
0 0.403125 0.52109375 0.3578125 0.1921875
0 0.8453125 0.5671875 0.225 0.23125