0 0.8609375 0.221875 0.26875 0.2609375
0 0.934375 0.39140625 0.103125 0.1296875
0 0.8671875 0.5 0.0875 0.1453125
0 0.6546875 0.40546875 0.1328125 0.146875
0 0.746875 0.46640625 0.1203125 0.1859375
0 0.7890625 0.4890625 0.071875 0.115625
0 0.3625 0.1953125 0.44375 0.390625
0 0.8109375 0.88046875 0.209375 0.2390625
0 0.29921875 0.6203125 0.1375 0.184375
0 0.3390625 0.70859375 0.0578125 0.0765625
0 0.40234375 0.740625 0.0484375 0.075
0 0.0625 0.6 0.125 0.2375
0 0.096875 0.66796875 0.15 0.221875
0 0.353125 0.84375 0.090625 0.15625
0 0.290625 0.8203125 0.1046875 0.15
1 0.10859375 0.46171875 0.1046875 0.1078125
1 0.1640625 0.525 0.1140625 0.1265625