0 0.18671875 0.128125 0.190625 0.2296875
0 0.865625 0.3140625 0.26875 0.346875
1 0.06015625 0.428125 0.1203125 0.225
1 0.1296875 0.53984375 0.190625 0.1484375
0 0.18671875 0.63203125 0.0265625 0.03125
1 0.08359375 0.59296875 0.096875 0.0796875
0 0.134375 0.63828125 0.0640625 0.0640625
1 0.02734375 0.57109375 0.0546875 0.1390625
0 0.04921875 0.6515625 0.0984375 0.109375
0 0.0140625 0.684375 0.028125 0.065625
1 0.11796875 0.421875 0.0 0.134375
0 0.4859375 0.88828125 0.203125 0.2234375
0 0.2953125 0.8078125 0.2078125 0.234375