0 0.16796875 0.28828125 0.3359375 0.4578125
1 0.48359375 0.240625 0.23125 0.221875
0 0.68359375 0.240625 0.221875 0.18125
0 0.71875 0.3796875 0.1125 0.075
0 0.596875 0.41875 0.0984375 0.0671875
0 0.45 0.47265625 0.0734375 0.040625
0 0.21875 0.7953125 0.275 0.409375
0 0.82421875 0.5609375 0.0484375 0.0859375
1 0.75703125 0.5828125 0.1796875 0.359375
1 0.84609375 0.55625 0.0421875 0.084375
1 0.58203125 0.6484375 0.3921875 0.4453125
1 0.90234375 0.54609375 0.1953125 0.4265625
0 0.8625 0.64453125 0.0546875 0.1015625
0 0.76171875 0.4265625 0.0328125 0.0578125
1 0.7921875 0.4171875 0.0578125 0.065625
1 0.84140625 0.67421875 0.06875 0.146875
0 0.89453125 0.7375 0.0609375 0.1015625
1 0.721875 0.8234375 0.14375 0.0765625
0 0.7875 0.4890625 0.04375 0.0796875
1 0.815625 0.48046875 0.0578125 0.0828125