0 0.209375 0.246875 0.175 0.221875
0 0.32109375 0.3609375 0.1734375 0.19375
1 0.334375 0.496875 0.35 0.1515625
0 0.4421875 0.61796875 0.0984375 0.090625
1 0.08125 0.525 0.1625 0.31875
0 0.2453125 0.61640625 0.359375 0.3421875
0 0.290625 0.82890625 0.1515625 0.225
1 0.08046875 0.75390625 0.1609375 0.2515625
0 0.1875 0.8234375 0.1671875 0.2
0 0.7078125 0.78984375 0.1953125 0.1015625
0 0.503125 0.71953125 0.05625 0.065625
0 0.50546875 0.7734375 0.040625 0.078125
1 0.64375 0.83671875 0.140625 0.1125
1 0.74375 0.9015625 0.115625 0.0734375
0 0.68203125 0.934375 0.2484375 0.13125
1 0.8140625 0.971875 0.0875 0.05625
1 0.65390625 0.6796875 0.3734375 0.25