0 0.7921875 0.23359375 0.2328125 0.2078125
0 0.890625 0.37109375 0.153125 0.153125
0 0.7796875 0.4203125 0.0921875 0.096875
0 0.67265625 0.46484375 0.06875 0.0671875
1 0.5984375 0.20234375 0.2234375 0.25625
1 0.090625 0.471875 0.18125 0.215625
0 0.2328125 0.41015625 0.2078125 0.18125
0 0.46953125 0.48671875 0.153125 0.1796875
1 0.3734375 0.26953125 0.2984375 0.26875
0 0.87578125 0.7078125 0.2484375 0.359375
0 0.70546875 0.70625 0.0484375 0.0703125
0 0.41640625 0.9078125 0.0640625 0.096875
0 0.496875 0.95234375 0.065625 0.0953125
0 0.5734375 0.93125 0.075 0.0890625