0 0.35234375 0.26796875 0.4828125 0.265625
0 0.80078125 0.1765625 0.01875 0.0921875
0 0.9625 0.1984375 0.075 0.378125
0 0.74765625 0.2140625 0.0375 0.08125
0 0.8 0.36484375 0.0375 0.23125
0 0.75234375 0.3703125 0.0375 0.228125
0 0.84453125 0.09375 0.0515625 0.1875
1 0.94453125 0.78828125 0.109375 0.228125
0 0.6625 0.803125 0.025 0.140625
0 0.68359375 0.8125 0.0125 0.1
0 0.725 0.81328125 0.0296875 0.140625
0 0.6265625 0.83359375 0.015625 0.153125
0 0.84296875 0.8375 0.134375 0.325
1 0.759375 0.88828125 0.028125 0.1640625
1 0.9234375 0.959375 0.025 0.08125
0 0.98828125 0.93828125 0.021875 0.1234375
0 0.9515625 0.98515625 0.015625 0.0296875