0 0.24296875 0.190625 0.3984375 0.38125
0 0.828125 0.16484375 0.0703125 0.0796875
1 0.88671875 0.2171875 0.1140625 0.1484375
0 0.828125 0.2328125 0.0640625 0.0765625
1 0.9296875 0.30859375 0.140625 0.2828125
1 0.67265625 0.20859375 0.3 0.3125
0 0.840625 0.31796875 0.0 0.1046875
1 0.7828125 0.3171875 0.1015625 0.1375
0 0.86015625 0.40546875 0.08125 0.0828125
1 0.93515625 0.50859375 0.1296875 0.2140625
0 0.8671875 0.4859375 0.0921875 0.09375
1 0.6640625 0.4078125 0.38125 0.2546875
0 0.8390625 0.55390625 0.0890625 0.0953125
0 0.20546875 0.3890625 0.184375 0.11875
0 0.6375 0.70234375 0.3828125 0.3984375
0 0.44921875 0.75078125 0.040625 0.0515625
1 0.73828125 0.88359375 0.0546875 0.0640625
1 0.4375 0.8140625 0.075 0.06875
0 0.54765625 0.85859375 0.178125 0.10625
1 0.675 0.93515625 0.14375 0.1265625
1 0.5078125 0.896875 0.2234375 0.1296875