1 0.80546875 0.18515625 0.0859375 0.190625
0 0.896875 0.21875 0.0 0.2625
0 0.96875 0.296875 0.059375 0.253125
0 0.79765625 0.35703125 0.11875 0.1546875
0 0.90078125 0.3921875 0.0 0.09375
1 0.8453125 0.04453125 0.29375 0.0890625
0 0.2125 0.2609375 0.3078125 0.5171875
0 0.971875 0.8515625 0.05625 0.28125
0 0.35625 0.83203125 0.315625 0.1296875
0 0.4234375 0.959375 0.196875 0.08125
0 0.22578125 0.97109375 0.1109375 0.0578125
0 0.04453125 0.97890625 0.0734375 0.0421875
1 0.10546875 0.75078125 0.2046875 0.1859375