0 0.4140625 0.36640625 0.0515625 0.1234375
0 0.234375 0.40234375 0.0453125 0.1109375
0 0.37109375 0.5375 0.0484375 0.0609375
1 0.91171875 0.8140625 0.1765625 0.2625
0 0.7703125 0.8375 0.20625 0.3015625
1 0.359375 0.6953125 0.2390625 0.2703125
1 0.12578125 0.73203125 0.2109375 0.309375
0 0.4078125 0.83671875 0.03125 0.0390625
0 0.36796875 0.85 0.034375 0.0421875
0 0.24765625 0.9015625 0.0359375 0.0578125
0 0.39296875 0.92265625 0.1265625 0.0859375
0 0.19140625 0.946875 0.0484375 0.040625
0 0.48828125 0.9703125 0.0390625 0.059375
0 0.3328125 0.97734375 0.04375 0.0453125