0 0.65546875 0.03671875 0.1265625 0.0734375
1 0.24921875 0.19921875 0.4984375 0.3984375
0 0.87265625 0.5921875 0.0921875 0.1640625
0 0.98046875 0.5859375 0.0390625 0.08125
1 0.81171875 0.13359375 0.14375 0.1578125
0 0.7765625 0.23984375 0.203125 0.309375
1 0.88984375 0.28046875 0.18125 0.23125
1 0.76640625 0.37421875 0.1296875 0.209375
1 0.94765625 0.4359375 0.1046875 0.16875
0 0.9078125 0.48046875 0.121875 0.1765625
0 0.8109375 0.5484375 0.0953125 0.1703125
0 0.48671875 0.4546875 0.1640625 0.2875
0 0.165625 0.6265625 0.1828125 0.3078125
0 0.55859375 0.51796875 0.121875 0.1875
0 0.290625 0.68515625 0.1296875 0.1890625
0 0.36640625 0.70625 0.0890625 0.1125
0 0.47578125 0.6625 0.1515625 0.1953125