0 0.52421875 0.2703125 0.1328125 0.3625
1 0.196875 0.27734375 0.375 0.35
0 0.37734375 0.38359375 0.1203125 0.1328125
0 0.60390625 0.44296875 0.1421875 0.084375
0 0.83046875 0.328125 0.3390625 0.590625
0 0.35625 0.753125 0.371875 0.49375
1 0.83515625 0.82421875 0.26875 0.265625
1 0.66796875 0.828125 0.1015625 0.078125
1 0.64609375 0.88203125 0.0515625 0.059375
0 0.6921875 0.89609375 0.0609375 0.071875
0 0.62578125 0.95859375 0.046875 0.0578125
0 0.740625 0.97265625 0.08125 0.0546875
1 0.709375 0.74609375 0.053125 0.115625