0 0.740625 0.22109375 0.0625 0.0984375
1 0.79140625 0.27734375 0.2171875 0.3578125
1 0.71875 0.2140625 0.05625 0.0953125
1 0.87109375 0.3625 0.2578125 0.465625
1 0.6078125 0.2203125 0.3234375 0.4375
0 0.684375 0.3140625 0.071875 0.1171875
1 0.70078125 0.35 0.09375 0.1671875
0 0.6359375 0.41796875 0.0765625 0.1171875
1 0.79296875 0.528125 0.14375 0.096875
0 0.790625 0.14140625 0.0578125 0.0921875
1 0.7640625 0.1296875 0.06875 0.09375
0 0.35390625 0.1734375 0.06875 0.1015625
1 0.30390625 0.05 0.2453125 0.1
1 0.48671875 0.08671875 0.2046875 0.1734375
1 0.46875 0.7984375 0.1046875 0.0875
1 0.63359375 0.890625 0.278125 0.1765625
1 0.43828125 0.82109375 0.29375 0.153125
0 0.4765625 0.87734375 0.096875 0.06875
0 0.58515625 0.9328125 0.1546875 0.0875