0 0.13359375 0.2734375 0.0578125 0.090625
0 0.76328125 0.23671875 0.0375 0.046875
0 0.19921875 0.6640625 0.390625 0.325
0 0.6765625 0.5578125 0.0453125 0.0703125
1 0.59375 0.60390625 0.0640625 0.1359375
0 0.81328125 0.55859375 0.059375 0.0921875
1 0.88671875 0.54375 0.05625 0.053125
1 0.75 0.590625 0.1234375 0.159375
0 0.54921875 0.65390625 0.0953125 0.1375
0 0.675 0.68046875 0.1234375 0.1859375
1 0.94453125 0.63125 0.0703125 0.1578125
0 0.88828125 0.65859375 0.1171875 0.196875
0 0.81171875 0.69140625 0.0859375 0.0875
0 0.61875 0.734375 0.0390625 0.0390625
0 0.73359375 0.79296875 0.10625 0.0828125
0 0.61484375 0.4265625 0.0859375 0.0953125
0 0.80859375 0.83515625 0.084375 0.1125
0 0.653125 0.9 0.0625 0.1265625
0 0.97734375 0.82890625 0.0453125 0.1578125
0 0.93359375 0.8625 0.075 0.11875
0 0.73046875 0.90859375 0.0734375 0.1140625
0 0.71328125 0.475 0.1265625 0.11875
1 0.62578125 0.5328125 0.08125 0.1453125