0 0.615625 0.09453125 0.0 0.1578125
0 0.8390625 0.13515625 0.103125 0.13125
0 0.72890625 0.1234375 0.0859375 0.1296875
0 0.96875 0.17109375 0.0625 0.2203125
1 0.9078125 0.21015625 0.0875 0.14375
0 0.315625 0.13984375 0.1359375 0.10625
0 0.1921875 0.13046875 0.096875 0.165625
0 0.23671875 0.20078125 0.0359375 0.040625
0 0.68515625 0.6859375 0.2765625 0.234375
1 0.234375 0.54453125 0.103125 0.35
1 0.290625 0.609375 0.134375 0.4578125
0 0.19375 0.840625 0.0859375 0.2453125
0 0.30625 0.91171875 0.1046875 0.1421875