0 0.17421875 0.34375 0.3484375 0.253125
1 0.03671875 0.4984375 0.0734375 0.178125
1 0.4921875 0.034375 0.178125 0.06875
1 0.3609375 0.0953125 0.221875 0.190625
1 0.16328125 0.2578125 0.3265625 0.378125
1 0.665625 0.08828125 0.23125 0.1765625
1 0.69921875 0.1390625 0.2984375 0.278125
0 0.77734375 0.12734375 0.2515625 0.2546875
1 0.1921875 0.88515625 0.128125 0.146875
1 0.4609375 0.7390625 0.1296875 0.1453125
1 0.6109375 0.6671875 0.15625 0.2125
0 0.36640625 0.81484375 0.21875 0.2265625
0 0.26328125 0.89375 0.1453125 0.15625
0 0.70078125 0.67109375 0.140625 0.1578125
0 0.85859375 0.63515625 0.20625 0.1875
0 0.59765625 0.815625 0.1015625 0.1109375
1 0.50234375 0.5125 0.3671875 0.3015625
1 0.24921875 0.66953125 0.2203125 0.2359375
0 0.3421875 0.6421875 0.1765625 0.1890625
1 0.76875 0.4734375 0.3109375 0.3765625
1 0.21640625 0.83515625 0.128125 0.1546875
0 0.53046875 0.67109375 0.121875 0.134375
0 0.9390625 0.4375 0.121875 0.271875
1 0.85859375 0.2859375 0.078125 0.1109375
1 0.85703125 0.38203125 0.1796875 0.2484375