0 0.28984375 0.07578125 0.04375 0.04375
1 0.1765625 0.0828125 0.053125 0.084375
0 0.45625 0.1078125 0.0578125 0.0578125
1 0.54765625 0.11640625 0.0640625 0.03125
1 0.36875 0.11171875 0.1265625 0.0984375
0 0.10703125 0.1015625 0.0953125 0.0859375
0 0.25 0.146875 0.1203125 0.115625
1 0.590625 0.18203125 0.0546875 0.0984375
0 0.51328125 0.184375 0.109375 0.121875
0 0.4109375 0.18515625 0.09375 0.053125
0 0.165625 0.16484375 0.04375 0.0234375
0 0.28671875 0.22578125 0.121875 0.0515625
0 0.2546875 0.00703125 0.090625 0.0140625
0 0.3625 0.26875 0.0859375 0.06875
0 0.15546875 0.26875 0.0546875 0.0796875
0 0.61015625 0.3109375 0.1140625 0.0984375
0 0.50625 0.315625 0.071875 0.078125
0 0.246875 0.29453125 0.071875 0.0734375
0 0.36015625 0.03671875 0.1390625 0.071875
1 0.2375 0.05 0.0765625 0.090625
0 0.0640625 0.63515625 0.128125 0.2046875
1 0.19609375 0.6921875 0.1703125 0.1609375
0 0.19453125 0.859375 0.3890625 0.19375
1 0.14296875 0.43359375 0.2859375 0.2453125
0 0.73046875 0.70234375 0.1078125 0.334375
1 0.821875 0.77734375 0.128125 0.275
0 0.89453125 0.8890625 0.0890625 0.221875