1 0.49765625 0.125 0.1796875 0.25
0 0.16640625 0.059375 0.1453125 0.11875
1 0.3109375 0.20859375 0.325 0.4171875
0 0.1203125 0.2265625 0.184375 0.271875
1 0.82890625 0.20546875 0.3421875 0.3296875
0 0.9015625 0.33125 0.090625 0.053125
0 0.78984375 0.33359375 0.065625 0.0390625
0 0.97109375 0.39296875 0.05 0.071875
0 0.4078125 0.7421875 0.2875 0.3921875
1 0.11796875 0.7625 0.2359375 0.321875
0 0.25 0.84765625 0.1390625 0.13125
1 0.20078125 0.5984375 0.2890625 0.1890625
0 0.79609375 0.77109375 0.3109375 0.296875