0 0.19375 0.278125 0.05625 0.2171875
1 0.3890625 0.265625 0.078125 0.20625
0 0.25625 0.27734375 0.0875 0.1359375
0 0.3171875 0.3109375 0.040625 0.0640625
0 0.34765625 0.309375 0.0265625 0.1078125
0 0.3546875 0.3890625 0.01875 0.0546875
0 0.171875 0.41953125 0.01875 0.0453125
0 0.21875 0.425 0.0203125 0.0640625
0 0.15859375 0.1140625 0.0875 0.1
1 0.2734375 0.1296875 0.14375 0.1578125
1 0.89609375 0.0703125 0.1265625 0.140625
1 0.9671875 0.14765625 0.0375 0.2953125
1 0.63828125 0.15078125 0.4234375 0.3015625
0 0.90859375 0.21875 0.1265625 0.1765625
1 0.61015625 0.3265625 0.24375 0.0796875
0 0.5390625 0.43984375 0.0921875 0.159375
0 0.74140625 0.45546875 0.1125 0.1609375
0 0.8859375 0.45859375 0.1125 0.1578125
1 0.290625 0.803125 0.0671875 0.13125
0 0.36015625 0.82734375 0.0796875 0.0765625
0 0.37890625 0.9828125 0.0203125 0.034375
1 0.13828125 0.78125 0.2515625 0.2078125
0 0.78984375 0.9375 0.0546875 0.0890625
0 0.93046875 0.91640625 0.0609375 0.1125
0 0.5953125 0.97734375 0.040625 0.0359375
0 0.79375 0.7203125 0.4125 0.190625
1 0.55 0.82421875 0.1015625 0.0921875
0 0.57734375 0.89765625 0.075 0.065625
1 0.51640625 0.91328125 0.0578125 0.090625