1 0.4796875 0.05703125 0.384375 0.1140625
0 0.09921875 0.27265625 0.1984375 0.2984375
0 0.81328125 0.50234375 0.3734375 0.5515625
0 0.275 0.46484375 0.0328125 0.03125
0 0.346875 0.425 0.0265625 0.021875
0 0.05546875 0.56328125 0.0296875 0.025
0 0.128125 0.5390625 0.0328125 0.0390625
0 0.32578125 0.459375 0.04375 0.0609375
0 0.028125 0.63125 0.05625 0.1125
0 0.26640625 0.51484375 0.0640625 0.096875
0 0.196875 0.55859375 0.0828125 0.1296875
0 0.11875 0.60625 0.0546875 0.078125
0 0.328125 0.53125 0.0484375 0.0734375
0 0.1015625 0.6703125 0.065625 0.1015625
0 0.26640625 0.62890625 0.0640625 0.0875