1 0.403125 0.25234375 0.14375 0.1109375
0 0.18359375 0.25703125 0.1234375 0.1015625
0 0.29140625 0.2734375 0.09375 0.1328125
0 0.1625 0.4109375 0.1453125 0.1171875
0 0.31171875 0.446875 0.0890625 0.078125
0 0.46171875 0.48125 0.0640625 0.0453125
1 0.19765625 0.146875 0.2921875 0.1234375
1 0.52734375 0.21328125 0.115625 0.1625
0 0.9890625 0.20234375 0.021875 0.0953125
0 0.94453125 0.46796875 0.084375 0.1875
0 0.8296875 0.525 0.0921875 0.1453125
1 0.60234375 0.53359375 0.0890625 0.0609375
1 0.97890625 0.096875 0.0421875 0.13125
0 0.09453125 0.71875 0.1890625 0.365625
0 0.228125 0.70234375 0.1171875 0.3046875
0 0.89375 0.98359375 0.125 0.0328125