0 0.2359375 0.20859375 0.2484375 0.3078125
1 0.6734375 0.13515625 0.146875 0.1265625
0 0.59375 0.16640625 0.0734375 0.125
1 0.7828125 0.1234375 0.0984375 0.146875
1 0.89453125 0.13359375 0.0796875 0.159375
0 0.86875 0.15390625 0.0484375 0.0890625
0 0.74296875 0.21640625 0.0640625 0.103125
0 0.81875 0.24765625 0.0921875 0.1359375
1 0.6484375 0.06171875 0.325 0.1234375
0 0.33125 0.76484375 0.4125 0.4703125
1 0.85859375 0.54609375 0.10625 0.15
1 0.95078125 0.61171875 0.09375 0.1140625
0 0.90703125 0.63671875 0.0453125 0.084375
0 0.88125 0.64765625 0.046875 0.0625