1 0.60703125 0.23125 0.203125 0.2203125
0 0.6546875 0.34140625 0.175 0.3046875
1 0.76015625 0.41953125 0.240625 0.2140625
1 0.890625 0.546875 0.21875 0.29375
0 0.71640625 0.5203125 0.1234375 0.1140625
0 0.77109375 0.56953125 0.065625 0.075
0 0.51953125 0.4625 0.1015625 0.078125
1 0.846875 0.321875 0.30625 0.284375
0 0.33671875 0.13671875 0.0984375 0.1140625
0 0.4 0.17109375 0.0609375 0.0703125
0 0.25390625 0.11171875 0.0984375 0.1328125
0 0.3671875 0.3046875 0.0828125 0.1046875
1 0.40625 0.084375 0.3 0.16875
1 0.22265625 0.0546875 0.1421875 0.109375
0 0.6703125 0.7875 0.5125 0.425
0 0.096875 0.52578125 0.19375 0.2828125
0 0.08046875 0.71171875 0.1609375 0.2828125
1 0.13203125 0.42265625 0.2640625 0.2140625