0 0.153125 0.2125 0.121875 0.240625
0 0.725 0.31328125 0.0875 0.20625
0 0.1625 0.859375 0.28125 0.28125
0 0.56171875 0.9546875 0.0453125 0.0859375
1 0.77109375 0.7109375 0.1625 0.10625
0 0.63671875 0.74296875 0.13125 0.1359375
1 0.509375 0.76171875 0.1453125 0.1453125
0 0.93828125 0.75703125 0.0390625 0.05
0 0.6203125 0.83515625 0.025 0.0453125
0 0.578125 0.86328125 0.0296875 0.05
0 0.8796875 0.84140625 0.065625 0.046875
0 0.76484375 0.859375 0.0671875 0.0515625
0 0.69453125 0.9015625 0.059375 0.11875
0 0.9171875 0.88203125 0.06875 0.0625
0 0.8109375 0.9015625 0.053125 0.0859375
0 0.6234375 0.92890625 0.034375 0.034375