0 0.49296875 0.1140625 0.3796875 0.228125
0 0.0171875 0.44296875 0.034375 0.0578125
1 0.15859375 0.45 0.0640625 0.0828125
1 0.0609375 0.49609375 0.065625 0.1140625
1 0.046875 0.51640625 0.0609375 0.1
1 0.2421875 0.4328125 0.0890625 0.1171875
1 0.021875 0.553125 0.04375 0.078125
0 0.29609375 0.43515625 0.1046875 0.1625
1 0.1375 0.26640625 0.2703125 0.3234375
0 0.96953125 0.58203125 0.0609375 0.1671875
0 0.85078125 0.75078125 0.1546875 0.159375
0 0.9859375 0.7046875 0.028125 0.13125
1 0.86484375 0.428125 0.2671875 0.178125
0 0.753125 0.87578125 0.1953125 0.1578125
0 0.8921875 0.84375 0.0875 0.078125
1 0.3796875 0.79765625 0.340625 0.4046875