0 0.96171875 0.259375 0.0765625 0.278125
0 0.4046875 0.34140625 0.1515625 0.13125
1 0.50703125 0.18046875 0.15 0.253125
0 0.75859375 0.62109375 0.1828125 0.3296875
0 0.84296875 0.7765625 0.1203125 0.2234375
0 0.88359375 0.93984375 0.0453125 0.1203125
0 0.29921875 0.59375 0.065625 0.1296875
1 0.13203125 0.571875 0.1359375 0.103125
0 0.2234375 0.60234375 0.0859375 0.1234375
1 0.0375 0.5828125 0.075 0.146875
0 0.1328125 0.634375 0.109375 0.0609375
1 0.06875 0.63046875 0.03125 0.0578125
0 0.3828125 0.6921875 0.15625 0.3921875
1 0.03046875 0.684375 0.0484375 0.0671875
0 0.090625 0.703125 0.028125 0.0546875
0 0.47421875 0.7734375 0.153125 0.246875
1 0.42421875 0.45234375 0.109375 0.1171875
1 0.33515625 0.4609375 0.103125 0.1625
1 0.15703125 0.44375 0.3078125 0.2234375
1 0.52734375 0.509375 0.1578125 0.1984375