0 0.88203125 0.34140625 0.0609375 0.1671875
0 0.7578125 0.38671875 0.0796875 0.13125
0 0.63046875 0.428125 0.059375 0.0484375
1 0.81171875 0.08984375 0.3546875 0.15
0 0.984375 0.16875 0.03125 0.140625
0 0.89921875 0.1953125 0.0984375 0.0796875
0 0.1671875 0.8453125 0.15625 0.2
0 0.83671875 0.80234375 0.103125 0.1078125
1 0.925 0.8140625 0.090625 0.109375
1 0.8515625 0.87265625 0.2140625 0.059375
1 0.703125 0.88125 0.084375 0.0734375
0 0.6078125 0.86953125 0.11875 0.0796875
1 0.76796875 0.91484375 0.065625 0.0765625
0 0.85390625 0.9421875 0.1328125 0.115625
0 0.63046875 0.946875 0.2171875 0.10625
1 0.46796875 0.975 0.1109375 0.05
1 0.86640625 0.6984375 0.140625 0.128125
1 0.62109375 0.72421875 0.375 0.2640625