0 0.2015625 0.08203125 0.1125 0.1640625
0 0.13828125 0.0234375 0.0328125 0.046875
0 0.28984375 0.07421875 0.1453125 0.1375
0 0.15859375 0.04609375 0.0359375 0.0859375
1 0.353125 0.128125 0.0359375 0.05625
1 0.1125 0.09609375 0.0390625 0.0796875
1 0.1421875 0.12265625 0.0328125 0.06875
0 0.2421875 0.14921875 0.0671875 0.065625
1 0.3109375 0.1859375 0.1078125 0.096875
0 0.33984375 0.0140625 0.0609375 0.028125
0 0.5703125 0.2859375 0.396875 0.359375
0 0.096875 0.59296875 0.0515625 0.1078125
1 0.20859375 0.62265625 0.0984375 0.084375
0 0.1421875 0.62109375 0.065625 0.103125
1 0.26640625 0.66015625 0.0640625 0.121875
0 0.18984375 0.671875 0.0765625 0.0484375
1 0.23125 0.68671875 0.0234375 0.0484375
0 0.040625 0.6453125 0.08125 0.325
1 0.23984375 0.7390625 0.0359375 0.0546875
0 0.19765625 0.73671875 0.021875 0.0453125
1 0.059375 0.44765625 0.0796875 0.0984375
1 0.11328125 0.47890625 0.078125 0.134375
1 0.2296875 0.51640625 0.2171875 0.184375
1 0.01796875 0.46796875 0.0359375 0.1515625
1 0.42109375 0.74921875 0.2046875 0.2046875
0 0.54609375 0.8 0.1171875 0.1515625
1 0.57578125 0.60546875 0.371875 0.2421875