1 0.0921875 0.534375 0.184375 0.475
0 0.328125 0.6 0.190625 0.209375
0 0.1484375 0.184375 0.14375 0.203125
0 0.7234375 0.24609375 0.2890625 0.18125
1 0.2515625 0.81796875 0.16875 0.2203125
0 0.378125 0.81875 0.203125 0.2984375
0 0.25703125 0.95234375 0.0546875 0.0703125
1 0.284375 0.94375 0.0359375 0.0640625
0 0.32109375 0.9390625 0.0765625 0.090625
1 0.278125 0.9859375 0.084375 0.028125
0 0.684375 0.909375 0.0640625 0.0765625
0 0.98515625 0.8109375 0.0296875 0.103125
0 0.78671875 0.6203125 0.4265625 0.30625