0 0.80546875 0.4546875 0.1484375 0.321875
0 0.4875 0.08125 0.0265625 0.0453125
0 0.39921875 0.06953125 0.0328125 0.075
0 0.34453125 0.07109375 0.034375 0.0640625
0 0.14140625 0.04765625 0.028125 0.053125
0 0.27578125 0.0734375 0.0203125 0.046875
0 0.21015625 0.0703125 0.0265625 0.053125
0 0.46171875 0.11953125 0.034375 0.0828125
0 0.53359375 0.1375 0.028125 0.0484375
0 0.24375 0.10390625 0.028125 0.04375
0 0.3109375 0.12578125 0.025 0.05
0 0.115625 0.1078125 0.03125 0.0609375
0 0.4984375 0.1671875 0.0265625 0.0609375
0 0.17890625 0.14453125 0.046875 0.1203125
0 0.42578125 0.184375 0.0359375 0.0875
0 0.353125 0.178125 0.046875 0.1265625
0 0.2703125 0.18046875 0.0328125 0.0703125
0 0.46484375 0.22578125 0.0265625 0.0671875
0 0.12890625 0.19375 0.0265625 0.059375
0 0.22578125 0.2203125 0.0359375 0.0921875
0 0.36953125 0.26953125 0.0375 0.078125
1 0.55078125 0.7734375 0.1765625 0.1640625
0 0.71953125 0.7953125 0.1921875 0.1609375
0 0.87421875 0.8328125 0.1140625 0.18125
0 0.234375 0.82421875 0.1296875 0.171875