1 0.01796875 0.2140625 0.0359375 0.121875
1 0.20859375 0.184375 0.071875 0.1171875
1 0.321875 0.1765625 0.0734375 0.1953125
0 0.13046875 0.215625 0.128125 0.1703125
0 0.04609375 0.246875 0.084375 0.1234375
0 0.38125 0.21015625 0.078125 0.128125
0 0.4921875 0.23359375 0.1328125 0.125
0 0.28359375 0.2953125 0.0578125 0.0875
1 0.28984375 0.0546875 0.23125 0.0890625
1 0.08984375 0.09921875 0.1125 0.0953125
0 0.153125 0.08984375 0.0921875 0.0921875
1 0.47109375 0.11328125 0.1484375 0.2265625
1 0.03046875 0.18046875 0.0609375 0.1328125
0 0.26796875 0.1515625 0.06875 0.1078125
0 0.75390625 0.2265625 0.4703125 0.453125
0 0.35 0.6125 0.2515625 0.265625
0 0.54921875 0.703125 0.1921875 0.359375
0 0.4046875 0.82578125 0.209375 0.2296875
0 0.86796875 0.66328125 0.2640625 0.2015625