1 0.11953125 0.278125 0.2390625 0.315625
0 0.73984375 0.103125 0.2546875 0.20625
0 0.17890625 0.9140625 0.0625 0.065625
0 0.30390625 0.871875 0.159375 0.128125
0 0.46875 0.83515625 0.121875 0.128125
0 0.2859375 0.94296875 0.1 0.1140625
1 0.23515625 0.76875 0.3171875 0.3078125
1 0.41640625 0.7 0.25625 0.309375
0 0.634375 0.4859375 0.09375 0.1109375
1 0.57109375 0.5625 0.1796875 0.20625
1 0.96015625 0.35546875 0.0796875 0.1765625
0 0.9203125 0.4296875 0.159375 0.30625
0 0.68671875 0.66953125 0.31875 0.246875