1 0.70625 0.20234375 0.1484375 0.053125
0 0.83828125 0.23671875 0.1140625 0.1171875
1 0.809375 0.02890625 0.1890625 0.05
0 0.790625 0.3125 0.04375 0.0578125
0 0.68515625 0.31484375 0.053125 0.0734375
0 0.88828125 0.33984375 0.0328125 0.0421875
0 0.81796875 0.10625 0.165625 0.1453125
1 0.93515625 0.1609375 0.1296875 0.309375
0 0.6140625 0.1734375 0.0359375 0.03125
1 0.19375 0.13125 0.19375 0.1296875
1 0.42578125 0.14140625 0.1296875 0.1453125
0 0.32421875 0.171875 0.0734375 0.109375
0 0.4515625 0.23671875 0.0375 0.0515625
0 0.3796875 0.2484375 0.021875 0.046875
0 0.328125 0.25234375 0.0390625 0.0265625
0 0.23984375 0.26796875 0.0484375 0.0671875
1 0.3421875 0.05859375 0.1046875 0.1046875
0 0.84453125 0.81015625 0.3046875 0.23125
1 0.1546875 0.6125 0.046875 0.0578125
0 0.18984375 0.61484375 0.0265625 0.0453125
0 0.10234375 0.61484375 0.0578125 0.0609375
1 0.0375 0.621875 0.075 0.078125
0 0.059375 0.675 0.034375 0.0359375
1 0.0 0.50859375 0.1 0.1546875