0 0.390625 0.33984375 0.221875 0.321875
1 0.17890625 0.53828125 0.3578125 0.4078125
0 0.34765625 0.50546875 0.1359375 0.1421875
0 0.54765625 0.4203125 0.1375 0.1125
0 0.678125 0.240625 0.578125 0.48125
0 0.546875 0.7671875 0.459375 0.465625
1 0.89296875 0.55546875 0.2140625 0.3140625
1 0.8140625 0.66484375 0.103125 0.09375
1 0.828125 0.71640625 0.059375 0.0625
0 0.86953125 0.7 0.0703125 0.075
0 0.8578125 0.784375 0.0546875 0.059375
0 0.95390625 0.73515625 0.0875 0.084375
1 0.79609375 0.58046875 0.0796875 0.1078125