0 0.33671875 0.11875 0.3515625 0.2375
0 0.925 0.27734375 0.15 0.2546875
1 0.59453125 0.171875 0.3890625 0.34375
0 0.78984375 0.29609375 0.1 0.1703125
0 0.9734375 0.4 0.053125 0.109375
1 0.83984375 0.18125 0.209375 0.196875
0 0.03125 0.44375 0.0625 0.084375
1 0.13046875 0.4890625 0.2015625 0.2484375
0 0.01640625 0.45859375 0.0328125 0.1765625
0 0.02421875 0.515625 0.0484375 0.078125
1 0.18203125 0.27890625 0.184375 0.2359375
1 0.0875 0.28515625 0.175 0.3015625
1 0.709375 0.4921875 0.58125 0.390625
0 0.41953125 0.3140625 0.1328125 0.1203125