1 0.55703125 0.14296875 0.2203125 0.2859375
0 0.91328125 0.18125 0.0546875 0.1765625
1 0.86953125 0.1875 0.078125 0.2046875
0 0.7328125 0.2625 0.225 0.225
1 0.59453125 0.33046875 0.065625 0.1015625
0 0.50234375 0.3390625 0.1484375 0.1546875
1 0.92421875 0.0765625 0.1515625 0.0625
0 0.490625 0.45078125 0.0734375 0.0890625
0 0.79453125 0.10078125 0.1171875 0.140625
1 0.7015625 0.090625 0.103125 0.14375
0 0.95546875 0.12265625 0.040625 0.0484375
0 0.39609375 0.15546875 0.078125 0.25
0 0.3484375 0.47421875 0.0859375 0.228125
0 0.1859375 0.54375 0.0375 0.04375
1 0.3265625 0.24609375 0.15 0.4921875
0 0.64453125 0.93125 0.1390625 0.1140625
0 0.78671875 0.93515625 0.0984375 0.1296875
0 0.1640625 0.721875 0.2625 0.346875