0 0.96328125 0.28515625 0.0734375 0.1890625
0 0.86328125 0.22109375 0.221875 0.2296875
0 0.68046875 0.13125 0.2421875 0.2375
0 0.5390625 0.16171875 0.134375 0.11875
0 0.88046875 0.4046875 0.2390625 0.196875
0 0.6421875 0.328125 0.1625 0.1515625
0 0.5875 0.49921875 0.115625 0.0734375
0 0.7671875 0.60078125 0.0609375 0.0578125
0 0.840625 0.634375 0.0703125 0.0640625
0 0.91796875 0.7671875 0.059375 0.06875
0 0.71953125 0.475 0.071875 0.0890625
0 0.66796875 0.425 0.0953125 0.096875
0 0.378125 0.59140625 0.0640625 0.065625
0 0.21875 0.2015625 0.2671875 0.23125
1 0.34921875 0.79375 0.1890625 0.2484375
1 0.5703125 0.85390625 0.41875 0.2921875
0 0.290625 0.92265625 0.1109375 0.0921875
0 0.159375 0.75546875 0.31875 0.3734375