0 0.96015625 0.34765625 0.0796875 0.1296875
0 0.8796875 0.54765625 0.240625 0.2734375
0 0.54453125 0.0140625 0.0359375 0.028125
0 0.4703125 0.14453125 0.05625 0.084375
1 0.646875 0.2203125 0.4 0.440625
1 0.2484375 0.1875 0.4125 0.375
0 0.4171875 0.21796875 0.0625 0.096875
1 0.4421875 0.2734375 0.1078125 0.1890625
0 0.38359375 0.29375 0.0609375 0.0796875
0 0.37109375 0.36484375 0.090625 0.090625
1 0.66875 0.46015625 0.134375 0.1
1 0.47421875 0.05546875 0.1078125 0.1109375
0 0.51796875 0.0671875 0.0625 0.1015625
0 0.67109375 0.97890625 0.1921875 0.0421875
0 0.19921875 0.6671875 0.3671875 0.3515625