0 0.73359375 0.25234375 0.0421875 0.1984375
1 0.55234375 0.25703125 0.0640625 0.1890625
0 0.67578125 0.25703125 0.0734375 0.1234375
0 0.62265625 0.2921875 0.034375 0.0578125
0 0.59375 0.29375 0.01875 0.0984375
0 0.59453125 0.36796875 0.015625 0.05
0 0.765625 0.38125 0.0140625 0.040625
0 0.721875 0.38984375 0.0171875 0.0578125
0 0.75234375 0.0984375 0.0765625 0.0890625
1 0.6484375 0.12265625 0.1265625 0.140625
1 0.0671875 0.09453125 0.109375 0.175
1 0.00859375 0.16953125 0.0171875 0.3234375
1 0.31171875 0.15859375 0.3796875 0.2859375
0 0.06875 0.25546875 0.109375 0.159375
1 0.353125 0.33046875 0.2234375 0.0609375
0 0.428125 0.43046875 0.0796875 0.1453125
0 0.24296875 0.4609375 0.096875 0.1453125
0 0.11015625 0.475 0.096875 0.1421875
1 0.6859375 0.74453125 0.05625 0.11875
0 0.62421875 0.771875 0.0703125 0.0671875
0 0.61875 0.91953125 0.015625 0.0328125
1 0.8421875 0.7125 0.2578125 0.18125
0 0.23671875 0.9203125 0.046875 0.1015625
0 0.10625 0.925 0.053125 0.15
0 0.41875 0.95703125 0.0375 0.0859375
0 0.203125 0.71015625 0.4015625 0.15625
1 0.44921875 0.78515625 0.090625 0.0796875
0 0.4296875 0.85546875 0.065625 0.0578125
1 0.48671875 0.8640625 0.0484375 0.0828125