1 0.79296875 0.13203125 0.315625 0.2453125
0 0.96953125 0.14140625 0.0609375 0.2234375
0 0.09765625 0.228125 0.175 0.234375
0 0.9421875 0.76875 0.0515625 0.0546875
0 0.809375 0.77890625 0.146875 0.0765625
0 0.64609375 0.81328125 0.090625 0.1046875
0 0.871875 0.85546875 0.2125 0.084375
1 0.940625 0.9578125 0.059375 0.084375
0 0.91484375 0.99140625 0.0421875 0.0171875
1 0.8296875 0.65859375 0.2515625 0.234375
1 0.6390625 0.67109375 0.1609375 0.278125
0 0.35703125 0.5640625 0.059375 0.1
1 0.44453125 0.60859375 0.1203125 0.1796875
0 0.05234375 0.640625 0.1046875 0.3
0 0.3828125 0.7515625 0.2984375 0.140625