0 0.83515625 0.11796875 0.3015625 0.2359375
0 0.2703125 0.1234375 0.19375 0.0890625
0 0.05078125 0.16171875 0.09375 0.0703125
0 0.49375 0.15234375 0.0875 0.0640625
0 0.16484375 0.17265625 0.06875 0.0640625
0 0.33359375 0.1875 0.2140625 0.0609375
0 0.49375 0.21484375 0.09375 0.059375
1 0.31484375 0.02421875 0.315625 0.0453125
0 0.23828125 0.06171875 0.0515625 0.040625
0 0.64140625 0.39453125 0.203125 0.31875
0 0.13515625 0.69921875 0.115625 0.1609375
0 0.4328125 0.76640625 0.1375 0.396875
0 0.03671875 0.3375 0.0734375 0.134375