0 0.88359375 0.334375 0.2328125 0.475
0 0.45546875 0.16875 0.0953125 0.06875
1 0.51796875 0.23125 0.1046875 0.1484375
0 0.24765625 0.1734375 0.3921875 0.346875
0 0.4671875 0.225 0.040625 0.0609375
1 0.521875 0.08828125 0.1 0.1765625
0 0.8625 0.728125 0.275 0.4125
0 0.25078125 0.52890625 0.0421875 0.0609375
1 0.10390625 0.57890625 0.175 0.20625
0 0.28359375 0.3828125 0.0328125 0.0515625
1 0.2859375 0.6765625 0.1140625 0.1828125
0 0.1625 0.665625 0.05 0.0796875
0 0.21484375 0.70625 0.078125 0.1046875
0 0.03125 0.68125 0.0546875 0.0640625
0 0.0640625 0.7171875 0.0453125 0.078125
0 0.14609375 0.7609375 0.0421875 0.06875
0 0.23515625 0.790625 0.0546875 0.08125
0 0.2375 0.4703125 0.03125 0.0453125