0 0.2078125 0.13046875 0.0703125 0.0765625
0 0.26015625 0.1265625 0.0734375 0.0953125
1 0.29765625 0.12734375 0.1046875 0.15
1 0.13359375 0.1625 0.09375 0.084375
0 0.521875 0.2203125 0.0921875 0.109375
0 0.58828125 0.15546875 0.065625 0.08125
0 0.57578125 0.2109375 0.0578125 0.0625
0 0.68671875 0.1046875 0.0859375 0.0953125
0 0.7234375 0.05 0.1125 0.1
1 0.48828125 0.103125 0.2453125 0.20625
1 0.65703125 0.0453125 0.2640625 0.090625
0 0.4171875 0.64765625 0.3359375 0.371875
0 0.859375 0.5796875 0.28125 0.365625