1 0.8015625 0.1296875 0.2484375 0.1796875
0 0.57734375 0.2140625 0.2484375 0.14375
0 0.6046875 0.33046875 0.1296875 0.0578125
0 0.76015625 0.30859375 0.1125 0.0515625
0 0.93828125 0.2875 0.06875 0.028125
1 0.05078125 0.1328125 0.1015625 0.146875
0 0.121875 0.16875 0.059375 0.06875
1 0.1875 0.15859375 0.10625 0.1078125
0 0.015625 0.1984375 0.03125 0.121875
0 0.01484375 0.23984375 0.0015625 0.0015625
0 0.2515625 0.20859375 0.040625 0.0578125
0 0.08984375 0.2359375 0.1109375 0.04375
0 0.2015625 0.2390625 0.0765625 0.059375
1 0.13203125 0.08515625 0.103125 0.0796875
0 0.640625 0.8484375 0.26875 0.2984375
0 0.19140625 0.79609375 0.1140625 0.353125