0 0.63984375 0.31328125 0.034375 0.05625
0 0.5359375 0.29921875 0.0390625 0.0890625
0 0.4734375 0.3 0.040625 0.075
0 0.23515625 0.26796875 0.03125 0.0625
0 0.39140625 0.30078125 0.0265625 0.0546875
0 0.3140625 0.29609375 0.03125 0.0625
0 0.6078125 0.359375 0.04375 0.096875
0 0.68984375 0.38203125 0.034375 0.05625
0 0.3546875 0.33671875 0.0328125 0.0484375
0 0.43125 0.36171875 0.0265625 0.0578125
0 0.20390625 0.3390625 0.0375 0.0703125
0 0.64765625 0.41484375 0.0328125 0.0734375
0 0.278125 0.38359375 0.059375 0.1421875
0 0.565625 0.434375 0.0453125 0.1015625
0 0.4796875 0.425 0.059375 0.146875
0 0.3828125 0.42578125 0.0390625 0.0828125
0 0.60859375 0.4828125 0.0296875 0.0765625
0 0.215625 0.43984375 0.0328125 0.0703125
0 0.3296875 0.47265625 0.0421875 0.1078125
0 0.49921875 0.53203125 0.046875 0.090625