0 0.228125 0.1703125 0.0265625 0.0765625
1 0.32109375 0.25546875 0.04375 0.075
1 0.15234375 0.246875 0.1015625 0.2546875
0 0.2625 0.28046875 0.1125 0.2953125
1 0.19921875 0.32265625 0.0640625 0.234375
0 0.14609375 0.41328125 0.0515625 0.0859375
1 0.07734375 0.4078125 0.1046875 0.0984375
1 0.18984375 0.0671875 0.1609375 0.134375
0 0.875 0.12265625 0.25 0.1890625
0 0.178125 0.7015625 0.2328125 0.1875
1 0.65390625 0.79140625 0.4765625 0.2796875
0 0.39921875 0.82578125 0.125 0.165625
0 0.9046875 0.9390625 0.0 0.121875