0 0.34609375 0.2046875 0.203125 0.165625
0 0.59609375 0.23515625 0.2109375 0.1515625
1 0.43671875 0.09296875 0.4453125 0.1859375
1 0.20859375 0.228125 0.178125 0.2125
0 0.56953125 0.0875 0.1828125 0.1546875
0 0.134375 0.3765625 0.26875 0.49375
0 0.746875 0.56328125 0.225 0.21875
0 0.6234375 0.71015625 0.125 0.134375
0 0.84296875 0.653125 0.0640625 0.0703125
0 0.5640625 0.8171875 0.06875 0.0765625
0 0.9453125 0.68515625 0.109375 0.1359375
0 0.88359375 0.7359375 0.0625 0.0765625
0 0.665625 0.84140625 0.0 0.0953125
0 0.565625 0.90546875 0.1234375 0.1046875
0 0.48125 0.9578125 0.040625 0.059375
0 0.1859375 0.7703125 0.35625 0.459375