0 0.7359375 0.35546875 0.275 0.34375
0 0.03515625 0.26171875 0.0640625 0.1140625
1 0.2625 0.271875 0.2140625 0.45625
0 0.08984375 0.421875 0.128125 0.2390625
0 0.2140625 0.3953125 0.11875 0.20625
0 0.0796875 0.5796875 0.078125 0.090625
0 0.2046875 0.5875 0.0296875 0.04375
0 0.09296875 0.6859375 0.046875 0.0703125
1 0.14296875 0.215625 0.1890625 0.296875
0 0.8171875 0.87734375 0.1484375 0.0796875
0 0.63828125 0.921875 0.0546875 0.0359375
1 0.14921875 0.94921875 0.1171875 0.1015625
1 0.28046875 0.91953125 0.1109375 0.0921875
0 0.2140625 0.96171875 0.046875 0.0640625
0 0.31875 0.971875 0.059375 0.05625
0 0.4 0.96640625 0.0515625 0.0546875
1 0.38359375 0.8734375 0.1421875 0.1171875