0 0.58359375 0.41328125 0.084375 0.0875
1 0.74765625 0.409375 0.1703125 0.11875
1 0.7234375 0.02421875 0.209375 0.0484375
0 0.88828125 0.05078125 0.1296875 0.1015625
0 0.21875 0.121875 0.16875 0.1984375
0 0.7734375 0.0703125 0.134375 0.06875
1 0.80703125 0.1140625 0.125 0.0828125
0 0.52578125 0.2015625 0.4796875 0.403125
0 0.03828125 0.2015625 0.0765625 0.203125
0 0.53515625 0.7484375 0.3578125 0.1390625
1 0.1296875 0.67421875 0.128125 0.1
0 0.13671875 0.85234375 0.2265625 0.2953125
0 0.034375 0.6671875 0.0390625 0.053125