0 0.13359375 0.34765625 0.1 0.203125
0 0.79140625 0.53671875 0.0796875 0.0765625
1 0.640625 0.56640625 0.1578125 0.090625
0 0.44375 0.05390625 0.196875 0.1078125
1 0.65859375 0.10234375 0.2640625 0.2046875
0 0.8578125 0.0859375 0.184375 0.171875
1 0.55625 0.1796875 0.2171875 0.2171875
0 0.42109375 0.23203125 0.1265625 0.2703125
0 0.53828125 0.31171875 0.125 0.0625
1 0.51796875 0.3546875 0.1171875 0.0734375
0 0.7796875 0.33828125 0.440625 0.3859375
0 0.3015625 0.82890625 0.39375 0.3421875
0 0.8296875 0.721875 0.253125 0.1375