1 0.9484375 0.08203125 0.06875 0.1640625
0 0.7765625 0.13671875 0.30625 0.2734375
0 0.95703125 0.21015625 0.0609375 0.0953125
0 0.234375 0.23359375 0.178125 0.2265625
0 0.78828125 0.69375 0.040625 0.1
1 0.65390625 0.70625 0.103125 0.0703125
0 0.73125 0.7140625 0.0578125 0.0921875
1 0.58046875 0.73359375 0.0546875 0.1125
0 0.665625 0.7546875 0.084375 0.0375
1 0.615625 0.76328125 0.0203125 0.0453125
0 0.87109375 0.7546875 0.0890625 0.30625
1 0.5953125 0.81171875 0.0328125 0.05
0 0.64453125 0.815625 0.0171875 0.0421875
0 0.9515625 0.8 0.096875 0.1875
1 0.86015625 0.5625 0.078125 0.0859375
1 0.79140625 0.58515625 0.0671875 0.121875
1 0.65 0.603125 0.23125 0.1515625
1 0.94765625 0.5875 0.1046875 0.146875
0 0.25 0.909375 0.228125 0.18125