0 0.2328125 0.1390625 0.465625 0.271875
0 0.7625 0.0765625 0.29375 0.153125
1 0.16171875 0.571875 0.184375 0.3640625
1 0.08359375 0.678125 0.1671875 0.528125
0 0.25703125 0.64921875 0.14375 0.1859375
1 0.215625 0.85625 0.1375 0.1453125
1 0.32890625 0.95859375 0.0890625 0.0828125
1 0.25546875 0.471875 0.1390625 0.203125
0 0.815625 0.49375 0.16875 0.4515625
0 0.70625 0.5359375 0.1796875 0.225
0 0.90234375 0.60703125 0.053125 0.06875
0 0.7671875 0.68515625 0.1015625 0.1296875
1 0.675 0.71171875 0.1328125 0.1515625
1 0.9234375 0.69453125 0.065625 0.1171875
1 0.8703125 0.74453125 0.0875 0.078125