0 0.2609375 0.35703125 0.215625 0.29375
1 0.69609375 0.2984375 0.090625 0.0859375
0 0.7703125 0.2984375 0.05625 0.075
1 0.853125 0.3109375 0.10625 0.10625
0 0.940625 0.32421875 0.071875 0.0421875
0 0.8515625 0.3578125 0.05 0.0375
1 0.7796875 0.36484375 0.090625 0.05625
0 0.66796875 0.3765625 0.125 0.06875
1 0.8265625 0.128125 0.346875 0.25625
0 0.12265625 0.98125 0.24375 0.0375
0 0.725 0.659375 0.0 0.215625
0 0.7921875 0.7390625 0.0375 0.0671875
0 0.6375 0.74765625 0.040625 0.1109375
0 0.84375 0.759375 0.0703125 0.03125
0 0.57890625 0.7640625 0.040625 0.096875
0 0.63671875 0.8453125 0.01875 0.040625
1 0.59921875 0.88984375 0.096875 0.0546875
0 0.5140625 0.91171875 0.0265625 0.0234375
1 0.5984375 0.63125 0.196875 0.18125