0 0.12890625 0.4859375 0.1671875 0.2296875
0 0.29609375 0.5140625 0.171875 0.1984375
1 0.39296875 0.6234375 0.38125 0.1234375
0 0.559375 0.659375 0.0984375 0.090625
1 0.15703125 0.83046875 0.2375 0.33125
0 0.390625 0.78203125 0.3640625 0.3421875
0 0.55546875 0.90859375 0.1296875 0.1828125
1 0.265625 0.9625 0.3 0.075
0 0.46171875 0.94609375 0.1484375 0.1078125
0 0.89453125 0.64140625 0.2109375 0.0890625
0 0.6765625 0.709375 0.0546875 0.0671875
0 0.71171875 0.75390625 0.034375 0.084375
1 0.86875 0.72109375 0.1453125 0.109375
1 0.9671875 0.71484375 0.065625 0.0671875
0 0.92421875 0.8015625 0.1515625 0.16875
1 0.78125 0.5796875 0.3953125 0.2328125