0 0.83203125 0.240625 0.3296875 0.48125
0 0.190625 0.19296875 0.0265625 0.0421875
1 0.115625 0.228125 0.1453125 0.1125
1 0.09765625 0.11640625 0.1953125 0.1640625
1 0.21875 0.11796875 0.075 0.178125
1 0.67421875 0.66015625 0.0875 0.0765625
1 0.61171875 0.6875 0.0609375 0.1125
0 0.79765625 0.6734375 0.2015625 0.3453125
0 0.9328125 0.75625 0.096875 0.14375
0 0.5171875 0.82265625 0.134375 0.178125
0 0.6671875 0.815625 0.1453125 0.1734375
1 0.63203125 0.56875 0.0859375 0.1296875
0 0.22734375 0.73125 0.0953125 0.1859375