0 0.33125 0.03515625 0.4625 0.0703125
1 0.53515625 0.26640625 0.3171875 0.1125
1 0.1921875 0.3359375 0.384375 0.234375
1 0.7828125 0.30859375 0.184375 0.1453125
0 0.55703125 0.409375 0.35 0.209375
0 0.78984375 0.43671875 0.1171875 0.1265625
1 0.23671875 0.55 0.4734375 0.24375
0 0.81171875 0.59609375 0.0375 0.13125
0 0.5921875 0.7171875 0.25 0.4390625
1 0.3453125 0.734375 0.2640625 0.1703125
0 0.87109375 0.81328125 0.0609375 0.10625
0 0.87265625 0.94296875 0.06875 0.0734375
0 0.534375 0.95859375 0.515625 0.0828125
1 0.97890625 0.36875 0.040625 0.215625
1 0.9109375 0.44296875 0.0765625 0.259375
0 0.9953125 0.53984375 0.009375 0.1578125