0 0.10234375 0.4546875 0.2046875 0.159375
0 0.36484375 0.33984375 0.0640625 0.0453125
0 0.29375 0.38125 0.053125 0.0421875
1 0.1953125 0.234375 0.2703125 0.1734375
0 0.59296875 0.2015625 0.6234375 0.403125
0 0.3671875 0.54296875 0.115625 0.14375
0 0.25390625 0.5546875 0.1484375 0.1484375
0 0.45859375 0.49765625 0.1296875 0.1890625
0 0.8078125 0.41015625 0.2609375 0.259375
0 0.74453125 0.57890625 0.103125 0.1296875
0 0.81328125 0.6875 0.0890625 0.14375
0 0.9734375 0.59375 0.053125 0.146875
0 0.92734375 0.65390625 0.1203125 0.1859375
0 0.8875 0.67734375 0.071875 0.115625