0 0.73046875 0.1859375 0.175 0.184375
0 0.1953125 0.15625 0.0 0.2453125
0 0.15 0.25 0.0359375 0.0765625
0 0.27421875 0.24921875 0.0421875 0.125
0 0.1109375 0.27578125 0.0578125 0.040625
0 0.32265625 0.26328125 0.0421875 0.1125
0 0.284375 0.35703125 0.01875 0.046875
1 0.31796875 0.4046875 0.0828125 0.0671875
0 0.38828125 0.42265625 0.0234375 0.028125
1 0.29296875 0.1171875 0.1734375 0.2140625
0 0.8296875 0.82109375 0.2921875 0.325
0 0.1796875 0.809375 0.0546875 0.0953125
1 0.40234375 0.78984375 0.1953125 0.0640625
0 0.271875 0.86640625 0.0921875 0.1875
0 0.390625 0.915625 0.06875 0.0796875
0 0.51171875 0.921875 0.0421875 0.0453125
1 0.36171875 0.73046875 0.3328125 0.10625
1 0.0875 0.7609375 0.14375 0.1375