0 0.48984375 0.21328125 0.1875 0.3046875
0 0.1875 0.2796875 0.203125 0.16875
0 0.053125 0.3390625 0.10625 0.29375
0 0.8515625 0.53203125 0.1046875 0.1515625
1 0.91015625 0.521875 0.1796875 0.496875
1 0.7984375 0.39921875 0.1328125 0.16875
1 0.40234375 0.66953125 0.084375 0.09375
1 0.03046875 0.5796875 0.0609375 0.0625
0 0.36484375 0.484375 0.0453125 0.0671875
1 0.4015625 0.4734375 0.0640625 0.0734375
1 0.134375 0.5765625 0.1734375 0.1390625
1 0.2578125 0.55 0.1296875 0.1453125
0 0.33984375 0.55390625 0.1078125 0.1890625
1 0.4015625 0.56640625 0.0859375 0.1265625