1 0.41796875 0.11875 0.5265625 0.2375
0 0.2375 0.196875 0.365625 0.1765625
0 0.5875 0.33828125 0.3265625 0.209375
0 0.9421875 0.5125 0.0703125 0.1765625
0 0.79609375 0.55546875 0.0625 0.1578125
0 0.93671875 0.1890625 0.1265625 0.215625
1 0.84140625 0.25546875 0.09375 0.1484375
0 0.828125 0.3765625 0.06875 0.10625
1 0.78359375 0.38515625 0.065625 0.1453125
0 0.43359375 0.84375 0.1828125 0.3125
1 0.10234375 0.77890625 0.2046875 0.3046875
0 0.2546875 0.9265625 0.20625 0.1015625
0 0.53984375 0.98828125 0.1578125 0.0234375
1 0.284375 0.790625 0.2390625 0.259375
0 0.86953125 0.9171875 0.1265625 0.165625