0 0.66875 0.109375 0.571875 0.21875
0 0.125 0.171875 0.25 0.23125
1 0.7734375 0.46015625 0.1453125 0.3140625
1 0.9 0.5203125 0.1890625 0.465625
0 0.7171875 0.5515625 0.1171875 0.1578125
1 0.809375 0.709375 0.115625 0.121875
1 0.75234375 0.8484375 0.0734375 0.115625
1 0.66796875 0.4046875 0.1125 0.1734375
0 0.21328125 0.58125 0.128125 0.39375
0 0.315625 0.584375 0.1484375 0.190625
0 0.17421875 0.69921875 0.04375 0.0578125
0 0.30859375 0.72578125 0.084375 0.1109375
1 0.390625 0.72109375 0.1109375 0.128125
1 0.18125 0.77734375 0.0515625 0.1
1 0.23984375 0.80390625 0.0734375 0.065625