0 0.71171875 0.19375 0.1765625 0.3546875
0 0.86640625 0.3140625 0.2671875 0.5625
0 0.3640625 0.16328125 0.421875 0.3265625
0 0.34765625 0.4453125 0.2296875 0.1765625
0 0.6171875 0.8015625 0.190625 0.1140625
1 0.8046875 0.8328125 0.2171875 0.10625
1 0.934375 0.91640625 0.046875 0.0921875
0 0.703125 0.91875 0.403125 0.1625
1 0.61484375 0.7109375 0.1640625 0.1015625
1 0.365625 0.775 0.1171875 0.1484375
0 0.459375 0.7875 0.0875 0.140625
1 0.04453125 0.8625 0.0890625 0.1125
0 0.146875 0.878125 0.146875 0.1140625
0 0.41875 0.92109375 0.196875 0.1578125
0 0.265625 0.946875 0.11875 0.065625
0 0.175 0.946875 0.0640625 0.040625
1 0.0765625 0.93671875 0.140625 0.0453125