0 0.79375 0.38515625 0.4125 0.4546875
0 0.209375 0.08515625 0.140625 0.1703125
1 0.13671875 0.07578125 0.0796875 0.125
0 0.3828125 0.2078125 0.190625 0.165625
0 0.19453125 0.221875 0.14375 0.140625
0 0.4625 0.71328125 0.1890625 0.196875
1 0.6265625 0.78125 0.2515625 0.2
1 0.76328125 0.92890625 0.1515625 0.1421875
0 0.50703125 0.884375 0.4046875 0.23125
1 0.5015625 0.55078125 0.165625 0.19375
1 0.3734375 0.60390625 0.1328125 0.1734375
0 0.15390625 0.53828125 0.16875 0.1671875
0 0.03671875 0.50703125 0.0734375 0.1734375
0 0.28046875 0.64921875 0.103125 0.1671875
0 0.35078125 0.71875 0.065625 0.0890625
0 0.14140625 0.74453125 0.1546875 0.1953125
0 0.30859375 0.84921875 0.09375 0.146875
0 0.23828125 0.84765625 0.0890625 0.1796875