0 0.56953125 0.15234375 0.5296875 0.3046875
0 0.11796875 0.28984375 0.2359375 0.2640625
1 0.61015625 0.384375 0.159375 0.215625
0 0.6703125 0.37890625 0.121875 0.175
0 0.60390625 0.51875 0.340625 0.515625
0 0.70390625 0.53671875 0.1015625 0.15625
0 0.890625 0.53671875 0.05 0.0546875
0 0.93046875 0.54140625 0.0609375 0.0890625
0 0.978125 0.525 0.04375 0.1
0 0.8078125 0.6515625 0.1765625 0.1828125
1 0.71796875 0.79375 0.146875 0.128125
1 0.82890625 0.8421875 0.2953125 0.209375
1 0.60234375 0.278125 0.1046875 0.103125
1 0.8671875 0.18671875 0.1234375 0.1609375
0 0.7890625 0.23046875 0.1625 0.1859375
1 0.70859375 0.296875 0.171875 0.221875
0 0.39296875 0.975 0.1578125 0.05