0 0.28828125 0.03515625 0.0921875 0.0703125
0 0.328125 0.08125 0.103125 0.1625
0 0.1796875 0.24453125 0.115625 0.265625
0 0.1125 0.275 0.0703125 0.1765625
0 0.19765625 0.30390625 0.084375 0.1640625
0 0.21015625 0.43515625 0.0640625 0.1453125
0 0.1390625 0.43828125 0.125 0.146875
0 0.22578125 0.05625 0.1265625 0.1125
1 0.7953125 0.3828125 0.2078125 0.2546875
0 0.68515625 0.49296875 0.1921875 0.18125
0 0.75234375 0.9578125 0.1078125 0.084375
1 0.3546875 0.840625 0.35625 0.1515625
0 0.58046875 0.93671875 0.1859375 0.1265625
0 0.36171875 0.95390625 0.128125 0.0859375
0 0.14296875 0.8984375 0.075 0.0421875
1 0.43515625 0.80546875 0.60625 0.2578125
1 0.8421875 0.9390625 0.10625 0.121875