1 0.4296875 0.13984375 0.2375 0.2
0 0.29921875 0.2109375 0.1328125 0.14375
1 0.709375 0.08828125 0.26875 0.1765625
1 0.6078125 0.15703125 0.225 0.3140625
1 0.2734375 0.36796875 0.2078125 0.178125
0 0.16953125 0.4375 0.11875 0.1359375
0 0.490625 0.284375 0.3015625 0.284375
0 0.3953125 0.43671875 0.10625 0.11875
0 0.31484375 0.4796875 0.159375 0.1671875
1 0.6640625 0.34921875 0.2171875 0.16875
1 0.390625 0.13203125 0.71875 0.2640625
0 0.034375 0.2265625 0.065625 0.0859375
0 0.07734375 0.58828125 0.1546875 0.2671875
1 0.58671875 0.54296875 0.19375 0.2203125
1 0.9109375 0.3671875 0.178125 0.228125
1 0.796875 0.6 0.40625 0.575
0 0.76953125 0.871875 0.1453125 0.134375