0 0.865625 0.140625 0.1234375 0.19375
0 0.77265625 0.1328125 0.05 0.0671875
1 0.7078125 0.13359375 0.090625 0.0703125
1 0.74921875 0.0671875 0.1578125 0.096875
1 0.59921875 0.071875 0.159375 0.14375
0 0.30234375 0.34140625 0.4046875 0.284375
0 0.5515625 0.76640625 0.121875 0.1
0 0.84921875 0.87890625 0.159375 0.196875
0 0.6828125 0.8640625 0.190625 0.196875
0 0.60703125 0.6984375 0.153125 0.0796875
1 0.79296875 0.7546875 0.084375 0.11875
1 0.89375 0.7671875 0.1390625 0.103125
0 0.2328125 0.63515625 0.465625 0.3484375