1 0.8953125 0.4234375 0.209375 0.5625
0 0.6515625 0.7734375 0.0859375 0.1390625
1 0.82421875 0.81953125 0.1625 0.19375
0 0.5734375 0.175 0.0515625 0.1078125
1 0.3625 0.240625 0.496875 0.48125
1 0.61953125 0.32421875 0.3078125 0.590625
0 0.54453125 0.28125 0.05625 0.109375
0 0.5171875 0.37890625 0.05 0.090625
1 0.478125 0.4125 0.084375 0.175
0 0.47578125 0.50546875 0.0890625 0.171875
1 0.30859375 0.48046875 0.1359375 0.121875
0 0.603125 0.0671875 0.0578125 0.1140625
1 0.6109375 0.1265625 0.1078125 0.2203125
0 0.7703125 0.93125 0.2125 0.1375
1 0.0375 0.7234375 0.075 0.25
0 0.2546875 0.8171875 0.509375 0.365625