0 0.7875 0.1375 0.05625 0.059375
0 0.709375 0.2453125 0.053125 0.0515625
0 0.87578125 0.21796875 0.1015625 0.0671875
1 0.68671875 0.09921875 0.1609375 0.1984375
1 0.853125 0.08515625 0.146875 0.1703125
0 0.4625 0.2578125 0.08125 0.0875
0 0.175 0.07734375 0.2140625 0.071875
0 0.44140625 0.05078125 0.1796875 0.1015625
1 0.91640625 0.775 0.115625 0.1875
1 0.971875 0.78359375 0.05625 0.2171875
1 0.89609375 0.8703125 0.2078125 0.134375
1 0.14296875 0.96875 0.0890625 0.0625
0 0.5765625 0.875 0.171875 0.1484375
1 0.7125 0.88203125 0.06875 0.125
1 0.50625 0.56953125 0.1609375 0.153125
0 0.240625 0.66015625 0.4484375 0.271875
0 0.584375 0.65546875 0.115625 0.115625
1 0.1609375 0.84921875 0.125 0.1875
0 0.31640625 0.8375 0.0734375 0.159375
0 0.10625 0.8984375 0.065625 0.1109375