1 0.1359375 0.2015625 0.1453125 0.1484375
1 0.2890625 0.1921875 0.1421875 0.2015625
1 0.0265625 0.2875 0.053125 0.153125
1 0.06640625 0.27890625 0.08125 0.096875
0 0.0234375 0.3796875 0.046875 0.065625
0 0.3609375 0.29296875 0.034375 0.0484375
0 0.09296875 0.3953125 0.084375 0.1609375
1 0.334375 0.33515625 0.0828125 0.128125
0 0.0296875 0.4375 0.059375 0.078125
0 0.1859375 0.42109375 0.1765625 0.340625
0 0.34453125 0.5015625 0.096875 0.1125
0 0.2890625 0.64296875 0.190625 0.1875
0 0.53515625 0.36875 0.140625 0.203125
0 0.8875 0.265625 0.1515625 0.2359375
0 0.68984375 0.41484375 0.153125 0.296875
0 0.77578125 0.45 0.0890625 0.1671875
0 0.88203125 0.434375 0.0921875 0.2
0 0.6484375 0.084375 0.334375 0.16875
1 0.4921875 0.725 0.225 0.1703125
1 0.19375 0.86171875 0.253125 0.2546875
1 0.365625 0.85078125 0.20625 0.2984375
0 0.53671875 0.875 0.25 0.246875
1 0.46796875 0.9796875 0.2703125 0.040625
0 0.82421875 0.8640625 0.3515625 0.2125