0 0.3125 0.0 0.15 0.2
0 0.41640625 0.13046875 0.0484375 0.084375
0 0.0703125 0.1890625 0.06875 0.1109375
0 0.471875 0.2203125 0.1421875 0.0953125
0 0.29609375 0.225 0.04375 0.084375
1 0.14453125 0.01875 0.2265625 0.0375
1 0.47578125 0.03984375 0.2171875 0.0796875
1 0.97109375 0.1125 0.0578125 0.103125
1 0.92421875 0.1265625 0.0484375 0.1203125
0 0.95078125 0.18828125 0.025 0.053125
1 0.97578125 0.234375 0.04375 0.1421875
0 0.896875 0.2578125 0.084375 0.1515625
1 0.17109375 0.721875 0.334375 0.3390625
0 0.39609375 0.68671875 0.165625 0.346875
0 0.90859375 0.9 0.1421875 0.2