0 0.6765625 0.01953125 0.20625 0.0390625
0 0.71875 0.03828125 0.0296875 0.0328125
0 0.69453125 0.06640625 0.03125 0.0375
0 0.6390625 0.14375 0.05625 0.0734375
1 0.23671875 0.21015625 0.4734375 0.4203125
0 0.02421875 0.4765625 0.0484375 0.1625
1 0.91796875 0.2890625 0.140625 0.190625
0 0.81796875 0.37109375 0.2703125 0.2890625
0 0.89453125 0.6046875 0.2109375 0.278125
1 0.8140625 0.17421875 0.178125 0.16875
0 0.703125 0.234375 0.15 0.153125
0 0.325 0.628125 0.3484375 0.390625
0 0.57265625 0.63828125 0.459375 0.615625
0 0.4375 0.79375 0.0734375 0.0828125
0 0.4953125 0.7828125 0.1046875 0.121875