1 0.78203125 0.20078125 0.4359375 0.3796875
0 0.765625 0.35703125 0.090625 0.0484375
0 0.865625 0.40703125 0.065625 0.0375
0 0.67578125 0.39375 0.04375 0.0828125
1 0.34921875 0.11953125 0.3703125 0.2390625
1 0.090625 0.13046875 0.121875 0.2609375
0 0.3875 0.25625 0.0515625 0.071875
0 0.321875 0.265625 0.05625 0.0765625
0 0.1234375 0.3171875 0.0640625 0.1078125
0 0.33359375 0.40390625 0.203125 0.165625
0 0.03515625 0.3796875 0.0546875 0.071875
0 0.459375 0.525 0.0703125 0.1203125
0 0.2203125 0.496875 0.075 0.1109375
0 0.57109375 0.82421875 0.2046875 0.3515625
0 0.27734375 0.80234375 0.3 0.15
1 0.4328125 0.89375 0.0953125 0.209375
1 0.0125 0.5671875 0.025 0.1
1 0.0796875 0.609375 0.153125 0.175
1 0.3296875 0.65859375 0.3953125 0.2359375