0 0.509375 0.1875 0.0578125 0.0375
0 0.70390625 0.1921875 0.0390625 0.0828125
1 0.88203125 0.22421875 0.0703125 0.1921875
1 0.62890625 0.23671875 0.08125 0.0640625
0 0.75546875 0.2625 0.0578125 0.08125
0 0.70078125 0.28359375 0.0453125 0.090625
0 0.63984375 0.31328125 0.028125 0.05
0 0.596875 0.3171875 0.0234375 0.0515625
1 0.78828125 0.31484375 0.125 0.0484375
0 0.41796875 0.34765625 0.025 0.04375
1 0.58203125 0.0421875 0.2171875 0.084375
0 0.6265625 0.08984375 0.0484375 0.053125
0 0.58671875 0.13984375 0.1296875 0.06875
0 0.21015625 0.21796875 0.365625 0.4265625
0 0.57734375 0.68671875 0.1515625 0.15
0 0.76328125 0.86328125 0.1671875 0.1171875
1 0.6921875 0.54375 0.378125 0.134375
1 0.4625 0.6421875 0.1046875 0.259375
0 0.7859375 0.65546875 0.1359375 0.146875
1 0.1625 0.71640625 0.040625 0.0859375
0 0.19921875 0.7375 0.021875 0.109375
0 0.10078125 0.7453125 0.09375 0.1875
0 0.17890625 0.78125 0.015625 0.08125
0 0.15703125 0.79375 0.0265625 0.071875
1 0.3484375 0.48515625 0.109375 0.13125
1 0.21328125 0.4984375 0.171875 0.153125
0 0.1234375 0.6140625 0.053125 0.0765625
1 0.171875 0.625 0.053125 0.1