1 0.8375 0.38125 0.26875 0.175
0 0.6875 0.42578125 0.075 0.1125
0 0.61796875 0.5125 0.0828125 0.0765625
0 0.6984375 0.52578125 0.078125 0.0765625
1 0.83984375 0.16015625 0.2515625 0.3203125
0 0.69375 0.20546875 0.1953125 0.296875
0 0.15234375 0.365625 0.3046875 0.334375
0 0.98828125 0.77265625 0.0234375 0.0953125
0 0.72734375 0.86484375 0.078125 0.0546875
0 0.8734375 0.83671875 0.134375 0.0796875
0 0.97890625 0.84453125 0.0421875 0.0859375
0 0.8421875 0.78671875 0.315625 0.1171875
0 0.50078125 0.86796875 0.1234375 0.0703125