0 0.878125 0.13359375 0.240625 0.128125
0 0.2796875 0.3 0.403125 0.3046875
0 0.7046875 0.69453125 0.2203125 0.2796875
0 0.58828125 0.67421875 0.1109375 0.09375
1 0.3484375 0.64453125 0.128125 0.1609375
0 0.42109375 0.6734375 0.1046875 0.1484375
1 0.059375 0.6734375 0.10625 0.125
0 0.1421875 0.7078125 0.1421875 0.134375
0 0.34296875 0.83046875 0.21875 0.25
0 0.22109375 0.7953125 0.10625 0.0828125
0 0.140625 0.7953125 0.071875 0.0828125
1 0.0640625 0.76875 0.128125 0.103125
1 0.10078125 0.84921875 0.0703125 0.0765625