0 0.6703125 0.38125 0.153125 0.0953125
1 0.1234375 0.06171875 0.1515625 0.078125
0 0.3328125 0.1609375 0.128125 0.115625
1 0.21953125 0.15625 0.1171875 0.11875
1 0.103125 0.14296875 0.1375 0.11875
1 0.09453125 0.01484375 0.0796875 0.0296875
0 0.84453125 0.55390625 0.2875 0.2515625
1 0.2171875 0.57265625 0.1046875 0.2671875
1 0.12578125 0.56328125 0.140625 0.26875
1 0.371875 0.6703125 0.1734375 0.56875
0 0.28125 0.76875 0.065625 0.1328125
0 0.18125 0.7578125 0.1203125 0.1359375
1 0.08046875 0.7484375 0.1109375 0.1375
1 0.1484375 0.8890625 0.296875 0.175
0 0.36484375 0.96875 0.040625 0.040625
1 0.29609375 0.54296875 0.1140625 0.328125