0 0.68359375 0.025 0.0578125 0.05
0 0.6515625 0.08046875 0.040625 0.0625
0 0.609375 0.04453125 0.0515625 0.04375
0 0.5921875 0.0921875 0.0390625 0.0609375
0 0.73671875 0.028125 0.040625 0.0484375
0 0.19140625 0.31953125 0.0921875 0.115625
1 0.553125 0.5515625 0.1359375 0.1140625
0 0.65859375 0.5171875 0.1265625 0.1140625
1 0.91171875 0.47265625 0.1765625 0.1140625
0 0.9890625 0.54296875 0.021875 0.1484375
0 0.87265625 0.6234375 0.134375 0.1640625
0 0.75234375 0.67734375 0.1328125 0.1609375
0 0.31953125 0.78671875 0.4296875 0.4265625