0 0.26328125 0.08359375 0.2453125 0.1484375
0 0.48515625 0.1328125 0.1734375 0.2140625
0 0.3734375 0.19375 0.0625 0.053125
0 0.821875 0.19609375 0.346875 0.2234375
0 0.38984375 0.5859375 0.0640625 0.0859375
1 0.43515625 0.61015625 0.0640625 0.115625
1 0.04453125 0.62421875 0.0890625 0.146875
0 0.13125 0.64296875 0.1359375 0.165625
0 0.1984375 0.6609375 0.040625 0.090625
1 0.31953125 0.76328125 0.0984375 0.2140625
0 0.10234375 0.753125 0.053125 0.084375
1 0.41953125 0.35078125 0.065625 0.1796875
1 0.215625 0.4015625 0.4046875 0.403125
1 0.41328125 0.49609375 0.0890625 0.1171875
0 0.665625 0.65 0.1234375 0.1578125
0 0.76328125 0.77109375 0.1625 0.11875