1 0.46953125 0.24921875 0.1484375 0.18125
0 0.56328125 0.315625 0.0640625 0.309375
1 0.68828125 0.32734375 0.2015625 0.15
1 0.8875 0.35234375 0.21875 0.2359375
0 0.70234375 0.4328125 0.0 0.084375
0 0.77109375 0.4453125 0.046875 0.0640625
0 0.51171875 0.4828125 0.0921875 0.0484375
1 0.74140625 0.1875 0.3515625 0.165625
0 0.2015625 0.30546875 0.0671875 0.096875
0 0.2703125 0.30234375 0.0421875 0.059375
0 0.12109375 0.325 0.0578125 0.1203125
0 0.309375 0.42734375 0.0515625 0.09375
1 0.221875 0.20859375 0.2796875 0.11875
1 0.04921875 0.26875 0.0984375 0.15625
0 0.7921875 0.68203125 0.415625 0.3078125
0 0.16328125 0.7625 0.2125 0.221875
0 0.04609375 0.8046875 0.053125 0.1375
0 0.18671875 0.9234375 0.3140625 0.153125
1 0.171875 0.64140625 0.240625 0.134375