0 0.71875 0.1953125 0.39375 0.384375
1 0.06015625 0.09296875 0.0796875 0.1859375
1 0.2359375 0.0453125 0.090625 0.090625
0 0.29609375 0.04921875 0.0640625 0.0984375
0 0.15625 0.203125 0.16875 0.40625
0 0.24453125 0.18203125 0.053125 0.1875
0 0.4171875 0.2921875 0.040625 0.05625
0 0.27890625 0.34375 0.1453125 0.1421875
1 0.37265625 0.02890625 0.1046875 0.0578125
0 0.71640625 0.74375 0.5515625 0.5125
0 0.1953125 0.7984375 0.2328125 0.29375
0 0.06171875 0.88359375 0.0421875 0.0578125
0 0.37421875 0.9640625 0.046875 0.046875
1 0.234375 0.6234375 0.2703125 0.0953125
1 0.053125 0.63125 0.10625 0.2125