0 0.75078125 0.4640625 0.4984375 0.76875
0 0.578125 0.440625 0.2984375 0.5765625
0 0.9046875 0.66953125 0.190625 0.4671875
0 0.409375 0.071875 0.153125 0.14375
1 0.4921875 0.18125 0.196875 0.303125
1 0.2234375 0.10390625 0.1859375 0.20625
0 0.1265625 0.13671875 0.0609375 0.1
1 0.30390625 0.2203125 0.1 0.2609375
0 0.19375 0.25625 0.090625 0.134375
1 0.1390625 0.23125 0.1234375 0.1484375
1 0.06484375 0.275 0.0 0.1875
1 0.071875 0.3578125 0.1140625 0.1640625
0 0.48984375 0.059375 0.1015625 0.11875
1 0.34765625 0.034375 0.1390625 0.06875
1 0.74453125 0.93046875 0.1546875 0.1390625
1 0.6546875 0.91171875 0.190625 0.1765625
1 0.53359375 0.87578125 0.2703125 0.2484375
1 0.37734375 0.928125 0.1296875 0.14375
1 0.81953125 0.94609375 0.0890625 0.1078125
0 0.08125 0.784375 0.1625 0.15