0 0.4984375 0.175 0.5625 0.35
0 0.08359375 0.74453125 0.1078125 0.1796875
1 0.04453125 0.5703125 0.0890625 0.2
0 0.4671875 0.58671875 0.1484375 0.2265625
1 0.60625 0.54453125 0.1375 0.19375
0 0.5453125 0.5734375 0.1171875 0.1828125
1 0.8796875 0.6109375 0.1109375 0.1484375
0 0.80859375 0.64453125 0.140625 0.1578125
1 0.440625 0.81171875 0.225 0.3765625
0 0.59609375 0.7953125 0.3296875 0.3421875
0 0.75234375 0.74453125 0.1015625 0.0953125
0 0.82734375 0.753125 0.075 0.0984375
1 0.89453125 0.72890625 0.125 0.1171875
1 0.87734375 0.83046875 0.0796875 0.10625