0 0.45625 0.16328125 0.0734375 0.06875
0 0.16796875 0.27109375 0.2140625 0.1671875
0 0.37890625 0.2078125 0.0875 0.0703125
1 0.25625 0.08125 0.278125 0.1390625
1 0.89921875 0.49765625 0.0828125 0.13125
1 0.8203125 0.53828125 0.10625 0.2140625
0 0.9484375 0.49609375 0.103125 0.1953125
0 0.79921875 0.59765625 0.090625 0.1453125
0 0.73828125 0.66953125 0.128125 0.146875
0 0.90625 0.6421875 0.0640625 0.1
1 0.76328125 0.3515625 0.2203125 0.215625
1 0.9171875 0.3125 0.140625 0.209375
0 0.87734375 0.34921875 0.1109375 0.1671875
1 0.67265625 0.48828125 0.2015625 0.3578125
0 0.84375 0.48984375 0.078125 0.1203125
0 0.54765625 0.40703125 0.11875 0.14375
0 0.10625 0.7578125 0.2125 0.471875
0 0.56015625 0.61875 0.29375 0.3375
0 0.21640625 0.8234375 0.1953125 0.284375
0 0.2328125 0.97421875 0.171875 0.0515625
0 0.675 0.84921875 0.2171875 0.2609375