0 0.62578125 0.27578125 0.1390625 0.1375
0 0.5421875 0.384375 0.0625 0.0984375
0 0.50234375 0.44140625 0.075 0.159375
0 0.4515625 0.49375 0.1375 0.2640625
0 0.13515625 0.51484375 0.2703125 0.2421875
0 0.9015625 0.67890625 0.159375 0.15
0 0.7125 0.8078125 0.253125 0.2421875
0 0.3640625 0.67734375 0.0734375 0.0625
1 0.17890625 0.821875 0.265625 0.28125
0 0.3515625 0.74453125 0.0875 0.0890625
0 0.33046875 0.83515625 0.096875 0.1078125
1 0.4296875 0.86484375 0.15 0.2140625
0 0.3265625 0.93125 0.0 0.1109375
1 0.1 0.9625 0.184375 0.075
0 0.34453125 0.98125 0.1265625 0.0375