1 0.71640625 0.128125 0.4578125 0.25625
0 0.45859375 0.2828125 0.234375 0.3421875
0 0.1328125 0.34765625 0.071875 0.11875
1 0.990625 0.60859375 0.01875 0.2171875
0 0.9671875 0.63984375 0.065625 0.1796875
0 0.8296875 0.6703125 0.2859375 0.2765625
0 0.7015625 0.7765625 0.059375 0.0796875
0 0.77578125 0.834375 0.1203125 0.0890625
0 0.98046875 0.7953125 0.0390625 0.078125
0 0.896875 0.8203125 0.09375 0.0984375
0 0.8375 0.91328125 0.03125 0.05625
0 0.14765625 0.84140625 0.1546875 0.1453125
0 0.31875 0.8671875 0.0859375 0.184375
0 0.12109375 0.69921875 0.0578125 0.096875
0 0.053125 0.765625 0.0546875 0.178125