1 0.80625 0.2171875 0.3875 0.390625
0 0.8703125 0.44375 0.096875 0.1234375
1 0.9734375 0.4671875 0.053125 0.128125
1 0.66484375 0.42265625 0.09375 0.146875
0 0.93828125 0.471875 0.0421875 0.0828125
0 0.75234375 0.46015625 0.1265625 0.13125
0 0.9765625 0.54453125 0.028125 0.0359375
0 0.73984375 0.56953125 0.059375 0.1046875
0 0.87109375 0.596875 0.078125 0.1171875
0 0.63359375 0.57578125 0.0953125 0.184375
0 0.9625 0.63984375 0.046875 0.10625
0 0.56328125 0.6171875 0.075 0.1734375
0 0.2421875 0.3359375 0.484375 0.671875
0 0.63515625 0.89453125 0.196875 0.0875
0 0.25078125 0.81015625 0.0953125 0.0734375
0 0.07421875 0.81015625 0.1484375 0.1296875