0 0.68359375 0.27265625 0.078125 0.125
0 0.75234375 0.2984375 0.09375 0.1109375
0 0.5765625 0.2578125 0.0421875 0.0421875
1 0.35234375 0.22578125 0.0734375 0.0609375
1 0.52890625 0.284375 0.0546875 0.0765625
1 0.5609375 0.303125 0.053125 0.0671875
1 0.21171875 0.19140625 0.103125 0.0859375
1 0.6375 0.33828125 0.090625 0.0625
0 0.13046875 0.1796875 0.0 0.1125
1 0.5921875 0.0453125 0.15 0.090625
1 0.75546875 0.1390625 0.1359375 0.1734375
1 0.6609375 0.16328125 0.1453125 0.2671875
1 0.309375 0.11015625 0.3625 0.2203125
0 0.9203125 0.25234375 0.159375 0.2859375
0 0.84453125 0.31484375 0.025 0.0390625
1 0.99453125 0.37890625 0.0109375 0.0484375
1 0.8359375 0.365625 0.04375 0.046875
0 0.89765625 0.38515625 0.1015625 0.0640625
1 0.9625 0.428125 0.075 0.0875
1 0.8734375 0.41953125 0.1265625 0.0765625
0 0.4265625 0.61953125 0.30625 0.20625
1 0.75703125 0.60625 0.1890625 0.2359375
0 0.89375 0.653125 0.2125 0.246875
0 0.73984375 0.84375 0.3890625 0.3125