0 0.90625 0.1703125 0.0609375 0.1703125
0 0.57265625 0.26796875 0.0578125 0.05
0 0.28203125 0.259375 0.18125 0.109375
0 0.4890625 0.27890625 0.0734375 0.046875
1 0.59140625 0.0453125 0.0640625 0.0859375
1 0.42734375 0.08828125 0.26875 0.1265625
1 0.98515625 0.721875 0.01875 0.125
1 0.84296875 0.71953125 0.0453125 0.1203125
1 0.76015625 0.7265625 0.040625 0.20625
0 0.903125 0.74140625 0.0828125 0.171875
0 0.96640625 0.7625 0.053125 0.1265625
0 0.7203125 0.771875 0.0484375 0.13125
0 0.640625 0.81328125 0.090625 0.1203125
0 0.7984375 0.84921875 0.0359375 0.0890625
1 0.77578125 0.5421875 0.1703125 0.1640625
1 0.92578125 0.5625 0.08125 0.1859375
0 0.87734375 0.58046875 0.0640625 0.15
1 0.646875 0.63125 0.0953125 0.3328125
1 0.975 0.68984375 0.040625 0.1375
0 0.7984375 0.6921875 0.04375 0.1078125
0 0.56640625 0.51484375 0.08125 0.1203125
0 0.04375 0.66328125 0.0875 0.4546875
0 0.50234375 0.70546875 0.2078125 0.275
0 0.12734375 0.76328125 0.115625 0.253125
0 0.0625 0.934375 0.125 0.103125
0 0.521875 0.9203125 0.146875 0.159375