0 0.2359375 0.0890625 0.4 0.1734375
1 0.71171875 0.14375 0.5609375 0.2875
1 0.684375 0.31484375 0.1890625 0.06875
0 0.8265625 0.3171875 0.096875 0.0828125
1 0.46484375 0.33671875 0.046875 0.09375
0 0.5390625 0.33984375 0.1109375 0.096875
0 0.959375 0.34296875 0.071875 0.0625
0 0.390625 0.82578125 0.0328125 0.1140625
0 0.4375 0.82734375 0.046875 0.09375
0 0.32265625 0.846875 0.0234375 0.03125
1 0.18046875 0.88984375 0.040625 0.04375
1 0.3 0.8859375 0.025 0.0671875
1 0.3234375 0.89296875 0.025 0.059375
1 0.08828125 0.903125 0.0578125 0.0625
1 0.37890625 0.90234375 0.0546875 0.0390625
0 0.03671875 0.91875 0.0484375 0.09375
1 0.28203125 0.6390625 0.090625 0.06875
1 0.403125 0.67890625 0.065625 0.1515625
1 0.3515625 0.73125 0.053125 0.25625
1 0.11484375 0.740625 0.1 0.2640625
0 0.80390625 0.7796875 0.10625 0.14375
0 0.7109375 0.62109375 0.365625 0.071875
0 0.99765625 0.63671875 0.0046875 0.0859375
0 0.94765625 0.6546875 0.071875 0.1375