1 0.653125 0.0625 0.378125 0.125
0 0.878125 0.053125 0.078125 0.0640625
0 0.14921875 0.13671875 0.2984375 0.2171875
0 0.77734375 0.66328125 0.2296875 0.490625
0 0.29921875 0.41953125 0.025 0.021875
0 0.37734375 0.41171875 0.0234375 0.0125
0 0.06796875 0.425 0.025 0.0171875
0 0.1421875 0.43046875 0.0203125 0.0328125
0 0.34609375 0.434375 0.021875 0.0546875
0 0.0125 0.47265625 0.025 0.1109375
0 0.27265625 0.4609375 0.028125 0.090625
0 0.1953125 0.4734375 0.0359375 0.1234375
0 0.10859375 0.4859375 0.028125 0.071875
0 0.32109375 0.4984375 0.021875 0.06875
0 0.06953125 0.5359375 0.028125 0.096875
0 0.23046875 0.5609375 0.0328125 0.0796875