0 0.38984375 0.084375 0.3421875 0.16875
0 0.94453125 0.44765625 0.0453125 0.0484375
1 0.75 0.39765625 0.075 0.075
1 0.89296875 0.475 0.0671875 0.0890625
1 0.91640625 0.4984375 0.0640625 0.08125
1 0.63203125 0.35 0.103125 0.1046875
1 0.965625 0.5453125 0.06875 0.075
0 0.56015625 0.33203125 0.1125 0.134375
1 0.978125 0.21796875 0.04375 0.0734375
1 0.975 0.3671875 0.05 0.259375
1 0.75078125 0.21640625 0.3546875 0.35625
0 0.1640625 0.53203125 0.3140625 0.29375
0 0.68828125 0.7578125 0.5453125 0.484375