1 0.3109375 0.2375 0.090625 0.1375
0 0.528125 0.2546875 0.421875 0.3765625
0 0.8140625 0.19453125 0.2796875 0.2921875
1 0.3765625 0.05703125 0.403125 0.1140625
1 0.4171875 0.1015625 0.465625 0.203125
0 0.0609375 0.38828125 0.121875 0.5046875
1 0.80078125 0.5578125 0.1265625 0.1140625
0 0.5953125 0.6546875 0.065625 0.0828125
1 0.46328125 0.7109375 0.1421875 0.159375
0 0.928125 0.58125 0.0875 0.1109375
0 0.8 0.64140625 0.1859375 0.1140625
0 0.79765625 0.70703125 0.05625 0.0671875
0 0.9203125 0.67578125 0.04375 0.0625
1 0.5046875 0.5609375 0.34375 0.215625
0 0.70546875 0.565625 0.1125 0.1359375