0 0.9203125 0.1125 0.0265625 0.0578125
0 0.86328125 0.11796875 0.0296875 0.0484375
0 0.65078125 0.109375 0.0234375 0.040625
0 0.79296875 0.12265625 0.0171875 0.0359375
0 0.72421875 0.12421875 0.021875 0.040625
0 0.9875 0.14765625 0.025 0.0640625
0 0.76328125 0.1484375 0.025 0.0328125
0 0.83359375 0.16171875 0.0203125 0.0390625
0 0.63046875 0.15859375 0.0265625 0.046875
0 0.70078125 0.184375 0.0375 0.0921875
0 0.959375 0.20078125 0.028125 0.065625
0 0.8828125 0.1 0.0359375 0.096875
0 0.79765625 0.20625 0.0265625 0.053125
0 0.99609375 0.23046875 0.0078125 0.0515625
0 0.653125 0.22421875 0.021875 0.0453125
0 0.75625 0.23984375 0.028125 0.0703125
0 0.91015625 0.2703125 0.03125 0.0578125
1 0.2328125 0.059375 0.33125 0.11875
0 0.04296875 0.08984375 0.0546875 0.1796875
0 0.96796875 0.5953125 0.0359375 0.059375
0 0.528125 0.79453125 0.05 0.05
1 0.5453125 0.49140625 0.228125 0.1890625
0 0.115625 0.75234375 0.23125 0.4640625