0 0.60625 0.13828125 0.0734375 0.075
0 0.7484375 0.184375 0.1578125 0.08125
0 0.8109375 0.24921875 0.075 0.0796875
0 0.9296875 0.2703125 0.046875 0.046875
1 0.48828125 0.1171875 0.165625 0.1203125
1 0.78671875 0.10546875 0.3015625 0.103125
1 0.14296875 0.21875 0.2859375 0.15625
0 0.33515625 0.23359375 0.0640625 0.071875
0 0.25625 0.3140625 0.09375 0.0515625
0 0.38828125 0.30625 0.0453125 0.03125
0 0.89453125 0.53671875 0.134375 0.41875
0 0.3484375 0.64765625 0.2375 0.2890625
0 0.1359375 0.81015625 0.1390625 0.1890625
0 0.4453125 0.84453125 0.0640625 0.1015625
0 0.04140625 0.93984375 0.01875 0.10625
0 0.4625 0.97109375 0.05 0.0578125
0 0.13203125 0.98828125 0.1109375 0.0234375