0 0.890625 0.34921875 0.109375 0.134375
1 0.803125 0.32734375 0.11875 0.1390625
1 0.83203125 0.41796875 0.2265625 0.096875
1 0.96171875 0.48671875 0.0765625 0.0921875
1 0.89921875 0.5 0.071875 0.0953125
0 0.8140625 0.5109375 0.140625 0.16875
0 0.94453125 0.58828125 0.1109375 0.1484375
0 0.8140625 0.62578125 0.146875 0.05625
1 0.91640625 0.19453125 0.1609375 0.2171875
1 0.95703125 0.28828125 0.0859375 0.3453125
0 0.4140625 0.23984375 0.490625 0.4796875
0 0.84609375 0.9546875 0.0671875 0.090625
1 0.06484375 0.7796875 0.1203125 0.178125
0 0.19375 0.83828125 0.2390625 0.2328125
0 0.30078125 0.9296875 0.075 0.0640625
1 0.0546875 0.51484375 0.109375 0.1453125
1 0.165625 0.6109375 0.2375 0.2796875