1 0.6890625 0.05625 0.265625 0.1125
0 0.4859375 0.11953125 0.228125 0.1609375
0 0.3109375 0.30859375 0.15625 0.1390625
1 0.25859375 0.17265625 0.325 0.2359375
0 0.209375 0.76953125 0.415625 0.4609375
1 0.5578125 0.61484375 0.284375 0.2171875
0 0.40546875 0.6984375 0.1421875 0.171875
1 0.76796875 0.54375 0.190625 0.2078125
1 0.953125 0.49375 0.09375 0.21875
0 0.93359375 0.53984375 0.0921875 0.1203125
0 0.69296875 0.68828125 0.121875 0.1421875
0 0.83671875 0.6921875 0.175 0.19375
1 0.50859375 0.45625 0.63125 0.4375