0 0.715625 0.0640625 0.2875 0.128125
0 0.265625 0.24765625 0.25 0.146875
0 0.815625 0.55546875 0.1765625 0.0859375
0 0.9875 0.51640625 0.025 0.0765625
0 0.98984375 0.58125 0.0203125 0.1
1 0.87421875 0.6265625 0.1265625 0.11875
1 0.784375 0.684375 0.103125 0.06875
0 0.83984375 0.76640625 0.225 0.1796875
1 0.71875 0.8046875 0.08125 0.1671875
1 0.84765625 0.434375 0.3046875 0.2375
1 0.0984375 0.6328125 0.171875 0.11875
1 0.6078125 0.6453125 0.14375 0.23125
1 0.39453125 0.7234375 0.421875 0.3703125
0 0.1453125 0.803125 0.2203125 0.2953125
1 0.34921875 0.921875 0.3921875 0.15625
0 0.146875 0.96796875 0.090625 0.0640625