0 0.7734375 0.171875 0.2484375 0.1328125
1 0.315625 0.12265625 0.090625 0.2453125
1 0.096875 0.16875 0.146875 0.196875
0 0.0390625 0.2671875 0.0359375 0.0265625
0 0.32578125 0.4671875 0.0375 0.0703125
1 0.80078125 0.58359375 0.3796875 0.3015625
0 0.47890625 0.5546875 0.3125 0.2859375
0 0.340625 0.72265625 0.1046875 0.2171875
1 0.6640625 0.84375 0.384375 0.3125
0 0.428125 0.83671875 0.146875 0.325
0 0.2734375 0.92890625 0.03125 0.1015625
0 0.12265625 0.39453125 0.15625 0.0484375
0 0.11875 0.58046875 0.2375 0.2453125