0 0.0546875 0.21328125 0.0765625 0.0859375
1 0.409375 0.109375 0.2125 0.21875
0 0.6734375 0.05234375 0.15625 0.1046875
0 0.515625 0.0796875 0.14375 0.159375
0 0.775 0.084375 0.0984375 0.08125
0 0.63359375 0.16953125 0.0375 0.0359375
0 0.81875 0.14609375 0.05625 0.05625
1 0.51875 0.03203125 0.190625 0.0640625
0 0.37578125 0.70703125 0.5609375 0.5859375
1 0.65390625 0.5609375 0.296875 0.4578125
0 0.80546875 0.59765625 0.0671875 0.0828125
1 0.90703125 0.55234375 0.1859375 0.2453125
0 0.77734375 0.64140625 0.1015625 0.1796875
0 0.84765625 0.6546875 0.0671875 0.078125
1 0.81953125 0.80234375 0.1640625 0.221875
1 0.79921875 0.37578125 0.1828125 0.23125
1 0.728125 0.4515625 0.178125 0.3