0 0.53984375 0.03828125 0.0453125 0.0765625
0 0.72890625 0.03203125 0.0640625 0.0640625
0 0.88515625 0.0328125 0.0921875 0.065625
1 0.8 0.040625 0.0 0.08125
1 0.52890625 0.13984375 0.1734375 0.1421875
0 0.7875 0.1875 0.3484375 0.2625
1 0.63203125 0.0546875 0.1671875 0.109375
1 0.30234375 0.2546875 0.1296875 0.10625
0 0.17421875 0.3703125 0.203125 0.303125
0 0.34296875 0.4328125 0.078125 0.1234375
0 0.4703125 0.4328125 0.0484375 0.0640625
1 0.25 0.15390625 0.384375 0.1734375
1 0.04453125 0.24140625 0.0890625 0.2453125
0 0.82265625 0.796875 0.3546875 0.3625
0 0.28828125 0.8796875 0.4796875 0.240625