0 0.21328125 0.14140625 0.0859375 0.2828125
0 0.1390625 0.1375 0.028125 0.0578125
0 0.3125 0.1703125 0.1421875 0.1328125
0 0.16484375 0.1625 0.025 0.09375
1 0.390625 0.21796875 0.0296875 0.059375
1 0.12421875 0.22421875 0.0296875 0.084375
1 0.16015625 0.2484375 0.025 0.0734375
0 0.2734375 0.25859375 0.065625 0.0640625
1 0.3546875 0.28828125 0.1078125 0.0921875
0 0.353125 0.065625 0.05625 0.0875
0 0.65234375 0.3515625 0.3921875 0.3421875
0 0.19296875 0.76640625 0.0390625 0.115625
1 0.31875 0.77890625 0.0984375 0.08125
0 0.24609375 0.78984375 0.05625 0.1078125
1 0.3875 0.81015625 0.0515625 0.1296875
0 0.30625 0.83671875 0.0796875 0.04375
1 0.3546875 0.8453125 0.0171875 0.0515625
0 0.115625 0.82109375 0.0859375 0.321875
1 0.37265625 0.90078125 0.03125 0.0578125
0 0.32578125 0.90546875 0.015625 0.0484375
0 0.040625 0.88046875 0.08125 0.1953125
1 0.1265625 0.61484375 0.075 0.0984375
1 0.18984375 0.63984375 0.065625 0.140625
1 0.3234375 0.659375 0.2171875 0.1734375
1 0.04609375 0.6453125 0.0921875 0.16875
1 0.57109375 0.8796875 0.1984375 0.1984375
0 0.71484375 0.91328125 0.1078125 0.1546875
1 0.71328125 0.69765625 0.3859375 0.2109375