0 0.12265625 0.18125 0.2453125 0.253125
0 0.74765625 0.0546875 0.1109375 0.109375
1 0.6828125 0.07578125 0.0875 0.10625
1 0.346875 0.23125 0.1859375 0.41875
0 0.75546875 0.159375 0.1390625 0.1328125
0 0.6 0.23203125 0.1625 0.1890625
1 0.4734375 0.265625 0.1671875 0.196875
0 0.559375 0.4578125 0.1609375 0.2546875
0 0.409375 0.5765625 0.0734375 0.115625
1 0.65234375 0.0078125 0.0671875 0.015625
1 0.5484375 0.0859375 0.196875 0.171875
1 0.4203125 0.09921875 0.14375 0.1984375
0 0.15703125 0.86796875 0.0734375 0.0796875
0 0.2359375 0.89921875 0.096875 0.0640625
0 0.77890625 0.5875 0.15 0.0859375
0 0.446875 0.83515625 0.0421875 0.1078125