0 0.11875 0.33046875 0.1203125 0.28125
0 0.34375 0.43515625 0.0828125 0.215625
0 0.065625 0.41953125 0.090625 0.19375
0 0.271875 0.49375 0.06875 0.109375
0 0.18046875 0.50703125 0.1078125 0.2046875
1 0.25390625 0.14296875 0.375 0.2234375
0 0.43203125 0.3046875 0.1328125 0.3453125
1 0.7890625 0.1921875 0.13125 0.2875
0 0.71328125 0.2640625 0.10625 0.3078125
1 0.7390625 0.078125 0.0859375 0.0875
1 0.696875 0.83125 0.503125 0.2703125
1 0.5515625 0.93984375 0.140625 0.1203125
0 0.765625 0.96640625 0.13125 0.0671875
0 0.87421875 0.9828125 0.0703125 0.034375
0 0.6265625 0.9734375 0.065625 0.053125
0 0.54765625 0.99296875 0.0421875 0.0140625