0 0.4390625 0.23671875 0.446875 0.4734375
0 0.90625 0.2375 0.0765625 0.121875
0 0.821875 0.2375 0.046875 0.075
0 0.98671875 0.25625 0.0265625 0.153125
0 0.78125 0.40234375 0.0578125 0.11875
1 0.85234375 0.1125 0.2953125 0.134375
0 0.55703125 0.71875 0.0484375 0.065625
0 0.43359375 0.778125 0.071875 0.0859375
0 0.5515625 0.78984375 0.078125 0.0703125
0 0.34375 0.8125 0.0859375 0.165625
1 0.60703125 0.83515625 0.0609375 0.2484375
1 0.27734375 0.8328125 0.0859375 0.271875
0 0.4484375 0.86015625 0.084375 0.08125
1 0.44296875 0.6421875 0.3953125 0.1375
0 0.890625 0.79609375 0.2125 0.4078125