0 0.11953125 0.290625 0.1109375 0.1171875
0 0.1671875 0.403125 0.178125 0.1453125
0 0.028125 0.4875 0.05625 0.140625
0 0.36015625 0.44921875 0.1625 0.175
0 0.22734375 0.5046875 0.0640625 0.059375
0 0.69609375 0.3375 0.3375 0.2890625
0 0.36015625 0.7609375 0.071875 0.1140625
1 0.44921875 0.73671875 0.153125 0.128125
0 0.20390625 0.8078125 0.196875 0.20625
1 0.3203125 0.8171875 0.0859375 0.109375
0 0.55546875 0.79375 0.0828125 0.1578125
0 0.4015625 0.8421875 0.0578125 0.0828125
0 0.47890625 0.86953125 0.096875 0.1
1 0.30546875 0.91875 0.25 0.14375
1 0.29140625 0.9765625 0.1765625 0.046875
1 0.16015625 0.66796875 0.221875 0.1734375
1 0.3609375 0.625 0.1453125 0.184375
0 0.06484375 0.7390625 0.0625 0.1546875
1 0.6734375 0.83203125 0.2265625 0.3015625