0 0.371875 0.1625 0.203125 0.325
0 0.16484375 0.25390625 0.3296875 0.5078125
0 0.74375 0.19921875 0.4640625 0.390625
0 0.66796875 0.50390625 0.253125 0.2
0 0.2796875 0.78515625 0.209375 0.13125
1 0.09765625 0.7578125 0.1953125 0.125
0 0.1828125 0.88046875 0.365625 0.1984375
1 0.31015625 0.69296875 0.1796875 0.1171875
1 0.54609375 0.83671875 0.1328125 0.1640625
0 0.44609375 0.82109375 0.1015625 0.1546875
1 0.85390625 0.9828125 0.1109375 0.034375
0 0.7390625 0.97421875 0.159375 0.0515625
0 0.4484375 0.93984375 0.209375 0.1203125