0 0.97109375 0.25 0.0578125 0.125
0 0.93203125 0.203125 0.1171875 0.1125
0 0.64296875 0.21171875 0.0640625 0.0609375
0 0.409375 0.09296875 0.1828125 0.153125
0 0.571875 0.18828125 0.075 0.0625
1 0.72734375 0.06796875 0.059375 0.0453125
1 0.584375 0.05703125 0.246875 0.1140625
0 0.69765625 0.7109375 0.6046875 0.578125
0 0.43671875 0.478125 0.196875 0.1953125
0 0.3640625 0.61640625 0.2015625 0.2234375
0 0.33203125 0.79609375 0.0546875 0.06875
0 0.24296875 0.76328125 0.0875 0.09375
0 0.3359375 0.41484375 0.15 0.18125