0 0.4375 0.32578125 0.825 0.6515625
0 0.61953125 0.9703125 0.0671875 0.059375
0 0.66640625 0.990625 0.0421875 0.01875
0 0.559375 0.9484375 0.065625 0.0765625
1 0.66640625 0.93125 0.2140625 0.1375
1 0.51796875 0.884375 0.125 0.11875
0 0.35 0.83125 0.115625 0.078125
0 0.0265625 0.65546875 0.053125 0.1078125
0 0.32265625 0.8828125 0.1203125 0.1015625
0 0.19609375 0.57109375 0.3921875 0.3109375
1 0.42890625 0.76875 0.2296875 0.225
0 0.10546875 0.6140625 0.0953125 0.0828125
0 0.2109375 0.68359375 0.0953125 0.0921875
0 0.31015625 0.74765625 0.0859375 0.0953125
1 0.02578125 0.55625 0.0515625 0.134375