0 0.6265625 0.3328125 0.184375 0.240625
0 0.159375 0.5046875 0.31875 0.665625
0 0.2640625 0.55625 0.0 0.1984375
0 0.4734375 0.59453125 0.0546875 0.065625
0 0.5203125 0.60703125 0.0609375 0.1140625
0 0.603125 0.6046875 0.1015625 0.1171875
0 0.365625 0.71875 0.190625 0.2125
1 0.928125 0.56171875 0.0875 0.15
1 0.88046875 0.63203125 0.13125 0.190625
1 0.2109375 0.884375 0.234375 0.1671875
1 0.33828125 0.9234375 0.4234375 0.153125
0 0.37890625 0.16328125 0.19375 0.2984375
1 0.17734375 0.35078125 0.1609375 0.2640625
0 0.24453125 0.35546875 0.1203125 0.2203125