0 0.30234375 0.35078125 0.0828125 0.3875
1 0.91640625 0.16484375 0.121875 0.20625
0 0.85078125 0.259375 0.08125 0.3578125
1 0.7046875 0.3015625 0.2453125 0.178125
1 0.4625 0.3765625 0.2875 0.28125
0 0.7109375 0.4234375 0.121875 0.0984375
0 0.63203125 0.45390625 0.05625 0.0734375
0 0.9453125 0.4359375 0.10625 0.0578125
1 0.60859375 0.153125 0.428125 0.2015625
0 0.11796875 0.79765625 0.0375 0.06875
1 0.1953125 0.665625 0.1203125 0.1375
1 0.0609375 0.69765625 0.1015625 0.165625
0 0.73046875 0.71796875 0.5 0.1625