1 0.36875 0.26640625 0.14375 0.1140625
0 0.1546875 0.2640625 0.1234375 0.103125
0 0.25859375 0.28359375 0.09375 0.13125
0 0.12890625 0.4140625 0.1453125 0.11875
0 0.2734375 0.45390625 0.0890625 0.0796875
0 0.41796875 0.49296875 0.0640625 0.0453125
1 0.17265625 0.15703125 0.2859375 0.1296875
1 0.49140625 0.2328125 0.11875 0.1625
0 0.96484375 0.24140625 0.0703125 0.0984375
0 0.88984375 0.4953125 0.0875 0.1859375
0 0.7765625 0.54765625 0.0953125 0.14375
1 0.55390625 0.5484375 0.0890625 0.0609375
1 0.95703125 0.12421875 0.0859375 0.1640625
0 0.075 0.7140625 0.15 0.359375
0 0.1828125 0.70078125 0.1234375 0.3
0 0.821875 0.9890625 0.125 0.021875