0 0.48046875 0.02109375 0.0421875 0.0421875
0 0.68359375 0.0140625 0.0390625 0.028125
0 0.628125 0.02734375 0.034375 0.0484375
0 0.77734375 0.0171875 0.0671875 0.034375
0 0.484375 0.08671875 0.0359375 0.0421875
0 0.53203125 0.08984375 0.0296875 0.0390625
0 0.61484375 0.07890625 0.034375 0.05
0 0.83125 0.025 0.0375 0.0484375
0 0.48515625 0.15234375 0.053125 0.09375
0 0.678125 0.0953125 0.071875 0.128125
0 0.759375 0.07109375 0.046875 0.0859375
0 0.590625 0.1390625 0.0546875 0.078125
0 0.81875 0.09140625 0.0390625 0.059375
0 0.5578125 0.19453125 0.05625 0.0796875
0 0.73671875 0.159375 0.05625 0.08125
0 0.1375 0.278125 0.275 0.40625
0 0.94296875 0.50859375 0.1140625 0.0578125
0 0.37578125 0.80234375 0.6359375 0.3953125