1 0.83828125 0.10390625 0.0984375 0.2078125
0 0.75625 0.29453125 0.1578125 0.3734375
1 0.63359375 0.33515625 0.1171875 0.403125
0 0.9046875 0.35078125 0.0703125 0.2609375
1 0.95625 0.3546875 0.0484375 0.2390625
0 0.85078125 0.36640625 0.04375 0.059375
0 0.73515625 0.04296875 0.0390625 0.0859375
1 0.91328125 0.54375 0.046875 0.13125
1 0.39140625 0.12265625 0.3046875 0.2453125
0 0.1703125 0.31953125 0.340625 0.6265625
0 0.77890625 0.7328125 0.2046875 0.2453125
0 0.34765625 0.73125 0.453125 0.2203125