0 0.66875 0.0953125 0.1375 0.0703125
0 0.93828125 0.07734375 0.06875 0.0375
0 0.84609375 0.0953125 0.065625 0.04375
1 0.59765625 0.1484375 0.05 0.1046875
1 0.9140625 0.165625 0.11875 0.059375
1 0.78828125 0.015625 0.1734375 0.03125
0 0.95078125 0.021875 0.0359375 0.04375
0 0.7734375 0.0421875 0.0625 0.071875
0 0.19140625 0.2578125 0.3046875 0.2421875
0 0.43828125 0.346875 0.0421875 0.046875
1 0.025 0.1671875 0.05 0.153125
0 0.81328125 0.6234375 0.1890625 0.478125
0 0.390625 0.82109375 0.084375 0.11875
0 0.11875 0.69921875 0.2375 0.4234375