0 0.22734375 0.22578125 0.075 0.096875
1 0.0578125 0.3109375 0.115625 0.115625
0 0.16875 0.315625 0.1359375 0.1875
0 0.08125 0.41015625 0.0859375 0.0890625
1 0.096875 0.23984375 0.19375 0.1890625
1 0.29140625 0.14453125 0.1703125 0.1625
1 0.78046875 0.02734375 0.1328125 0.0546875
0 0.709375 0.09921875 0.234375 0.1984375
0 0.5453125 0.203125 0.1046875 0.109375
0 0.4265625 0.2578125 0.0453125 0.053125
1 0.478125 0.0875 0.275 0.175
0 0.26875 0.5125 0.1828125 0.190625
0 0.16484375 0.6375 0.25625 0.3390625
0 0.3296875 0.675 0.0734375 0.103125
1 0.2578125 0.80234375 0.0921875 0.1140625
0 0.725 0.446875 0.55 0.546875