1 0.8203125 0.05078125 0.090625 0.1015625
1 0.73828125 0.0921875 0.1140625 0.184375
0 0.9109375 0.0515625 0.04375 0.103125
1 0.61171875 0.18984375 0.2171875 0.3796875
0 0.94765625 0.096875 0.0328125 0.0828125
0 0.8859375 0.12734375 0.0625 0.2546875
0 0.83046875 0.13359375 0.0859375 0.08125
1 0.4625 0.1765625 0.134375 0.2109375
1 0.94453125 0.221875 0.071875 0.1375
0 0.80078125 0.28203125 0.1921875 0.2296875
0 0.94453125 0.378125 0.109375 0.1875
0 0.85 0.421875 0.1078125 0.08125
1 0.728125 0.4421875 0.153125 0.1109375
0 0.07421875 0.14765625 0.1484375 0.2234375
0 0.17578125 0.196875 0.075 0.115625
0 0.23828125 0.2671875 0.0578125 0.1359375
0 0.31171875 0.38828125 0.046875 0.134375
0 0.79453125 0.5609375 0.4109375 0.2
0 0.175 0.5953125 0.3421875 0.128125