1 0.32578125 0.05234375 0.4921875 0.1046875
0 0.19296875 0.11015625 0.3046875 0.134375
0 0.52578125 0.209375 0.3125 0.178125
0 0.88984375 0.34296875 0.0515625 0.175
0 0.97265625 0.375 0.0546875 0.284375
0 0.7515625 0.40078125 0.0453125 0.15625
0 0.89765625 0.0796875 0.2046875 0.09375
1 0.7640625 0.10234375 0.0796875 0.1421875
0 0.76484375 0.22265625 0.0578125 0.1015625
1 0.721875 0.23515625 0.0515625 0.1421875
0 0.42734375 0.7421875 0.15625 0.3421875
1 0.09375 0.746875 0.1875 0.36875
0 0.25703125 0.8484375 0.20625 0.1375
0 0.546875 0.8875 0.159375 0.08125
1 0.27578125 0.684375 0.2171875 0.2390625
0 0.8921875 0.83359375 0.178125 0.3328125