0 0.97421875 0.2203125 0.0515625 0.134375
0 0.89921875 0.528125 0.0609375 0.1015625
0 0.93515625 0.60234375 0.1296875 0.1765625
0 0.84453125 0.60625 0.0546875 0.1
1 0.97421875 0.43203125 0.0515625 0.2140625
1 0.56640625 0.40234375 0.1296875 0.128125
0 0.46640625 0.51484375 0.1546875 0.203125
1 0.37578125 0.51328125 0.14375 0.2234375
0 0.23671875 0.578125 0.2796875 0.4515625
0 0.37265625 0.7765625 0.1 0.309375
0 0.2015625 0.8609375 0.1765625 0.15625
1 0.61171875 0.265625 0.2546875 0.2453125
1 0.4 0.24609375 0.2953125 0.3515625
0 0.51875 0.36484375 0.09375 0.1421875