0 0.81875 0.21171875 0.1 0.309375
0 0.92421875 0.24296875 0.1515625 0.3078125
0 0.97890625 0.39296875 0.0375 0.0453125
0 0.9765625 0.4375 0.0328125 0.040625
0 0.99453125 0.46796875 0.0109375 0.0421875
0 0.86640625 0.4578125 0.0734375 0.05625
0 0.99375 0.50390625 0.0125 0.0234375
1 0.33828125 0.028125 0.2671875 0.05625
0 0.2890625 0.04453125 0.1265625 0.0859375
0 0.67734375 0.75078125 0.1296875 0.103125
0 0.87109375 0.80390625 0.0671875 0.0953125
0 0.7671875 0.87734375 0.1171875 0.203125
0 0.853125 0.94609375 0.071875 0.1078125
1 0.80234375 0.6875 0.3375 0.1765625
1 0.5546875 0.68125 0.196875 0.2203125
0 0.26875 0.61640625 0.5375 0.6234375