0 0.87734375 0.234375 0.2421875 0.2859375
0 0.675 0.27109375 0.159375 0.13125
0 0.83984375 0.42109375 0.0765625 0.1109375
0 0.6515625 0.3578125 0.0515625 0.08125
0 0.9 0.46015625 0.0421875 0.05625
0 0.565625 0.3453125 0.0453125 0.075
1 0.75234375 0.1515625 0.171875 0.2015625
0 0.29140625 0.14453125 0.2125 0.1640625
0 0.2875 0.27109375 0.140625 0.1203125
0 0.175 0.23359375 0.08125 0.075
0 0.08515625 0.20078125 0.0265625 0.040625
1 0.1890625 0.059375 0.14375 0.11875
0 0.54765625 0.82421875 0.7015625 0.3515625
0 0.18984375 0.5296875 0.3796875 0.48125