1 0.6875 0.296875 0.1546875 0.1265625
0 0.715625 0.3859375 0.0 0.1296875
1 0.6921875 0.49765625 0.1625 0.2265625
1 0.646875 0.56015625 0.1515625 0.228125
1 0.76640625 0.51015625 0.1078125 0.1546875
1 0.6015625 0.60625 0.1328125 0.1890625
1 0.66640625 0.07109375 0.1984375 0.1421875
1 0.6046875 0.1375 0.240625 0.275
0 0.15390625 0.3375 0.28125 0.4140625
0 0.12421875 0.5484375 0.1421875 0.1609375
0 0.3046875 0.60234375 0.09375 0.15
0 0.1875 0.66796875 0.0671875 0.1125
0 0.35859375 0.60234375 0.05 0.075
0 0.14765625 0.71640625 0.0609375 0.1046875
1 0.07265625 0.33671875 0.1453125 0.2984375
0 0.5375 0.88828125 0.334375 0.2234375
1 0.421875 0.83125 0.3859375 0.2328125