0 0.6078125 0.1640625 0.1578125 0.325
1 0.36953125 0.1421875 0.1140625 0.284375
0 0.440625 0.1609375 0.046875 0.1046875
0 0.4171875 0.26640625 0.0625 0.1171875
1 0.16484375 0.20546875 0.3203125 0.4109375
0 0.38828125 0.36953125 0.0671875 0.090625
0 0.46015625 0.05546875 0.0640625 0.1109375
0 0.75703125 0.7109375 0.1390625 0.1265625
1 0.8734375 0.72265625 0.096875 0.146875
0 0.646875 0.74765625 0.0875 0.15
1 0.9484375 0.50390625 0.103125 0.1453125
1 0.96875 0.6171875 0.0578125 0.0859375
0 0.865625 0.61328125 0.153125 0.0859375
0 0.08984375 0.5 0.096875 0.071875
0 0.31953125 0.5453125 0.3265625 0.1171875
0 0.02265625 0.5609375 0.0453125 0.071875
1 0.35546875 0.45 0.259375 0.0828125