0 0.3015625 0.4125 0.109375 0.159375
0 0.221875 0.51796875 0.1125 0.1359375
0 0.1359375 0.621875 0.0671875 0.0609375
1 0.32578125 0.10859375 0.14375 0.1671875
1 0.14140625 0.23046875 0.2828125 0.2921875
0 0.30390625 0.2125 0.0953125 0.1359375
0 0.2359375 0.2875 0.1109375 0.1
0 0.5578125 0.175 0.3125 0.35
1 0.4859375 0.22421875 0.29375 0.4484375
0 0.74765625 0.14609375 0.3140625 0.2921875
1 0.7734375 0.3046875 0.3375 0.228125
1 0.65703125 0.0375 0.2734375 0.075
0 0.40390625 0.809375 0.5921875 0.38125
0 0.80625 0.64609375 0.3875 0.5359375