1 0.3671875 0.2546875 0.1125 0.253125
1 0.9 0.1546875 0.1375 0.3046875
0 0.8421875 0.22265625 0.075 0.146875
0 0.7921875 0.29765625 0.0515625 0.0609375
1 0.74296875 0.3140625 0.071875 0.1109375
0 0.5296875 0.35703125 0.0453125 0.0546875
0 0.6828125 0.33203125 0.06875 0.0484375
1 0.36640625 0.43125 0.1328125 0.125
1 0.87734375 0.340625 0.20625 0.096875
0 0.72890625 0.3921875 0.0703125 0.05625
0 0.5171875 0.43828125 0.140625 0.059375
0 0.9640625 0.3625 0.0375 0.01875
0 0.8859375 0.37890625 0.0421875 0.01875
0 0.08671875 0.45078125 0.1734375 0.2046875
0 0.590625 0.66015625 0.3125 0.1578125
0 0.24296875 0.74609375 0.3609375 0.5078125