0 0.909375 0.35859375 0.18125 0.2921875
0 0.5109375 0.1109375 0.1375 0.221875
0 0.2421875 0.26796875 0.165625 0.2171875
0 0.7515625 0.7359375 0.0984375 0.1359375
0 0.63828125 0.77578125 0.0484375 0.1109375
0 0.8640625 0.80703125 0.053125 0.1015625
0 0.69375 0.80625 0.0359375 0.1015625
0 0.77734375 0.85 0.109375 0.0875
0 0.93125 0.8578125 0.0921875 0.0953125
0 0.8546875 0.91171875 0.0515625 0.0953125
0 0.84921875 0.98515625 0.0359375 0.0296875
1 0.78125 0.55 0.159375 0.10625
0 0.740625 0.62890625 0.0265625 0.0640625
1 0.19921875 0.74140625 0.09375 0.109375
0 0.29609375 0.76640625 0.109375 0.1546875
1 0.15390625 0.83359375 0.0640625 0.08125
0 0.315625 0.58984375 0.078125 0.2078125
1 0.2515625 0.5875 0.0609375 0.203125