1 0.47109375 0.0125 0.0921875 0.025
0 0.54609375 0.0140625 0.1234375 0.028125
0 0.43203125 0.01796875 0.0578125 0.0359375
1 0.65234375 0.04609375 0.1171875 0.0921875
0 0.45390625 0.12734375 0.05 0.0703125
0 0.63828125 0.0640625 0.040625 0.0578125
0 0.61484375 0.1328125 0.13125 0.175
0 0.5734375 0.22578125 0.06875 0.1078125
0 0.49140625 0.27890625 0.0375 0.05625
0 0.70859375 0.16953125 0.04375 0.0671875
0 0.18515625 0.290625 0.3703125 0.34375
0 0.3390625 0.409375 0.3515625 0.3828125
1 0.21015625 0.13203125 0.2140625 0.1625
0 0.8484375 0.8375 0.265625 0.190625
0 0.21328125 0.9796875 0.0515625 0.040625
1 0.58828125 0.8484375 0.10625 0.1046875
0 0.49296875 0.90234375 0.159375 0.1359375
0 0.41796875 0.9453125 0.0515625 0.0578125
0 0.53203125 0.95078125 0.0640625 0.0609375
1 0.15390625 0.871875 0.0796875 0.103125
1 0.3828125 0.803125 0.46875 0.3703125
1 0.190625 0.94140625 0.0625 0.0703125