0 0.90390625 0.21875 0.125 0.0890625
0 0.559375 0.246875 0.2328125 0.16875
1 0.61640625 0.63203125 0.1375 0.3359375
0 0.7515625 0.79921875 0.2296875 0.3578125
0 0.59296875 0.85703125 0.115625 0.1265625
1 0.5828125 0.95390625 0.115625 0.0921875
0 0.7859375 0.98515625 0.109375 0.0296875
0 0.71640625 0.5515625 0.0859375 0.153125
1 0.7953125 0.56484375 0.096875 0.1625
0 0.06796875 0.60546875 0.1359375 0.4046875
0 0.1078125 0.7578125 0.0203125 0.059375
1 0.09140625 0.8359375 0.04375 0.065625
0 0.0375 0.828125 0.075 0.06875
1 0.04765625 0.8921875 0.0953125 0.078125