0 0.49609375 0.06953125 0.1515625 0.1390625
0 0.5421875 0.08046875 0.08125 0.084375
0 0.18515625 0.10234375 0.0890625 0.1140625
0 0.9140625 0.33125 0.16875 0.1515625
0 0.14609375 0.61015625 0.2921875 0.4890625
1 0.6359375 0.7421875 0.3640625 0.2859375
1 0.68984375 0.890625 0.09375 0.0890625
1 0.4609375 0.76796875 0.0875 0.096875
0 0.5421875 0.81640625 0.0984375 0.1046875
0 0.615625 0.8625 0.1171875 0.11875
0 0.48359375 0.80546875 0.04375 0.0578125
0 0.453125 0.84921875 0.0359375 0.0375
0 0.57578125 0.9296875 0.059375 0.071875
0 0.6421875 0.9515625 0.115625 0.096875
0 0.47890625 0.89765625 0.084375 0.103125
0 0.675 0.978125 0.090625 0.04375
0 0.39296875 0.88671875 0.0671875 0.0875
0 0.4109375 0.91484375 0.0546875 0.084375