1 0.63125 0.2484375 0.240625 0.4640625
0 0.715625 0.39375 0.196875 0.3609375
0 0.1484375 0.27421875 0.0453125 0.0546875
0 0.28359375 0.303125 0.0375 0.0390625
1 0.8421875 0.65546875 0.275 0.1625
1 0.653125 0.6328125 0.1484375 0.175
0 0.74140625 0.76796875 0.2140625 0.209375
1 0.875 0.8140625 0.1515625 0.2109375
1 0.2390625 0.6453125 0.059375 0.0640625
0 0.1 0.6484375 0.03125 0.059375
1 0.1703125 0.66015625 0.0359375 0.0515625
0 0.23828125 0.6828125 0.0234375 0.028125
0 0.171875 0.7125 0.034375 0.0515625
0 0.1234375 0.79921875 0.0453125 0.059375