1 0.45625 0.1125 0.0625 0.065625
0 0.41171875 0.10625 0.046875 0.06875
0 0.51796875 0.159375 0.14375 0.146875
0 0.425 0.14140625 0.034375 0.0515625
0 0.44609375 0.159375 0.04375 0.0515625
1 0.446875 0.0234375 0.215625 0.046875
0 0.52265625 0.07421875 0.071875 0.065625
1 0.46640625 0.05625 0.078125 0.0796875
0 0.7671875 0.1875 0.221875 0.23125
1 0.340625 0.4734375 0.3578125 0.415625
0 0.2640625 0.675 0.1484375 0.146875
0 0.68046875 0.76796875 0.0421875 0.0625
0 0.70546875 0.7984375 0.0421875 0.04375
1 0.746875 0.621875 0.4140625 0.390625