0 0.7171875 0.54140625 0.2328125 0.2171875
0 0.36953125 0.45625 0.2140625 0.2875
1 0.6 0.72109375 0.065625 0.0859375
0 0.53515625 0.7140625 0.0921875 0.1015625
0 0.86640625 0.796875 0.1515625 0.146875
1 0.70625 0.77734375 0.2015625 0.1421875
1 0.78203125 0.87421875 0.109375 0.075
0 0.82421875 0.95078125 0.1265625 0.0984375
0 0.43203125 0.90234375 0.08125 0.1890625
1 0.696875 0.93984375 0.153125 0.1203125
0 0.48203125 0.9765625 0.0859375 0.046875
1 0.096875 0.684375 0.19375 0.246875
0 0.10390625 0.8609375 0.2078125 0.171875