1 0.88203125 0.55625 0.2359375 0.228125
1 0.2171875 0.3125 0.1984375 0.2015625
0 0.471875 0.41015625 0.1828125 0.1828125
0 0.6703125 0.496875 0.2546875 0.23125
0 0.29375 0.41875 0.1171875 0.18125
0 0.18671875 0.43046875 0.071875 0.09375
0 0.60546875 0.6515625 0.1328125 0.1703125
0 0.790625 0.75234375 0.21875 0.296875
0 0.346875 0.5921875 0.1703125 0.209375
0 0.13671875 0.56875 0.1046875 0.1546875
0 0.87265625 0.85 0.14375 0.2625
0 0.0390625 0.55859375 0.078125 0.1296875
0 0.19453125 0.625 0.1078125 0.209375