0 0.290625 0.396875 0.1375 0.1359375
0 0.41640625 0.4421875 0.0640625 0.0953125
0 0.478125 0.465625 0.078125 0.153125
0 0.546875 0.48203125 0.14375 0.25625
0 0.82265625 0.328125 0.2875 0.2453125
0 0.27890625 0.86953125 0.1578125 0.1484375
0 0.50078125 0.87421875 0.2515625 0.2421875
0 0.71484375 0.584375 0.071875 0.0625
1 0.9046875 0.603125 0.190625 0.28125
0 0.76015625 0.63203125 0.0859375 0.0875
0 0.825 0.6953125 0.0984375 0.10625
1 0.76015625 0.771875 0.1546875 0.2109375
0 0.87890625 0.771875 0.0 0.109375
1 0.96484375 0.765625 0.0703125 0.16875
0 0.9078125 0.846875 0.125 0.103125