0 0.65078125 0.05546875 0.078125 0.0890625
0 0.5265625 0.128125 0.15 0.25625
1 0.4171875 0.1953125 0.1625 0.390625
0 0.6453125 0.1828125 0.0703125 0.175
1 0.853125 0.253125 0.29375 0.16875
0 0.9734375 0.34296875 0.0453125 0.0484375
0 0.890625 0.38125 0.0625 0.053125
0 0.9953125 0.41171875 0.009375 0.0296875
0 0.36015625 0.68515625 0.3484375 0.628125
0 0.6765625 0.8265625 0.034375 0.1328125
1 0.73828125 0.946875 0.0859375 0.0890625
0 0.796875 0.48828125 0.1546875 0.121875
1 0.678125 0.4921875 0.1078125 0.153125
0 0.93984375 0.5953125 0.0609375 0.1296875
1 0.8546875 0.60859375 0.1140625 0.13125
0 0.728125 0.70390625 0.11875 0.2671875
0 0.88359375 0.753125 0.0625 0.159375
1 0.6265625 0.77890625 0.115625 0.4421875
0 0.81484375 0.81171875 0.0578125 0.2109375