0 0.503125 0.33515625 0.1546875 0.1625
1 0.50625 0.12734375 0.365625 0.2546875
0 0.8484375 0.17578125 0.0875 0.3515625
0 0.93671875 0.325 0.06875 0.1296875
0 0.840625 0.44765625 0.025 0.146875
0 0.93515625 0.45390625 0.015625 0.1109375
0 0.80703125 0.471875 0.0140625 0.071875
0 0.9765625 0.478125 0.0125 0.1046875
1 0.91796875 0.125 0.0640625 0.25
0 0.403125 0.75234375 0.6015625 0.1734375
1 0.828125 0.80625 0.1140625 0.0671875
0 0.75078125 0.81328125 0.040625 0.0796875
1 0.92578125 0.81796875 0.0609375 0.0921875
0 0.990625 0.85078125 0.01875 0.0578125
0 0.86875 0.87109375 0.0359375 0.065625
0 0.92734375 0.9046875 0.0546875 0.084375
1 0.83671875 0.71796875 0.26875 0.1125