0 0.46484375 0.10859375 0.4140625 0.2171875
0 0.02890625 0.2953125 0.0578125 0.25
0 0.065625 0.2859375 0.115625 0.146875
0 0.80546875 0.4546875 0.196875 0.190625
0 0.61953125 0.51171875 0.2578125 0.234375
0 0.43828125 0.5 0.171875 0.2796875
0 0.76875 0.61328125 0.3125 0.21875
0 0.51953125 0.71328125 0.0 0.1234375
0 0.57109375 0.8671875 0.0578125 0.0546875
0 0.77265625 0.8296875 0.0703125 0.0609375
0 0.86484375 0.803125 0.0828125 0.06875
0 0.96328125 0.496875 0.0734375 0.11875
0 0.64453125 0.77890625 0.084375 0.0875
0 0.56171875 0.7796875 0.1125 0.1
0 0.41640625 0.871875 0.2453125 0.2453125
0 0.2875 0.95234375 0.146875 0.0953125