0 0.575 0.22109375 0.2671875 0.1625
0 0.25546875 0.59765625 0.0765625 0.146875
0 0.73671875 0.68984375 0.1578125 0.1859375
1 0.1953125 0.78359375 0.1625 0.2
0 0.29296875 0.82265625 0.0703125 0.0796875
1 0.36015625 0.8015625 0.1234375 0.1296875
0 0.1515625 0.8796875 0.1234375 0.1453125
0 0.1953125 0.9171875 0.0015625 0.0015625
0 0.434375 0.84609375 0.05 0.0640625
0 0.271875 0.90078125 0.1171875 0.0640625
1 0.15546875 0.94609375 0.08125 0.0703125
0 0.38828125 0.8859375 0.0859375 0.0734375
1 0.0 0.778125 0.0953125 0.11875
1 0.284375 0.71796875 0.1234375 0.1265625