0 0.56875 0.06953125 0.1078125 0.0953125
0 0.490625 0.1546875 0.0765625 0.0890625
0 0.60078125 0.103125 0.046875 0.05625
0 0.425 0.21484375 0.1421875 0.1734375
0 0.65390625 0.10859375 0.0625 0.0703125
0 0.55703125 0.19140625 0.06875 0.0796875
0 0.10078125 0.24453125 0.2015625 0.2453125
1 0.74921875 0.5578125 0.0 0.1640625
0 0.67109375 0.5953125 0.253125 0.3203125
0 0.65625 0.80703125 0.1546875 0.2203125
0 0.58359375 0.8546875 0.1390625 0.21875
0 0.80390625 0.4296875 0.0859375 0.115625
0 0.7484375 0.46328125 0.084375 0.121875
1 0.5203125 0.63359375 0.2125 0.25625