0 0.0265625 0.41484375 0.053125 0.3140625
0 0.47890625 0.1296875 0.2453125 0.259375
0 0.3984375 0.221875 0.175 0.1953125
0 0.296875 0.71953125 0.59375 0.5609375
0 0.91953125 0.45703125 0.0796875 0.0765625
0 0.740625 0.5734375 0.0921875 0.1234375
1 0.6 0.71796875 0.1 0.2828125
1 0.8453125 0.5890625 0.1203125 0.1234375
0 0.746875 0.69453125 0.109375 0.1328125
0 0.81328125 0.68984375 0.10625 0.1390625
0 0.8921875 0.69140625 0.059375 0.0765625
0 0.93515625 0.6734375 0.05625 0.0765625
1 0.75625 0.7796875 0.15 0.1234375
1 0.72734375 0.28828125 0.2890625 0.2640625
0 0.73671875 0.3984375 0.0796875 0.0890625
0 0.8109375 0.440625 0.1703125 0.153125