0 0.76796875 0.096875 0.1765625 0.19375
0 0.40625 0.203125 0.18125 0.175
1 0.16875 0.203125 0.3375 0.315625
1 0.92890625 0.67734375 0.1421875 0.3921875
1 0.8171875 0.73515625 0.2984375 0.4
1 0.20078125 0.94921875 0.1640625 0.1015625
0 0.3078125 0.94140625 0.0453125 0.046875
0 0.40859375 0.91484375 0.0828125 0.06875
0 0.5359375 0.8875 0.0640625 0.05625
0 0.4625 0.96171875 0.08125 0.0765625
0 0.59296875 0.95546875 0.08125 0.0875
1 0.33671875 0.86875 0.19375 0.1265625
1 0.52421875 0.80859375 0.2375 0.16875