0 0.609375 0.14453125 0.35 0.2890625
0 0.27734375 0.3375 0.084375 0.171875
0 0.1015625 0.409375 0.0578125 0.13125
0 0.31484375 0.38984375 0.0640625 0.11875
0 0.15390625 0.4421875 0.05 0.0671875
0 0.2234375 0.44765625 0.0765625 0.1265625
1 0.17890625 0.22734375 0.284375 0.1484375
0 0.04140625 0.33203125 0.0828125 0.2109375
0 0.790625 0.66875 0.209375 0.1953125
1 0.9359375 0.6546875 0.128125 0.509375
1 0.31171875 0.66015625 0.2171875 0.1234375
0 0.1546875 0.8015625 0.2140625 0.296875
0 0.37578125 0.75625 0.1453125 0.15
0 0.28046875 0.79765625 0.115625 0.18125
1 0.24921875 0.575 0.234375 0.153125
1 0.109375 0.61171875 0.0953125 0.1359375
1 0.03984375 0.6265625 0.053125 0.1171875