0 0.81171875 0.0796875 0.228125 0.1296875
0 0.6 0.115625 0.1546875 0.196875
0 0.70234375 0.17734375 0.059375 0.0484375
0 0.2796875 0.1578125 0.321875 0.1953125
0 0.66796875 0.546875 0.0578125 0.078125
1 0.6234375 0.5671875 0.0546875 0.1078125
1 0.9765625 0.60078125 0.046875 0.1359375
0 0.90859375 0.61328125 0.121875 0.153125
0 0.84375 0.62734375 0.034375 0.084375
1 0.72421875 0.71796875 0.0828125 0.2
0 0.93046875 0.71875 0.046875 0.078125
1 0.65078125 0.32421875 0.053125 0.16875
1 0.828125 0.3828125 0.34375 0.3625
1 0.64921875 0.4609375 0.0796875 0.109375
0 0.40390625 0.59375 0.1109375 0.1453125
0 0.30546875 0.70234375 0.15 0.1046875