1 0.7984375 0.2421875 0.0546875 0.109375
1 0.65 0.3171875 0.06875 0.109375
0 0.72265625 0.36875 0.1546875 0.1953125
1 0.61953125 0.41484375 0.04375 0.0515625
1 0.721875 0.15859375 0.20625 0.2640625
0 0.24765625 0.20234375 0.3484375 0.4046875
0 0.690625 0.828125 0.4125 0.34375
1 0.1828125 0.7453125 0.365625 0.284375
1 0.409375 0.8328125 0.1515625 0.0859375
1 0.41953125 0.884375 0.0765625 0.059375
0 0.3453125 0.8734375 0.090625 0.071875
0 0.41640625 0.95234375 0.06875 0.05625
0 0.2375 0.91484375 0.121875 0.078125
1 0.384375 0.75 0.0765625 0.10625