0 0.38515625 0.125 0.1015625 0.25
0 0.434375 0.1765625 0.0609375 0.0703125
0 0.121875 0.31171875 0.0546875 0.10625
0 0.84765625 0.2796875 0.1453125 0.1109375
0 0.17734375 0.78515625 0.3546875 0.3796875
1 0.73203125 0.73671875 0.3390625 0.18125
1 0.82890625 0.8515625 0.078125 0.06875
1 0.58359375 0.81640625 0.065625 0.0828125
0 0.6734375 0.83359375 0.075 0.0859375
0 0.753125 0.85078125 0.0921875 0.0953125
0 0.61640625 0.84296875 0.025 0.0546875
0 0.60390625 0.89140625 0.0265625 0.03125
0 0.73984375 0.92421875 0.0390625 0.065625
0 0.81484375 0.93828125 0.0734375 0.1234375
0 0.6421875 0.9265625 0.05625 0.09375
0 0.85859375 0.9546875 0.0484375 0.090625
0 0.5625 0.94453125 0.040625 0.0828125
0 0.5875 0.9609375 0.025 0.078125