0 0.78203125 0.48046875 0.4359375 0.4328125
0 0.31875 0.10078125 0.2375 0.2015625
0 0.58203125 0.746875 0.053125 0.08125
1 0.640625 0.77578125 0.203125 0.334375
1 0.5625 0.740625 0.0484375 0.0796875
1 0.77109375 0.81796875 0.3484375 0.3640625
1 0.4703125 0.7203125 0.3 0.4046875
0 0.5359375 0.821875 0.0609375 0.0953125
0 0.65546875 0.628125 0.0359375 0.0546875
1 0.6296875 0.61640625 0.0578125 0.0640625
1 0.55234375 0.8515625 0.078125 0.1359375
0 0.49609375 0.90546875 0.065625 0.0953125
1 0.64375 0.98125 0.13125 0.0375
0 0.62421875 0.68359375 0.0484375 0.075
1 0.6 0.67265625 0.059375 0.078125
0 0.2265625 0.546875 0.2375 0.290625