0 0.29140625 0.1359375 0.03125 0.040625
0 0.11796875 0.1875 0.025 0.0578125
0 0.175 0.19375 0.0234375 0.0390625
0 0.03984375 0.2125 0.046875 0.08125
0 0.31171875 0.19296875 0.0265625 0.034375
0 0.27421875 0.21171875 0.021875 0.0328125
0 0.20390625 0.23125 0.0234375 0.0421875
0 0.01171875 0.26171875 0.0234375 0.0390625
0 0.33359375 0.24609375 0.034375 0.0796875
0 0.15703125 0.26640625 0.04375 0.1109375
0 0.08359375 0.275 0.028125 0.0734375
0 0.24453125 0.271875 0.0375 0.065625
0 0.04296875 0.31171875 0.025 0.0515625
0 0.28984375 0.30625 0.0390625 0.065625
0 0.1328125 0.33828125 0.0375 0.06875
0 0.7484375 0.20234375 0.3890625 0.3265625
0 0.084375 0.69296875 0.1015625 0.034375
0 0.684375 0.79609375 0.55 0.4078125