0 0.89921875 0.2453125 0.2015625 0.228125
0 0.459375 0.13125 0.25 0.178125
0 0.69296875 0.7171875 0.175 0.109375
0 0.8609375 0.803125 0.059375 0.078125
0 0.81875 0.853125 0.0515625 0.096875
1 0.69375 0.809375 0.1359375 0.128125
1 0.58828125 0.79765625 0.1046875 0.08125
0 0.57890625 0.896875 0.234375 0.2015625
1 0.46171875 0.85 0.103125 0.1640625
1 0.8078125 0.6515625 0.346875 0.2796875
1 0.0 0.33125 0.1515625 0.1265625
1 0.475 0.65625 0.1703125 0.2328125
1 0.26015625 0.58203125 0.4453125 0.409375
0 0.07109375 0.4921875 0.1421875 0.29375
1 0.1328125 0.753125 0.265625 0.3125