1 0.45234375 0.06953125 0.3953125 0.1390625
0 0.875 0.2359375 0.25 0.29375
0 0.17578125 0.5796875 0.346875 0.5265625
0 0.703125 0.4671875 0.0296875 0.028125
0 0.62890625 0.43984375 0.0265625 0.01875
0 0.92578125 0.5328125 0.028125 0.0234375
0 0.85390625 0.51875 0.028125 0.0375
0 0.65390625 0.4703125 0.0359375 0.059375
0 0.9703125 0.59453125 0.059375 0.1140625
0 0.71796875 0.51484375 0.0515625 0.09375
0 0.790625 0.546875 0.0671875 0.1265625
0 0.87109375 0.58203125 0.0453125 0.0765625
0 0.66171875 0.5390625 0.0390625 0.071875
0 0.89609375 0.640625 0.0515625 0.0984375
0 0.73359375 0.62265625 0.0515625 0.084375