0 0.16328125 0.315625 0.3046875 0.2171875
1 0.21015625 0.15546875 0.1421875 0.121875
1 0.396875 0.1625 0.2421875 0.1640625
1 0.0734375 0.18359375 0.146875 0.1609375
1 0.75390625 0.11875 0.0921875 0.228125
1 0.8546875 0.115625 0.1328125 0.2265625
1 0.57578125 0.21875 0.1390625 0.4375
0 0.66640625 0.284375 0.0625 0.1125
0 0.77734375 0.27890625 0.121875 0.1109375
1 0.88828125 0.27734375 0.1109375 0.1125
1 0.803125 0.39921875 0.31875 0.1453125
0 0.559375 0.45546875 0.040625 0.0390625
1 0.6703125 0.11484375 0.096875 0.2296875
0 0.39765625 0.909375 0.3234375 0.18125
0 0.90078125 0.565625 0.071875 0.115625
0 0.79609375 0.5265625 0.1140625 0.128125
0 0.98203125 0.55234375 0.0359375 0.1796875