0 0.31484375 0.2546875 0.4375 0.4296875
0 0.8859375 0.375 0.228125 0.203125
0 0.23828125 0.571875 0.05625 0.078125
1 0.18046875 0.5453125 0.2109375 0.321875
1 0.25546875 0.5828125 0.05 0.0765625
1 0.11171875 0.49296875 0.2234375 0.3984375
1 0.32734375 0.63984375 0.30625 0.39375
0 0.21015625 0.653125 0.0625 0.0921875
0 0.28203125 0.44375 0.0375 0.053125
1 0.3078125 0.45625 0.0578125 0.0640625
1 0.17734375 0.65859375 0.0828125 0.1296875
0 0.17109375 0.734375 0.0671875 0.0921875
1 0.034375 0.6828125 0.06875 0.0875
0 0.26015625 0.5015625 0.05 0.071875
1 0.28359375 0.51328125 0.0609375 0.0765625
0 0.60703125 0.71796875 0.2390625 0.2828125