0 0.21640625 0.159375 0.4140625 0.31875
1 0.60078125 0.21171875 0.196875 0.184375
0 0.78984375 0.2796875 0.1984375 0.140625
0 0.77578125 0.42265625 0.10625 0.0515625
0 0.646875 0.41875 0.090625 0.046875
0 0.490625 0.41796875 0.071875 0.025
0 0.153125 0.67109375 0.175 0.4515625
0 0.81171875 0.62890625 0.0296875 0.0828125
1 0.7421875 0.6265625 0.0984375 0.3546875
1 0.83515625 0.63203125 0.0234375 0.0828125
1 0.5546875 0.62890625 0.315625 0.390625
1 0.91640625 0.65625 0.1671875 0.4
0 0.8203125 0.721875 0.0328125 0.1
0 0.8 0.48203125 0.0203125 0.05625
1 0.83125 0.48359375 0.0453125 0.0578125
1 0.7890625 0.74140625 0.034375 0.146875
0 0.8171875 0.81875 0.0390625 0.0984375
1 0.62578125 0.84140625 0.140625 0.0453125
0 0.80234375 0.5484375 0.0265625 0.078125
1 0.83125 0.55 0.040625 0.0765625