0 0.63984375 0.1828125 0.146875 0.159375
0 0.509375 0.25703125 0.0796875 0.1234375
0 0.7984375 0.2203125 0.0859375 0.1125
0 0.58671875 0.26953125 0.0625 0.109375
0 0.7015625 0.28671875 0.1515625 0.1125
0 0.896875 0.2484375 0.1296875 0.115625
0 0.815625 0.32578125 0.0796875 0.10625
0 0.828125 0.41015625 0.053125 0.0546875
1 0.63203125 0.0296875 0.2140625 0.059375
0 0.59921875 0.0796875 0.0453125 0.0703125
0 0.140625 0.4671875 0.28125 0.28125
1 0.9078125 0.6359375 0.184375 0.2625
1 0.89453125 0.47265625 0.2109375 0.1484375
0 0.31171875 0.80859375 0.2765625 0.29375