0 0.4546875 0.19375 0.16875 0.1328125
0 0.153125 0.11484375 0.075 0.090625
0 0.5890625 0.3203125 0.2125 0.2078125
0 0.27890625 0.1953125 0.196875 0.171875
0 0.09765625 0.27578125 0.125 0.1453125
0 0.3625 0.40625 0.240625 0.275
0 0.52265625 0.51171875 0.1640625 0.1703125
1 0.2109375 0.38359375 0.1140625 0.1421875
0 0.15078125 0.434375 0.0796875 0.06875
0 0.5375 0.059375 0.19375 0.11875
0 0.6875 0.13125 0.2046875 0.21875
0 0.81875 0.46015625 0.3625 0.6546875
0 0.64609375 0.54296875 0.2140625 0.2875
0 0.1140625 0.753125 0.071875 0.0796875
1 0.26484375 0.85390625 0.3375 0.2703125
1 0.0484375 0.725 0.096875 0.221875
0 0.63984375 0.9828125 0.1015625 0.034375