0 0.890625 0.4484375 0.21875 0.190625
0 0.88671875 0.61484375 0.1453125 0.1421875
0 0.76953125 0.5859375 0.084375 0.0921875
0 0.659375 0.55625 0.065625 0.0625
1 0.7609375 0.30625 0.2046875 0.2453125
1 0.17578125 0.18671875 0.2375 0.1984375
0 0.35 0.24453125 0.1984375 0.1671875
0 0.4875 0.44921875 0.1390625 0.171875
1 0.54375 0.221875 0.284375 0.2484375
0 0.71015625 0.865625 0.3296875 0.26875
0 0.5375 0.76328125 0.0421875 0.0703125
0 0.1890625 0.74453125 0.0546875 0.096875
0 0.2234375 0.83125 0.0578125 0.1
0 0.296875 0.85859375 0.06875 0.0859375
0 0.04453125 0.79765625 0.0890625 0.1140625