0 0.184375 0.14453125 0.1875 0.2890625
1 0.9671875 0.2984375 0.065625 0.203125
1 0.68046875 0.22421875 0.3046875 0.253125
0 0.40703125 0.28125 0.13125 0.1484375
0 0.603125 0.35234375 0.1375 0.1359375
0 0.70078125 0.409375 0.1359375 0.134375
0 0.496875 0.3640625 0.1453125 0.1375
0 0.803125 0.4734375 0.14375 0.128125
0 0.92109375 0.52890625 0.1578125 0.1265625
1 0.3796875 0.37265625 0.1171875 0.1
1 0.58359375 0.446875 0.1140625 0.103125
1 0.67734375 0.49375 0.1234375 0.096875
1 0.47109375 0.44296875 0.1296875 0.096875
1 0.8953125 0.603125 0.146875 0.10625
0 0.146875 0.64609375 0.29375 0.5296875
0 0.590625 0.75625 0.51875 0.471875
0 0.78125 0.96796875 0.175 0.0640625
0 0.6 0.97109375 0.096875 0.0578125
0 0.50859375 0.97734375 0.0609375 0.0453125
0 0.3796875 0.94609375 0.059375 0.084375
0 0.2015625 0.90859375 0.09375 0.0625