1 0.80390625 0.0671875 0.0890625 0.134375
1 0.72265625 0.10625 0.1109375 0.2125
0 0.89609375 0.07734375 0.040625 0.121875
1 0.596875 0.2015625 0.209375 0.403125
0 0.93359375 0.1328125 0.0390625 0.08125
0 0.86953125 0.153125 0.0578125 0.2671875
0 0.81484375 0.16640625 0.0828125 0.078125
1 0.453125 0.20234375 0.128125 0.20625
1 0.93828125 0.2546875 0.0953125 0.1375
0 0.78203125 0.3125 0.184375 0.221875
0 0.93515625 0.40546875 0.1296875 0.1859375
0 0.82890625 0.44921875 0.1046875 0.078125
1 0.7078125 0.46796875 0.15 0.10625
1 0.896875 0.009375 0.121875 0.01875
0 0.07109375 0.15234375 0.1421875 0.2453125
0 0.1703125 0.21796875 0.071875 0.1125
0 0.23046875 0.28828125 0.0546875 0.1328125
0 0.3 0.4078125 0.04375 0.13125
0 0.78515625 0.58515625 0.4296875 0.1921875
0 0.1671875 0.60859375 0.325 0.11875