1 0.2453125 0.11015625 0.490625 0.2203125
1 0.41171875 0.19375 0.1875 0.11875
0 0.04140625 0.25859375 0.0828125 0.0984375
0 0.21484375 0.2375 0.2078125 0.1234375
0 0.22109375 0.33125 0.09375 0.09375
0 0.415625 0.31796875 0.15 0.16875
0 0.01953125 0.38359375 0.0390625 0.1109375
0 0.51015625 0.33984375 0.05 0.1484375
0 0.7375 0.115625 0.34375 0.23125
0 0.12578125 0.8046875 0.18125 0.134375
1 0.265625 0.80703125 0.1203125 0.1
0 0.2671875 0.90390625 0.309375 0.1359375
1 0.15390625 0.6796875 0.275 0.165625
0 0.896875 0.88671875 0.1984375 0.1390625