0 0.7421875 0.2515625 0.4078125 0.3140625
0 0.0828125 0.134375 0.06875 0.2296875
1 0.24140625 0.15625 0.053125 0.20625
1 0.2875 0.21796875 0.0390625 0.1375
1 0.15 0.2328125 0.05625 0.0875
0 0.02421875 0.284375 0.0484375 0.3125
0 0.2984375 0.32578125 0.01875 0.075
0 0.25390625 0.3296875 0.040625 0.0796875
0 0.19453125 0.4015625 0.078125 0.25625
0 0.28984375 0.43125 0.0453125 0.0828125
0 0.14140625 0.45 0.0390625 0.2
1 0.27734375 0.07890625 0.04375 0.1375
1 0.16171875 0.10390625 0.1125 0.178125
0 0.8234375 0.83203125 0.1046875 0.1046875
0 0.97890625 0.86796875 0.0421875 0.1109375
0 0.9015625 0.8796875 0.0546875 0.0953125
0 0.6375 0.9078125 0.103125 0.0984375
0 0.80234375 0.92578125 0.096875 0.078125
1 0.7484375 0.68046875 0.2234375 0.0734375
0 0.51953125 0.9640625 0.1484375 0.071875
0 0.640625 0.97890625 0.0640625 0.03125
0 0.03984375 0.7796875 0.0578125 0.1359375
1 0.1875 0.80703125 0.0671875 0.140625
0 0.1296875 0.86953125 0.078125 0.2609375
1 0.21953125 0.9359375 0.1234375 0.128125
0 0.04609375 0.9421875 0.0546875 0.115625
1 0.06015625 0.6984375 0.0875 0.0296875
1 0.1671875 0.709375 0.09375 0.0625