1 0.7359375 0.07421875 0.1484375 0.09375
0 0.82890625 0.14453125 0.1125 0.1734375
0 0.9890625 0.21796875 0.021875 0.1234375
0 0.7265625 0.15703125 0.128125 0.128125
0 0.2265625 0.0578125 0.065625 0.0609375
1 0.17578125 0.10390625 0.11875 0.0875
0 0.596875 0.66171875 0.096875 0.1390625
0 0.71015625 0.7921875 0.1796875 0.1546875
0 0.7375 0.928125 0.0 0.14375
0 0.84375 0.98359375 0.059375 0.0328125
1 0.4921875 0.58125 0.2015625 0.2234375
1 0.7859375 0.675 0.328125 0.203125
0 0.16953125 0.65390625 0.3390625 0.5234375