0 0.55 0.2328125 0.071875 0.0546875
0 0.76796875 0.1953125 0.0609375 0.0984375
1 0.69453125 0.26171875 0.1046875 0.0875
0 0.840625 0.26328125 0.08125 0.1015625
0 0.784375 0.29765625 0.0703125 0.109375
0 0.72265625 0.34453125 0.0421875 0.059375
0 0.67578125 0.35859375 0.0375 0.0609375
1 0.88828125 0.31484375 0.1484375 0.08125
0 0.48203125 0.43125 0.0375 0.053125
1 0.59453125 0.0625 0.2671875 0.125
0 0.659375 0.0984375 0.0640625 0.0671875
0 0.62578125 0.16328125 0.159375 0.1046875
0 0.234375 0.31328125 0.46875 0.5859375
0 0.73359375 0.77578125 0.1 0.1984375
0 0.9375 0.88515625 0.125 0.0765625
1 0.80390625 0.59140625 0.3921875 0.2265625
1 0.5953125 0.75 0.1703125 0.3078125
0 0.93515625 0.6953125 0.1296875 0.190625
1 0.27734375 0.8984375 0.0640625 0.103125
0 0.32265625 0.9140625 0.046875 0.125
0 0.21328125 0.915625 0.1453125 0.16875
0 0.30859375 0.959375 0.0359375 0.08125
0 0.28671875 0.971875 0.0453125 0.05625
1 0.43515625 0.6 0.1484375 0.16875
1 0.2859375 0.64453125 0.2234375 0.20625
0 0.2109375 0.79296875 0.075 0.0953125
1 0.2671875 0.79453125 0.0796875 0.121875