0 0.09765625 0.29609375 0.1953125 0.2703125
1 0.25625 0.2015625 0.1953125 0.2140625
0 0.1671875 0.23828125 0.10625 0.1890625
0 0.76640625 0.0140625 0.0546875 0.028125
1 0.8109375 0.01171875 0.053125 0.0234375
1 0.49375 0.146875 0.075 0.0703125
0 0.56953125 0.1203125 0.115625 0.090625
0 0.63046875 0.10078125 0.0359375 0.0421875
1 0.75859375 0.08828125 0.08125 0.096875
0 0.578125 0.165625 0.0453125 0.0421875
1 0.571875 0.06640625 0.346875 0.1328125
0 0.43125 0.59296875 0.3375 0.3265625
1 0.79375 0.33828125 0.1203125 0.2203125
0 0.76875 0.37109375 0.04375 0.0734375
0 0.803125 0.43671875 0.053125 0.084375
1 0.8890625 0.4171875 0.221875 0.478125
1 0.6890625 0.55859375 0.409375 0.596875
0 0.84296875 0.5109375 0.0578125 0.0890625
0 0.89375 0.5921875 0.0671875 0.109375
1 0.878125 0.6640625 0.11875 0.2234375
0 0.73359375 0.2953125 0.059375 0.0984375
0 0.94140625 0.68671875 0.06875 0.1109375
1 0.97890625 0.70078125 0.0421875 0.1796875
0 0.96875 0.77578125 0.0625 0.0984375
1 0.725 0.89296875 0.1015625 0.1078125