0 0.93203125 0.56953125 0.1359375 0.2296875
0 0.40234375 0.28515625 0.121875 0.1578125
0 0.25703125 0.22109375 0.1765625 0.2453125
0 0.55703125 0.45 0.1046875 0.1390625
0 0.50390625 0.103125 0.5078125 0.20625
1 0.72265625 0.240625 0.1515625 0.15625
0 0.6484375 0.31953125 0.1109375 0.1125
1 0.69921875 0.3671875 0.1109375 0.1359375
0 0.6703125 0.9828125 0.1875 0.034375
0 0.453125 0.934375 0.0578125 0.05
0 0.509375 0.97734375 0.05 0.0453125
1 0.63515625 0.80859375 0.240625 0.184375
0 0.1609375 0.7328125 0.0484375 0.05
0 0.0203125 0.6625 0.040625 0.065625