1 0.65625 0.1765625 0.2734375 0.3328125
0 0.9359375 0.2859375 0.1078125 0.11875
1 0.50390625 0.1859375 0.14375 0.1875
0 0.82578125 0.309375 0.1625 0.1390625
1 0.93515625 0.37109375 0.1296875 0.0984375
0 0.44609375 0.25703125 0.0484375 0.059375
0 0.665625 0.40390625 0.13125 0.1078125
1 0.88046875 0.16328125 0.2390625 0.1765625
1 0.97890625 0.2734375 0.0421875 0.228125
0 0.34375 0.259375 0.0859375 0.0890625
0 0.2609375 0.275 0.103125 0.1109375
0 0.19921875 0.265625 0.0984375 0.1109375
0 0.33046875 0.1015625 0.178125 0.153125
0 0.4734375 0.08828125 0.05625 0.0890625
0 0.3734375 0.32109375 0.0875 0.1109375
0 0.48125 0.84140625 0.09375 0.1171875
0 0.190625 0.6359375 0.1859375 0.4375