0 0.334375 0.24765625 0.109375 0.315625
0 0.3984375 0.31015625 0.0578125 0.0875
0 0.11171875 0.47578125 0.05 0.103125
0 0.86015625 0.19296875 0.2453125 0.3859375
0 0.3046875 0.78515625 0.0375 0.065625
0 0.56796875 0.7578125 0.190625 0.278125
0 0.22890625 0.821875 0.0640625 0.0640625
0 0.3234375 0.91171875 0.08125 0.1640625
0 0.253125 0.921875 0.08125 0.15625
0 0.35859375 0.71640625 0.096875 0.1421875
1 0.83984375 0.73125 0.190625 0.2421875
0 0.9609375 0.8203125 0.0609375 0.0734375
0 0.8640625 0.87421875 0.109375 0.084375