0 0.840625 0.2359375 0.31875 0.3375
1 0.43125 0.22421875 0.1859375 0.1203125
0 0.325 0.196875 0.0546875 0.065625
0 0.2546875 0.21484375 0.0578125 0.0484375
0 0.3015625 0.24765625 0.0546875 0.0484375
1 0.54453125 0.11953125 0.2453125 0.2390625
0 0.396875 0.0953125 0.1421875 0.175
0 0.690625 0.675 0.390625 0.35625
0 0.4125 0.5890625 0.103125 0.121875
0 0.4578125 0.61015625 0.0296875 0.028125
0 0.33046875 0.5828125 0.1328125 0.1875
0 0.23515625 0.61953125 0.0703125 0.0578125
0 0.16328125 0.6296875 0.0984375 0.121875
0 0.11640625 0.621875 0.0375 0.05625
1 0.36796875 0.465625 0.1015625 0.0953125
1 0.45859375 0.50234375 0.1265625 0.115625
1 0.04921875 0.41875 0.0984375 0.2
1 0.24296875 0.4921875 0.1921875 0.234375
1 0.1171875 0.46953125 0.18125 0.259375