0 0.23671875 0.1765625 0.1046875 0.128125
1 0.184375 0.22734375 0.0796875 0.0796875
0 0.25234375 0.26953125 0.125 0.10625
0 0.12109375 0.34921875 0.1484375 0.14375
1 0.04375 0.39453125 0.0875 0.1484375
0 0.175 0.115625 0.040625 0.05
1 0.26640625 0.07890625 0.178125 0.10625
0 0.096875 0.50703125 0.15 0.18125
1 0.14375 0.1484375 0.0765625 0.09375
1 0.078125 0.22578125 0.15625 0.2046875
0 0.61640625 0.10625 0.2234375 0.2125
0 0.53125 0.50390625 0.1140625 0.146875
1 0.37890625 0.5484375 0.1328125 0.1296875
0 0.17421875 0.6453125 0.1328125 0.15
1 0.08515625 0.67890625 0.134375 0.1453125
0 0.47109375 0.5359375 0.11875 0.159375
0 0.2921875 0.60703125 0.1296875 0.1609375
0 0.7421875 0.68359375 0.24375 0.246875
0 0.80078125 0.8390625 0.21875 0.2015625