0 0.91484375 0.1484375 0.1359375 0.296875
0 0.2421875 0.18671875 0.1734375 0.2921875
0 0.38125 0.234375 0.134375 0.1875
0 0.8125 0.65390625 0.375 0.6640625
0 0.05546875 0.7625 0.0734375 0.0640625
0 0.28671875 0.759375 0.053125 0.134375
1 0.5015625 0.80390625 0.103125 0.315625
1 0.20234375 0.83671875 0.103125 0.109375
0 0.3546875 0.871875 0.075 0.134375
0 0.29140625 0.9078125 0.0640625 0.1484375
0 0.221875 0.9578125 0.0375 0.0796875
0 0.17109375 0.9625 0.0328125 0.075
1 0.3984375 0.9546875 0.153125 0.084375
1 0.1296875 0.49375 0.259375 0.209375
0 0.184375 0.59921875 0.0625 0.084375
0 0.1421875 0.68203125 0.1625 0.11875