0 0.1359375 0.37890625 0.271875 0.6671875
0 0.8453125 0.1984375 0.278125 0.396875
0 0.2984375 0.85546875 0.5046875 0.20625
1 0.8984375 0.89140625 0.0921875 0.0734375
1 0.79140625 0.92265625 0.0703125 0.0546875
1 0.98359375 0.71015625 0.0328125 0.0828125
1 0.90859375 0.72890625 0.10625 0.1015625
0 0.82734375 0.746875 0.0875 0.109375
1 0.765625 0.7734375 0.075 0.1390625
0 0.80859375 0.81015625 0.021875 0.0265625
0 0.98203125 0.79375 0.0359375 0.090625
0 0.87109375 0.82578125 0.0625 0.0875
0 0.946875 0.83515625 0.04375 0.09375
0 0.8 0.865625 0.034375 0.065625