1 0.565625 0.14765625 0.240625 0.2953125
0 0.80078125 0.15625 0.06875 0.109375
0 0.79453125 0.27421875 0.06875 0.1046875
0 0.7421875 0.3015625 0.0984375 0.128125
0 0.909375 0.259375 0.08125 0.1359375
0 0.865625 0.30234375 0.084375 0.128125
0 0.9421875 0.27890625 0.05 0.0921875
1 0.64375 0.45546875 0.2953125 0.396875
0 0.73359375 0.41640625 0.0921875 0.1515625
0 0.828125 0.44921875 0.0328125 0.040625
0 0.23671875 0.56875 0.4390625 0.55
0 0.83125 0.7671875 0.2140625 0.15
0 0.99296875 0.69453125 0.0140625 0.0421875
1 0.9390625 0.625 0.1203125 0.084375
1 0.853125 0.68984375 0.1046875 0.0828125
0 0.48125 0.87890625 0.396875 0.2421875