0 0.371875 0.121875 0.4625 0.24375
0 0.7140625 0.25390625 0.315625 0.4390625
1 0.3046875 0.70859375 0.3234375 0.2625
0 0.10703125 0.721875 0.2140625 0.321875
0 0.27265625 0.91953125 0.121875 0.0890625
1 0.56875 0.7375 0.1 0.246875
0 0.6484375 0.82109375 0.08125 0.0671875
0 0.4859375 0.84140625 0.078125 0.1078125
0 0.5484375 0.88359375 0.0265625 0.0453125
0 0.5765625 0.89375 0.0375 0.071875
0 0.6046875 0.90625 0.0484375 0.09375
0 0.5078125 0.88359375 0.028125 0.05
0 0.52421875 0.8890625 0.0359375 0.0625
0 0.7375 0.94375 0.1375 0.1125
1 0.86015625 0.728125 0.1984375 0.165625
1 0.66796875 0.7078125 0.2046875 0.1984375