0 0.16796875 0.2234375 0.0265625 0.0734375
0 0.1328125 0.27578125 0.028125 0.0765625
0 0.0 0.27421875 0.03125 0.0625
0 0.2140625 0.3109375 0.0609375 0.0765625
0 0.25703125 0.37890625 0.078125 0.190625
0 0.1984375 0.45546875 0.0546875 0.0796875
0 0.13671875 0.4984375 0.0703125 0.0734375
0 0.03203125 0.4875 0.021875 0.040625
0 0.7859375 0.25078125 0.428125 0.4640625
0 0.165625 0.8078125 0.096875 0.1953125
1 0.02109375 0.79921875 0.0421875 0.2078125
0 0.06875 0.8609375 0.1171875 0.0828125
0 0.22578125 0.89296875 0.0890625 0.0515625
1 0.08515625 0.76953125 0.1265625 0.140625
1 0.45390625 0.81171875 0.21875 0.21875
0 0.6046875 0.8796875 0.059375 0.040625
1 0.7515625 0.90859375 0.1828125 0.1203125
0 0.5484375 0.8828125 0.0625 0.084375
0 0.62109375 0.91328125 0.0625 0.0390625
1 0.50703125 0.94609375 0.1390625 0.1078125
1 0.71796875 0.8125 0.1609375 0.1125
1 0.596875 0.8078125 0.1140625 0.140625