0 0.9046875 0.7125 0.115625 0.1015625
0 0.2765625 0.08984375 0.128125 0.1796875
1 0.12578125 0.07890625 0.05 0.08125
0 0.17265625 0.13203125 0.1109375 0.109375
1 0.4796875 0.25625 0.1140625 0.1015625
0 0.0765625 0.23359375 0.1046875 0.246875
0 0.2171875 0.2859375 0.0 0.0953125
0 0.321875 0.32265625 0.0765625 0.0875
1 0.20078125 0.046875 0.1171875 0.09375
1 0.5265625 0.11953125 0.196875 0.2390625
1 0.23671875 0.05078125 0.0796875 0.1015625
0 0.38515625 0.121875 0.2265625 0.24375
0 0.49765625 0.8203125 0.3609375 0.359375
1 0.3375 0.725 0.153125 0.1765625
0 0.3234375 0.9234375 0.0421875 0.0875