0 0.8703125 0.1296875 0.20625 0.11875
0 0.1546875 0.0296875 0.04375 0.0515625
1 0.1359375 0.03203125 0.025 0.059375
1 0.32578125 0.146875 0.0625 0.084375
0 0.275 0.13125 0.0890625 0.1
0 0.234375 0.1203125 0.03125 0.0515625
1 0.14296875 0.1359375 0.0734375 0.1203125
0 0.26015625 0.19296875 0.0375 0.0484375
1 0.296875 0.05703125 0.25625 0.1140625
1 0.16953125 0.00703125 0.0546875 0.0140625
0 0.58046875 0.59453125 0.2859375 0.259375
0 0.19140625 0.5703125 0.096875 0.1609375
0 0.06796875 0.58671875 0.0453125 0.071875
0 0.1125 0.60625 0.06875 0.1015625
0 0.12734375 0.6640625 0.053125 0.13125
1 0.2546875 0.44609375 0.0796875 0.13125
0 0.1640625 0.4609375 0.18125 0.2375
0 0.04765625 0.4328125 0.0953125 0.20625