1 0.8546875 0.28984375 0.290625 0.3921875
0 0.64921875 0.35625 0.5171875 0.68125
0 0.16015625 0.3859375 0.3203125 0.2625
0 0.58046875 0.95546875 0.2328125 0.0890625
1 0.0390625 0.5171875 0.078125 0.23125
1 0.09765625 0.59296875 0.1953125 0.3046875
1 0.171875 0.6375 0.184375 0.2921875
1 0.26640625 0.6921875 0.246875 0.3359375
0 0.03671875 0.74609375 0.0671875 0.0515625
0 0.1015625 0.78515625 0.071875 0.0578125
0 0.14765625 0.83125 0.059375 0.053125
0 0.18671875 0.87421875 0.0640625 0.053125
0 0.21328125 0.91171875 0.05625 0.034375