1 0.0984375 0.1921875 0.128125 0.2203125
1 0.01796875 0.3 0.0359375 0.35625
1 0.1765625 0.42734375 0.109375 0.2859375
0 0.140625 0.4515625 0.1140625 0.31875
1 0.103125 0.453125 0.20625 0.70625
1 0.196875 0.67109375 0.0671875 0.14375
0 0.27578125 0.66796875 0.0703125 0.165625
0 0.228125 0.675 0.0765625 0.20625
0 0.221875 0.759375 0.0359375 0.05
0 0.7125 0.4546875 0.1640625 0.1921875
0 0.2609375 0.88046875 0.234375 0.2390625
1 0.59609375 0.7890625 0.1515625 0.215625
0 0.6109375 0.93671875 0.084375 0.109375