0 0.0 0.3359375 0.1 0.26875
1 0.421875 0.18046875 0.3078125 0.334375
0 0.6140625 0.271875 0.0984375 0.103125
0 0.70078125 0.29765625 0.071875 0.0765625
0 0.47265625 0.3609375 0.171875 0.1265625
1 0.50390625 0.70390625 0.228125 0.290625
1 0.84453125 0.63125 0.3109375 0.3875
1 0.5890625 0.846875 0.36875 0.15625
0 0.95703125 0.79296875 0.0859375 0.0546875
0 0.43515625 0.9390625 0.0515625 0.0375
0 0.48203125 0.9328125 0.0375 0.0375
0 0.52734375 0.92421875 0.0453125 0.034375
0 0.58046875 0.9171875 0.0609375 0.0375
0 0.653125 0.90390625 0.08125 0.046875
0 0.74765625 0.8828125 0.1078125 0.053125