0 0.2734375 0.02265625 0.396875 0.0453125
1 0.7203125 0.13984375 0.559375 0.2796875
1 0.70625 0.26796875 0.2203125 0.103125
0 0.8640625 0.30234375 0.11875 0.1046875
1 0.45625 0.2453125 0.065625 0.1125
0 0.5390625 0.2640625 0.1375 0.1234375
0 0.98125 0.35703125 0.0375 0.0765625
0 0.26953125 0.7734375 0.0515625 0.13125
0 0.3203125 0.78515625 0.065625 0.1109375
0 0.1890625 0.78125 0.0296875 0.0390625
1 0.02421875 0.796875 0.0484375 0.05625
1 0.1546875 0.8203125 0.0375 0.0796875
1 0.1796875 0.8328125 0.0359375 0.0703125
1 0.2390625 0.85390625 0.0671875 0.0515625
1 0.1890625 0.54140625 0.1109375 0.0890625
1 0.3140625 0.61328125 0.09375 0.178125
1 0.24609375 0.659375 0.09375 0.2921875
1 0.05390625 0.625 0.1078125 0.30625
0 0.73828125 0.81015625 0.1375 0.1734375
0 0.66875 0.61484375 0.415625 0.13125
0 0.92578125 0.70234375 0.0 0.1640625