0 0.946875 0.4546875 0.10625 0.15625
1 0.8765625 0.41015625 0.15 0.1640625
1 0.88203125 0.5140625 0.2359375 0.15625
1 0.9796875 0.61015625 0.040625 0.0890625
1 0.93671875 0.6203125 0.09375 0.1078125
0 0.8421875 0.609375 0.1796875 0.196875
0 0.9375 0.71171875 0.0921875 0.1390625
0 0.8140625 0.7328125 0.153125 0.0953125
1 0.96171875 0.3125 0.0765625 0.215625
0 0.48515625 0.2546875 0.6046875 0.509375
1 0.0265625 0.7 0.053125 0.178125
0 0.11953125 0.778125 0.2390625 0.228125
1 0.04609375 0.42890625 0.0921875 0.1578125
1 0.13515625 0.5546875 0.2703125 0.328125