1 0.67578125 0.15859375 0.2703125 0.29375
0 0.9703125 0.2328125 0.059375 0.128125
1 0.5203125 0.1390625 0.153125 0.203125
0 0.878125 0.2625 0.1765625 0.1484375
1 0.965625 0.32734375 0.06875 0.1046875
0 0.46015625 0.2203125 0.053125 0.065625
0 0.70546875 0.371875 0.14375 0.115625
1 0.9015625 0.134375 0.196875 0.115625
0 0.34765625 0.2265625 0.0921875 0.096875
0 0.25703125 0.246875 0.1109375 0.1203125
0 0.18984375 0.2390625 0.1046875 0.11875
0 0.32734375 0.06796875 0.1921875 0.1359375
0 0.48203125 0.04140625 0.0578125 0.0828125
0 0.3828125 0.29296875 0.0921875 0.121875
0 0.52109375 0.86015625 0.0984375 0.1265625
0 0.19375 0.64453125 0.1875 0.484375