0 0.24765625 0.22890625 0.1671875 0.1125
0 0.4359375 0.24609375 0.1984375 0.190625
0 0.10625 0.34140625 0.190625 0.15
0 0.0328125 0.51796875 0.065625 0.1359375
0 0.3078125 0.459375 0.2125 0.2671875
0 0.503125 0.44296875 0.15 0.159375
1 0.17109375 0.53671875 0.096875 0.140625
0 0.15390625 0.615625 0.0765625 0.0609375
0 0.2203125 0.07890625 0.1703125 0.0890625
0 0.403125 0.0671875 0.16875 0.134375
0 0.7609375 0.2578125 0.35625 0.515625
0 0.6234375 0.390625 0.1734375 0.290625
0 0.32578125 0.896875 0.0625 0.0765625
1 0.51484375 0.88515625 0.3421875 0.2296875
1 0.20234375 0.9359375 0.2390625 0.128125
0 0.9203125 0.78203125 0.090625 0.1046875