0 0.1765625 0.3234375 0.3203125 0.3578125
0 0.9484375 0.23828125 0.103125 0.0953125
0 0.7796875 0.221875 0.053125 0.096875
0 0.83671875 0.33359375 0.0859375 0.2109375
0 0.7453125 0.3734375 0.0546875 0.1140625
1 0.840625 0.1265625 0.31875 0.146875
1 0.02109375 0.5796875 0.0421875 0.228125
0 0.0703125 0.6484375 0.103125 0.1078125
0 0.1703125 0.69375 0.0671875 0.065625
1 0.125 0.54375 0.1859375 0.140625
1 0.72109375 0.821875 0.121875 0.0828125
0 0.84609375 0.896875 0.1828125 0.20625
0 0.6875 0.95546875 0.071875 0.0890625
0 0.56640625 0.9578125 0.04375 0.05
1 0.765625 0.74453125 0.365625 0.1375
1 0.95234375 0.81015625 0.0484375 0.18125