0 0.728125 0.1875 0.21875 0.375
0 0.83828125 0.21484375 0.175 0.315625
0 0.278125 0.34765625 0.4265625 0.5
0 0.8234375 0.46875 0.0265625 0.0234375
0 0.96484375 0.42421875 0.021875 0.025
0 0.89921875 0.4515625 0.03125 0.0375
0 0.94453125 0.45703125 0.0375 0.05
0 0.8203125 0.52265625 0.04375 0.06875
0 0.9 0.528125 0.071875 0.13125
0 0.990625 0.51875 0.01875 0.078125
0 0.87421875 0.6 0.0390625 0.065625
0 0.97734375 0.57890625 0.0453125 0.1015625
0 0.378125 0.78125 0.43125 0.4234375
0 0.13671875 0.87109375 0.134375 0.203125