0 0.0109375 0.40625 0.021875 0.115625
1 0.16015625 0.10234375 0.1703125 0.096875
0 0.04921875 0.16171875 0.0984375 0.1296875
0 0.3375 0.10859375 0.05 0.0640625
0 0.021875 0.24921875 0.034375 0.05625
0 0.29453125 0.21875 0.075 0.065625
0 0.178125 0.25859375 0.078125 0.06875
1 0.48046875 0.1921875 0.0671875 0.065625
0 0.1140625 0.31953125 0.084375 0.15
0 0.34140625 0.26328125 0.08125 0.084375
0 0.234375 0.30234375 0.071875 0.1109375
0 0.503125 0.2375 0.040625 0.0515625
0 0.0453125 0.3640625 0.040625 0.0453125
1 0.6421875 0.07265625 0.14375 0.1453125
1 0.815625 0.025 0.0625 0.05
0 0.76875 0.09921875 0.125 0.190625
1 0.87265625 0.0765625 0.0671875 0.153125
0 0.8375 0.0984375 0.078125 0.121875
1 0.71015625 0.0140625 0.0890625 0.028125
0 0.371875 0.82265625 0.271875 0.1734375
1 0.85859375 0.45234375 0.190625 0.2390625
1 0.95 0.50546875 0.0 0.3765625
0 0.91875 0.65859375 0.1625 0.2484375