0 0.07109375 0.41171875 0.0640625 0.109375
1 0.22421875 0.10390625 0.171875 0.125
0 0.0984375 0.16171875 0.1484375 0.15625
1 0.02890625 0.20078125 0.0578125 0.1671875
0 0.3984375 0.12109375 0.0484375 0.0625
0 0.0 0.2609375 0.034375 0.053125
0 0.065625 0.3 0.0375 0.059375
0 0.359375 0.2265625 0.071875 0.0625
0 0.2484375 0.2671875 0.0765625 0.0671875
1 0.5359375 0.1984375 0.0640625 0.0625
0 0.18828125 0.32578125 0.0828125 0.14375
0 0.4046875 0.26875 0.078125 0.08125
0 0.303125 0.3078125 0.06875 0.1046875
0 0.55859375 0.2421875 0.0390625 0.05
0 0.12421875 0.36953125 0.040625 0.04375
1 0.68359375 0.07578125 0.1484375 0.1515625
1 0.853125 0.02890625 0.059375 0.0578125
0 0.80859375 0.10625 0.121875 0.1828125
1 0.896875 0.08125 0.046875 0.146875
0 0.875 0.103125 0.0765625 0.115625
1 0.746875 0.01953125 0.096875 0.0390625
0 0.44296875 0.8015625 0.259375 0.16875
1 0.9 0.440625 0.184375 0.2296875
1 0.96796875 0.49375 0.0640625 0.35
0 0.94140625 0.6359375 0.1171875 0.2375