0 0.9078125 0.37421875 0.184375 0.1359375
0 0.621875 0.3109375 0.0671875 0.0375
0 0.70625 0.3390625 0.0546875 0.0359375
1 0.7765625 0.1640625 0.2953125 0.1328125
0 0.3375 0.196875 0.6 0.39375
0 0.665625 0.5234375 0.103125 0.146875
0 0.7859375 0.5109375 0.14375 0.14375
0 0.56015625 0.496875 0.1046875 0.203125
0 0.17421875 0.48359375 0.2515625 0.25
0 0.27890625 0.6453125 0.0890625 0.134375
0 0.23046875 0.7734375 0.065625 0.1578125
0 0.03046875 0.7203125 0.0609375 0.146875
0 0.1046875 0.7640625 0.09375 0.2015625
0 0.15078125 0.7796875 0.0546875 0.1265625