0 0.071875 0.28828125 0.14375 0.1953125
0 0.315625 0.296875 0.084375 0.121875
0 0.0265625 0.43046875 0.053125 0.2296875
0 0.26796875 0.3453125 0.140625 0.2390625
0 0.21484375 0.4296875 0.153125 0.1921875
0 0.44296875 0.21171875 0.2125 0.2125
1 0.58203125 0.19765625 0.14375 0.1546875
0 0.621875 0.3359375 0.3203125 0.23125
1 0.42109375 0.084375 0.3015625 0.16875
0 0.32421875 0.95546875 0.1171875 0.0890625
0 0.23359375 0.9859375 0.0796875 0.028125
0 0.4171875 0.97890625 0.084375 0.0421875
0 0.7453125 0.67734375 0.509375 0.5078125