0 0.759375 0.16796875 0.1109375 0.2140625
0 0.2859375 0.36875 0.0796875 0.1828125
0 0.878125 0.78125 0.24375 0.371875
1 0.77890625 0.9515625 0.040625 0.040625
0 0.55390625 0.89140625 0.0421875 0.08125
1 0.325 0.7203125 0.1453125 0.0953125
0 0.44765625 0.721875 0.11875 0.121875
1 0.5609375 0.71171875 0.1296875 0.13125
0 0.18984375 0.79375 0.0359375 0.04375
0 0.4796875 0.79765625 0.0234375 0.0390625
0 0.521875 0.8140625 0.0265625 0.04375
0 0.25703125 0.85390625 0.059375 0.0421875
0 0.36015625 0.846875 0.0609375 0.0453125
1 0.10234375 0.8890625 0.05 0.0421875
0 0.42890625 0.86953125 0.0546875 0.10625
0 0.2328125 0.896875 0.0609375 0.0578125
0 0.32890625 0.8921875 0.046875 0.0765625
0 0.0984375 0.9265625 0.0296875 0.0359375
0 0.49609375 0.87890625 0.03125 0.03125