0 0.17421875 0.28984375 0.3328125 0.4546875
0 0.7328125 0.13125 0.171875 0.2625
1 0.425 0.24921875 0.3453125 0.36875
0 0.64921875 0.25234375 0.175 0.140625
0 0.86640625 0.18828125 0.128125 0.0859375
1 0.6046875 0.1140625 0.1 0.228125
1 0.1046875 0.75 0.209375 0.4125
0 0.21875 0.80390625 0.0546875 0.075
1 0.3140625 0.775 0.1640625 0.21875
0 0.19296875 0.8421875 0.0796875 0.1671875
0 0.2515625 0.8609375 0.0546875 0.0703125
1 0.221875 0.94609375 0.1375 0.1078125
1 0.225 0.6015625 0.15 0.209375
1 0.16015625 0.66328125 0.1375 0.278125
1 0.7203125 0.4265625 0.5546875 0.296875
0 0.40703125 0.48515625 0.1140625 0.1015625