1 0.24296875 0.0484375 0.1875 0.096875
0 0.2796875 0.15546875 0.096875 0.109375
0 0.9015625 0.1640625 0.196875 0.328125
0 0.26796875 0.67109375 0.378125 0.3046875
0 0.50078125 0.86796875 0.06875 0.159375
0 0.0625 0.92578125 0.115625 0.125
1 0.98515625 0.6421875 0.0296875 0.16875
1 0.75625 0.6765625 0.196875 0.178125
0 0.57265625 0.8125 0.075 0.121875
0 0.73046875 0.81953125 0.08125 0.1046875
0 0.8140625 0.84296875 0.08125 0.1046875
0 0.65703125 0.8625 0.0890625 0.103125
0 0.90234375 0.871875 0.090625 0.09375
0 0.97265625 0.8875 0.0546875 0.084375
1 0.575 0.90625 0.075 0.071875
1 0.73828125 0.91328125 0.071875 0.078125
1 0.81640625 0.928125 0.08125 0.065625
1 0.65703125 0.94375 0.0859375 0.0625
1 0.9734375 0.96484375 0.053125 0.0671875