1 0.546875 0.06796875 0.0703125 0.071875
0 0.59453125 0.05703125 0.05625 0.0734375
0 0.48515625 0.12421875 0.159375 0.1609375
0 0.5828125 0.0953125 0.040625 0.0546875
0 0.5625 0.1171875 0.05 0.0546875
0 0.47109375 0.034375 0.0796875 0.06875
1 0.53046875 0.02578125 0.0859375 0.0515625
0 0.225 0.184375 0.2390625 0.240625
1 0.7046875 0.44296875 0.4046875 0.4515625
0 0.80546875 0.65234375 0.1640625 0.1625
0 0.36796875 0.79140625 0.05 0.065625
0 0.34375 0.8265625 0.046875 0.0484375
1 0.28359375 0.640625 0.453125 0.434375