0 0.2453125 0.39609375 0.215625 0.2171875
0 0.18984375 0.61640625 0.15625 0.121875
0 0.346875 0.63671875 0.1046875 0.084375
0 0.53203125 0.66171875 0.0828125 0.0625
1 0.46328125 0.321875 0.3078125 0.2578125
1 0.93203125 0.09921875 0.0890625 0.0953125
1 0.9109375 0.18515625 0.140625 0.0890625
1 0.90859375 0.2796875 0.1625 0.1203125
1 0.896875 0.4296875 0.0609375 0.1859375
0 0.85390625 0.43984375 0.05 0.203125
0 0.82265625 0.50390625 0.028125 0.075
0 0.48046875 0.87890625 0.3484375 0.2421875
0 0.91875 0.878125 0.0421875 0.0265625
0 0.99453125 0.9109375 0.0109375 0.021875
0 0.8640625 0.928125 0.0796875 0.0265625
1 0.9671875 0.83359375 0.065625 0.1109375
1 0.77109375 0.8609375 0.2390625 0.1125