0 0.42265625 0.2296875 0.1140625 0.2765625
0 0.978125 0.14609375 0.0265625 0.1734375
0 0.71640625 0.19453125 0.1703125 0.1234375
0 0.90390625 0.1921875 0.140625 0.25625
0 0.19609375 0.63046875 0.06875 0.134375
1 0.0859375 0.65546875 0.171875 0.4609375
1 0.2015625 0.49296875 0.09375 0.14375
1 0.64296875 0.61484375 0.0640625 0.0765625
1 0.9625 0.4171875 0.071875 0.05
0 0.6203125 0.4359375 0.0296875 0.059375
1 0.58359375 0.4375 0.0484375 0.0609375
1 0.85625 0.446875 0.1484375 0.1
1 0.7359375 0.46171875 0.096875 0.1203125
0 0.6640625 0.490625 0.0609375 0.1734375
1 0.61171875 0.521875 0.0546875 0.1125