0 0.66640625 0.18203125 0.09375 0.1671875
0 0.45859375 0.2828125 0.0484375 0.10625
0 0.83046875 0.2671875 0.1484375 0.2078125
0 0.51796875 0.30546875 0.06875 0.21875
0 0.5953125 0.35625 0.1015625 0.1609375
0 0.31875 0.2578125 0.1609375 0.1609375
1 0.1953125 0.2984375 0.1046875 0.121875
0 0.2140625 0.43203125 0.278125 0.140625
1 0.278125 0.09609375 0.2640625 0.1828125
0 0.70390625 0.85390625 0.0921875 0.0765625
0 0.79765625 0.85703125 0.0625 0.053125
0 0.634375 0.909375 0.0734375 0.034375
0 0.22890625 0.79140625 0.4421875 0.33125