0 0.29296875 0.32421875 0.365625 0.3890625
0 0.98359375 0.43515625 0.0328125 0.1046875
0 0.87265625 0.38046875 0.0703125 0.096875
0 0.8984375 0.496875 0.1265625 0.203125
0 0.80390625 0.5109375 0.0765625 0.1109375
1 0.8984375 0.30546875 0.203125 0.2078125
1 0.06640625 0.50234375 0.1328125 0.2484375
0 0.1140625 0.5984375 0.115625 0.11875
0 0.1953125 0.6640625 0.075 0.0734375
1 0.190625 0.5140625 0.1953125 0.1671875
1 0.67109375 0.91796875 0.125 0.1015625
0 0.7546875 0.95390625 0.1 0.0921875
0 0.4953125 0.98828125 0.05 0.0234375
1 0.72265625 0.8546875 0.33125 0.2046875