1 0.80390625 0.02265625 0.1640625 0.0453125
0 0.63203125 0.1359375 0.3046875 0.271875
0 0.8765625 0.1328125 0.1046875 0.11875
1 0.6671875 0.0171875 0.39375 0.034375
1 0.3921875 0.08828125 0.225 0.1765625
0 0.1515625 0.1953125 0.103125 0.1390625
0 0.0609375 0.28359375 0.0234375 0.03125
0 0.10546875 0.2765625 0.0171875 0.0296875
0 0.25078125 0.315625 0.0390625 0.0703125
0 0.18359375 0.35 0.0234375 0.0328125
0 0.91953125 0.465625 0.10625 0.103125
0 0.64609375 0.55078125 0.3203125 0.209375
1 0.6453125 0.41875 0.5328125 0.2734375
0 0.27578125 0.5859375 0.3515625 0.3453125