0 0.4515625 0.10546875 0.2125 0.2109375
0 0.93125 0.30234375 0.1375 0.2578125
0 0.47421875 0.5734375 0.046875 0.05625
0 0.2984375 0.53203125 0.05 0.075
0 0.3390625 0.57265625 0.040625 0.053125
0 0.2171875 0.515625 0.08125 0.1078125
0 0.4515625 0.6484375 0.040625 0.0484375
0 0.146875 0.50859375 0.0390625 0.053125
0 0.40859375 0.64921875 0.034375 0.0453125
0 0.3375 0.63046875 0.040625 0.05625
0 0.50546875 0.73203125 0.05625 0.071875
0 0.15859375 0.5546875 0.0421875 0.0546875
0 0.4328125 0.721875 0.0703125 0.103125
0 0.27578125 0.64375 0.09375 0.1421875
0 0.209375 0.61171875 0.0609375 0.09375
0 0.34296875 0.6984375 0.0640625 0.0875
0 0.15078125 0.62890625 0.046875 0.0671875
0 0.44609375 0.7984375 0.0421875 0.0546875
0 0.35546875 0.76328125 0.0671875 0.0875
0 0.20625 0.7109375 0.0671875 0.0921875
1 0.82109375 0.73203125 0.071875 0.109375
1 0.85703125 0.8734375 0.0703125 0.1046875
0 0.7875 0.87734375 0.165625 0.2015625
1 0.8140625 0.96953125 0.0328125 0.046875
1 0.903125 0.6984375 0.19375 0.2625