0 0.15546875 0.0984375 0.1296875 0.196875
0 0.2453125 0.20390625 0.2078125 0.23125
1 0.25859375 0.365625 0.4109375 0.1875
0 0.3828125 0.5109375 0.1171875 0.109375
0 0.18203125 0.50546875 0.3640625 0.4078125
0 0.1 0.75703125 0.1828125 0.265625
1 0.02421875 0.703125 0.0484375 0.24375
0 0.08828125 0.753125 0.1765625 0.246875
0 0.69375 0.71875 0.23125 0.1234375
0 0.453125 0.6328125 0.0671875 0.078125
0 0.4546875 0.6953125 0.0484375 0.090625
1 0.61640625 0.77265625 0.165625 0.134375
1 0.73359375 0.85234375 0.1359375 0.0875
0 0.659375 0.9046875 0.29375 0.190625
1 0.81484375 0.95234375 0.1046875 0.0953125
1 0.63203125 0.58828125 0.4421875 0.3015625