1 0.328125 0.1203125 0.1953125 0.2375
1 0.1265625 0.146875 0.1703125 0.284375
0 0.36484375 0.25625 0.025 0.04375
0 0.3296875 0.26875 0.028125 0.046875
0 0.22421875 0.3203125 0.0296875 0.065625
0 0.3484375 0.35390625 0.10625 0.0921875
0 0.1734375 0.36953125 0.040625 0.04375
0 0.42734375 0.428125 0.03125 0.0890625
0 0.29296875 0.43046875 0.0359375 0.078125
0 0.81015625 0.865625 0.04375 0.125
0 0.6890625 0.88125 0.05 0.2046875
0 0.97890625 0.915625 0.034375 0.1125
0 0.76953125 0.6046875 0.3875 0.1921875
1 0.98203125 0.69765625 0.0359375 0.0984375
0 0.978125 0.78515625 0.04375 0.0703125
0 0.23203125 0.7359375 0.340625 0.190625