0 0.7453125 0.1859375 0.509375 0.371875
0 0.26640625 0.79765625 0.0234375 0.0421875
0 0.34921875 0.80546875 0.0359375 0.0546875
0 0.33828125 0.8578125 0.021875 0.034375
0 0.37578125 0.8671875 0.025 0.0359375
0 0.23359375 0.87734375 0.028125 0.03125
0 0.2375 0.91953125 0.0171875 0.0296875
0 0.37578125 0.92734375 0.028125 0.04375
0 0.29453125 0.925 0.0171875 0.03125
0 0.02890625 0.9234375 0.0578125 0.10625
0 0.22265625 0.9640625 0.328125 0.0609375
0 0.30703125 0.75859375 0.0328125 0.04375
0 0.77109375 0.728125 0.175 0.109375
0 0.5875 0.76875 0.2015625 0.2109375
0 0.75859375 0.8421875 0.05625 0.065625
1 0.61328125 0.8953125 0.078125 0.06875