1 0.134375 0.10078125 0.24375 0.103125
0 0.3578125 0.11484375 0.221875 0.0859375
0 0.59609375 0.22265625 0.134375 0.1
1 0.59140625 0.075 0.3140625 0.13125
0 0.90390625 0.68984375 0.1921875 0.6203125
1 0.48671875 0.6078125 0.265625 0.13125
0 0.6625 0.62578125 0.09375 0.153125
1 0.26171875 0.62421875 0.1390625 0.175
1 0.04296875 0.66875 0.0859375 0.2
0 0.10625 0.6875 0.0546875 0.1125
0 0.390625 0.73046875 0.084375 0.125
0 0.25625 0.790625 0.128125 0.1640625
1 0.4703125 0.440625 0.6203125 0.2265625