0 0.6359375 0.23046875 0.3 0.4609375
0 0.8515625 0.2234375 0.259375 0.446875
1 0.27890625 0.10234375 0.15 0.096875
1 0.325 0.19609375 0.0875 0.1328125
1 0.190625 0.22734375 0.0984375 0.1125
0 0.26484375 0.22421875 0.0703125 0.0921875
1 0.4453125 0.28359375 0.075 0.146875
0 0.2640625 0.35 0.3453125 0.203125
1 0.43203125 0.41875 0.0 0.134375
0 0.2140625 0.4625 0.1984375 0.0828125
1 0.33203125 0.4578125 0.05625 0.0796875
1 0.2125 0.5328125 0.2171875 0.1
1 0.38203125 0.53046875 0.1328125 0.0953125
0 0.75703125 0.67265625 0.2421875 0.20625
0 0.91640625 0.7671875 0.0796875 0.1125
0 0.91328125 0.88203125 0.0515625 0.13125
0 0.67109375 0.9203125 0.1125 0.1234375
0 0.784375 0.9 0.0703125 0.134375
0 0.8359375 0.91015625 0.0421875 0.096875
0 0.17734375 0.7953125 0.3296875 0.409375