1 0.2453125 0.0625 0.290625 0.125
1 0.540625 0.10859375 0.196875 0.2171875
0 0.225 0.1765625 0.0484375 0.090625
0 0.440625 0.2578125 0.0421875 0.0484375
1 0.84375 0.25 0.3125 0.26875
1 0.95703125 0.41484375 0.0859375 0.0984375
1 0.70390625 0.3515625 0.084375 0.115625
0 0.796875 0.38046875 0.09375 0.121875
0 0.8796875 0.41015625 0.1140625 0.1359375
0 0.734375 0.38984375 0.0375 0.0765625
0 0.71171875 0.45625 0.034375 0.0453125
0 0.8515625 0.509375 0.053125 0.090625
0 0.9296875 0.54140625 0.103125 0.1859375
0 0.74609375 0.50625 0.0765625 0.13125
0 0.965625 0.58515625 0.06875 0.1765625
0 0.65546875 0.5265625 0.059375 0.115625
0 0.67890625 0.55546875 0.0421875 0.1171875
0 0.34765625 0.88984375 0.3609375 0.2203125
0 0.6484375 0.9640625 0.084375 0.071875