0 0.32890625 0.18203125 0.053125 0.071875
0 0.1828125 0.25546875 0.0703125 0.084375
0 0.06328125 0.31875 0.0984375 0.109375
1 0.13203125 0.2890625 0.10625 0.1171875
1 0.384375 0.25234375 0.1671875 0.1515625
0 0.2171875 0.4046875 0.3296875 0.2859375
1 0.32734375 0.08828125 0.1375 0.140625
1 0.09140625 0.1984375 0.1828125 0.16875
1 0.24140625 0.1796875 0.203125 0.240625
1 0.603125 0.23203125 0.125 0.1125
0 0.74921875 0.25859375 0.2296875 0.28125
0 0.65390625 0.38125 0.090625 0.1140625
0 0.5609375 0.4390625 0.053125 0.0609375
1 0.59453125 0.134375 0.3359375 0.228125
1 0.80703125 0.1015625 0.1765625 0.203125
0 0.428125 0.84609375 0.459375 0.3078125
0 0.846875 0.70625 0.30625 0.35