1 0.45 0.17890625 0.178125 0.190625
0 0.5765625 0.24140625 0.084375 0.10625
0 0.73203125 0.31640625 0.059375 0.128125
0 0.87109375 0.30546875 0.0734375 0.0921875
1 0.7796875 0.11953125 0.3828125 0.234375
0 0.26640625 0.2875 0.221875 0.2984375
0 0.09296875 0.43671875 0.09375 0.1234375
0 0.45703125 0.584375 0.10625 0.178125
0 0.65078125 0.59921875 0.1328125 0.1140625
0 0.546875 0.62734375 0.090625 0.075
0 0.59609375 0.73515625 0.3515625 0.1921875
0 0.59921875 0.834375 0.0796875 0.046875
1 0.6546875 0.52265625 0.15625 0.103125
1 0.51171875 0.546875 0.153125 0.11875
0 0.18125 0.790625 0.34375 0.41875