0 0.93359375 0.47421875 0.1328125 0.2828125
0 0.33828125 0.1734375 0.1421875 0.1140625
0 0.35625 0.2671875 0.0703125 0.09375
0 0.4375 0.34375 0.046875 0.04375
1 0.334375 0.0984375 0.4 0.196875
0 0.56796875 0.8484375 0.0796875 0.125
0 0.69453125 0.92578125 0.0375 0.0625
1 0.846875 0.61171875 0.1703125 0.1375
0 0.72578125 0.63046875 0.2015625 0.2484375
1 0.82734375 0.7328125 0.2109375 0.196875
1 0.61328125 0.6796875 0.1234375 0.1640625
1 0.79296875 0.8546875 0.16875 0.146875
0 0.69140625 0.82734375 0.125 0.1421875
0 0.53203125 0.78515625 0.084375 0.13125
0 0.159375 0.75703125 0.19375 0.171875
0 0.0078125 0.71484375 0.015625 0.0484375
1 0.11171875 0.4890625 0.2234375 0.16875