0 0.365625 0.128125 0.15625 0.25625
0 0.39609375 0.18359375 0.0703125 0.09375
0 0.865625 0.30859375 0.26875 0.4453125
0 0.08984375 0.5703125 0.0453125 0.06875
0 0.34140625 0.66875 0.2296875 0.2984375
0 0.0203125 0.5703125 0.040625 0.071875
0 0.05078125 0.69453125 0.1015625 0.1703125
0 0.01484375 0.675 0.0296875 0.16875
0 0.17109375 0.53359375 0.115625 0.1515625
1 0.6015625 0.76953125 0.2234375 0.2625
0 0.67109375 0.90703125 0.0703125 0.08125
0 0.7078125 0.95859375 0.053125 0.0609375
0 0.5578125 0.9125 0.1203125 0.1