1 0.95390625 0.25546875 0.0921875 0.1359375
0 0.79375 0.2140625 0.125 0.134375
0 0.715625 0.21015625 0.0421875 0.0609375
0 0.70703125 0.2546875 0.059375 0.0578125
0 0.79453125 0.31640625 0.0578125 0.0859375
0 0.86875 0.33828125 0.0453125 0.0890625
0 0.9453125 0.37265625 0.040625 0.0625
0 0.98203125 0.38828125 0.0359375 0.0515625
1 0.8203125 0.1140625 0.1203125 0.1125
1 0.89140625 0.18125 0.115625 0.19375
1 0.528125 0.25859375 0.246875 0.5171875
1 0.6609375 0.74453125 0.415625 0.2453125
0 0.85703125 0.8328125 0.053125 0.046875
0 0.8 0.8828125 0.0625 0.0515625
0 0.69609375 0.8734375 0.1390625 0.071875
0 0.59765625 0.86171875 0.0515625 0.046875
0 0.4921875 0.85390625 0.0703125 0.0640625
0 0.240625 0.62734375 0.14375 0.2625
0 0.315625 0.67734375 0.0375 0.04375
0 0.1171875 0.640625 0.171875 0.1234375
0 0.2796875 0.684375 0.0390625 0.0671875
1 0.0203125 0.6453125 0.040625 0.046875
1 0.3109375 0.73828125 0.04375 0.0625
1 0.265625 0.74140625 0.0375 0.0546875
0 0.13828125 0.71015625 0.078125 0.0578125
1 0.053125 0.703125 0.10625 0.0875
0 0.09765625 0.55859375 0.075 0.071875