0 0.3859375 0.228125 0.153125 0.1515625
0 0.478125 0.3484375 0.06875 0.1078125
0 0.52265625 0.4109375 0.08125 0.1765625
0 0.578125 0.46796875 0.1515625 0.2921875
0 0.88828125 0.484375 0.2234375 0.253125
0 0.084375 0.67265625 0.16875 0.1640625
0 0.28984375 0.81484375 0.2796875 0.2671875
0 0.675 0.6703125 0.08125 0.06875
1 0.8453125 0.82265625 0.2265625 0.2921875
0 0.68828125 0.74453125 0.0953125 0.0984375
0 0.71171875 0.84453125 0.1078125 0.11875
1 0.6015625 0.878125 0.1671875 0.2375
0 0.71484375 0.9453125 0.1109375 0.109375
1 0.821875 0.97265625 0.1375 0.0546875