0 0.25546875 0.2453125 0.228125 0.15
0 0.5484375 0.20078125 0.025 0.028125
0 0.59453125 0.19765625 0.0265625 0.0375
0 0.76171875 0.2234375 0.0203125 0.0515625
0 0.7390625 0.265625 0.0203125 0.053125
0 0.70390625 0.2734375 0.028125 0.04375
0 0.834375 0.26953125 0.0578125 0.0515625
0 0.8984375 0.303125 0.0609375 0.1328125
0 0.85859375 0.36796875 0.05 0.05625
0 0.56875 0.43359375 0.0359375 0.040625
0 0.8046875 0.4109375 0.0703125 0.05
0 0.61171875 0.43203125 0.0328125 0.0453125
0 0.6921875 0.4296875 0.01875 0.028125
0 0.3328125 0.77109375 0.3796875 0.225
0 0.6015625 0.70390625 0.0625 0.065625
0 0.753125 0.85078125 0.1359375 0.1078125
0 0.80234375 0.93984375 0.0 0.071875