0 0.36484375 0.1296875 0.3765625 0.259375
0 0.76640625 0.31171875 0.4671875 0.6234375
0 0.54453125 0.746875 0.0375 0.04375
0 0.36875 0.7796875 0.0546875 0.05
0 0.2234375 0.8078125 0.0828125 0.0640625
1 0.30390625 0.79609375 0.0890625 0.0671875
1 0.57734375 0.79375 0.15625 0.084375
0 0.35078125 0.87265625 0.3171875 0.1578125
1 0.578125 0.690625 0.1234375 0.0828125
1 0.28828125 0.73671875 0.1921875 0.09375
1 0.45625 0.7390625 0.1609375 0.1421875
0 0.8921875 0.84453125 0.08125 0.0828125
0 0.97890625 0.84765625 0.040625 0.04375