0 0.1625 0.265625 0.325 0.490625
0 0.88125 0.21171875 0.13125 0.1109375
0 0.5546875 0.3328125 0.171875 0.21875
0 0.7359375 0.31953125 0.20625 0.2171875
0 0.821875 0.13359375 0.1671875 0.0859375
1 0.6171875 0.19375 0.0890625 0.1328125
1 0.5078125 0.20546875 0.1515625 0.1140625
0 0.14140625 0.88984375 0.2171875 0.2203125
1 0.5828125 0.6796875 0.1703125 0.2578125
0 0.74375 0.6890625 0.19375 0.2125
1 0.89453125 0.728125 0.128125 0.1578125
1 0.73125 0.565625 0.1765625 0.065625
0 0.59609375 0.85546875 0.0890625 0.1140625
0 0.63125 0.94765625 0.040625 0.0859375