1 0.80078125 0.31640625 0.134375 0.1296875
0 0.896875 0.38046875 0.1671875 0.171875
1 0.72265625 0.3734375 0.0953125 0.09375
0 0.95 0.25234375 0.0 0.1828125
1 0.9046875 0.22109375 0.1234375 0.1734375
0 0.525 0.06328125 0.05 0.06875
1 0.3296875 0.11171875 0.396875 0.2234375
0 0.5140625 0.128125 0.0578125 0.0734375
0 0.503125 0.18828125 0.053125 0.0625
1 0.45 0.19296875 0.0828125 0.1125
0 0.47734375 0.26171875 0.0921875 0.1140625
1 0.2046875 0.1609375 0.1890625 0.121875
0 0.534375 0.01640625 0.05625 0.0328125
1 0.56640625 0.05859375 0.1046875 0.1171875
0 0.63203125 0.8671875 0.3265625 0.265625
1 0.1578125 0.540625 0.1609375 0.1796875
0 0.084375 0.5109375 0.103125 0.1515625
1 0.2890625 0.66015625 0.2203125 0.2859375
1 0.18046875 0.6875 0.203125 0.3765625
1 0.02109375 0.6359375 0.0421875 0.1625
0 0.0890625 0.71640625 0.178125 0.2765625
1 0.23671875 0.40546875 0.4640625 0.3296875
0 0.03671875 0.3171875 0.059375 0.1265625