1 0.0578125 0.15859375 0.084375 0.05
0 0.55078125 0.19140625 0.5765625 0.3828125
0 0.4125 0.86328125 0.034375 0.04375
0 0.48671875 0.834375 0.05 0.059375
0 0.4984375 0.8828125 0.0296875 0.0359375
0 0.53515625 0.87421875 0.034375 0.040625
0 0.41953125 0.94453125 0.034375 0.0359375
0 0.44140625 0.97890625 0.025 0.0328125
0 0.56171875 0.92578125 0.0390625 0.046875
0 0.49140625 0.95859375 0.025 0.0328125
0 0.45234375 0.9703125 0.3078125 0.059375
0 0.43046875 0.8125 0.0421875 0.0484375
0 0.809375 0.5859375 0.1859375 0.1515625
0 0.67109375 0.70078125 0.24375 0.2484375
0 0.846875 0.68828125 0.0703125 0.075
1 0.74765625 0.796875 0.0890625 0.0859375