0 0.88046875 0.2140625 0.2390625 0.1875
1 0.41328125 0.1046875 0.1359375 0.209375
1 0.17265625 0.0984375 0.1890625 0.196875
0 0.09140625 0.17734375 0.0421875 0.0359375
0 0.3625 0.44921875 0.053125 0.08125
1 0.81328125 0.65390625 0.3734375 0.3671875
0 0.51171875 0.571875 0.3828125 0.3609375
0 0.3296875 0.72890625 0.1515625 0.2484375
1 0.6609375 0.8609375 0.453125 0.278125
0 0.4109375 0.8421875 0.2015625 0.315625
0 0.22421875 0.9125 0.0375 0.0578125
0 0.15625 0.33046875 0.171875 0.08125
0 0.13125 0.53125 0.2625 0.30625