0 0.73125 0.43359375 0.196875 0.2296875
0 0.309375 0.25859375 0.4125 0.5171875
0 0.34921875 0.3296875 0.1234375 0.178125
0 0.4546875 0.4953125 0.0578125 0.0640625
0 0.4765625 0.5359375 0.0734375 0.103125
0 0.53125 0.590625 0.10625 0.1140625
0 0.30234375 0.50234375 0.1953125 0.2078125
1 0.76640625 0.78515625 0.1015625 0.1359375
1 0.68828125 0.796875 0.1453125 0.178125
1 0.10078125 0.49140625 0.2015625 0.2046875
1 0.14921875 0.65 0.2984375 0.35
0 0.68515625 0.16640625 0.2078125 0.259375
1 0.4328125 0.140625 0.184375 0.2421875
0 0.47265625 0.18828125 0.1421875 0.1984375