0 0.26171875 0.05859375 0.0828125 0.1171875
0 0.29453125 0.103125 0.09375 0.1890625
0 0.16171875 0.2625 0.10625 0.225
0 0.103125 0.28671875 0.0640625 0.1484375
0 0.17578125 0.3140625 0.0765625 0.140625
0 0.1828125 0.4265625 0.0578125 0.1234375
0 0.12109375 0.4265625 0.109375 0.128125
0 0.2234375 0.07578125 0.14375 0.1515625
1 0.6828125 0.39921875 0.1828125 0.21875
0 0.58515625 0.48984375 0.1671875 0.1578125
0 0.62890625 0.8984375 0.0953125 0.09375
1 0.29375 0.7765625 0.3015625 0.1390625
0 0.48125 0.89921875 0.1640625 0.175
0 0.29453125 0.8796875 0.1140625 0.0890625
0 0.109375 0.8265625 0.06875 0.0515625
1 0.36328125 0.7484375 0.5140625 0.2359375
1 0.77421875 0.90546875 0.2296875 0.165625