0 0.13125 0.27265625 0.01875 0.071875
0 0.103125 0.32890625 0.01875 0.0765625
0 0.0703125 0.33125 0.025 0.0609375
0 0.18828125 0.35390625 0.053125 0.071875
0 0.2390625 0.415625 0.05625 0.1875
0 0.18984375 0.49921875 0.046875 0.0765625
0 0.13359375 0.54921875 0.0640625 0.0671875
0 0.02890625 0.5515625 0.0171875 0.0390625
0 0.77734375 0.21875 0.4453125 0.421875
0 0.20078125 0.85234375 0.0765625 0.190625
1 0.0328125 0.8671875 0.065625 0.2
0 0.11015625 0.91796875 0.1109375 0.071875
0 0.2703125 0.93046875 0.0859375 0.0421875
1 0.11640625 0.825 0.1140625 0.1296875
1 0.48671875 0.821875 0.1984375 0.1984375
0 0.64453125 0.87109375 0.05625 0.034375
1 0.79453125 0.88125 0.1734375 0.1015625
0 0.5890625 0.88046875 0.0546875 0.0796875
0 0.665625 0.90234375 0.0609375 0.0328125
1 0.55703125 0.95 0.1296875 0.1
1 0.74921875 0.78984375 0.153125 0.096875
1 0.628125 0.8 0.0 0.13125