1 0.7953125 0.3359375 0.259375 0.521875
1 0.28046875 0.4609375 0.4078125 0.384375
1 0.95390625 0.45546875 0.0921875 0.2515625
1 0.57734375 0.659375 0.1828125 0.159375
1 0.76328125 0.6734375 0.209375 0.16875
0 0.2546875 0.74609375 0.178125 0.2203125
0 0.4203125 0.77890625 0.1734375 0.2203125
0 0.93671875 0.7453125 0.1265625 0.340625
0 0.1234375 0.84453125 0.1890625 0.21875
0 0.5953125 0.8203125 0.1859375 0.2
0 0.7890625 0.834375 0.21875 0.184375
1 0.28671875 0.92421875 0.1546875 0.1515625
1 0.43984375 0.9375 0.1703125 0.125
1 0.134375 0.9671875 0.175 0.065625
1 0.6078125 0.95546875 0.1734375 0.0875
1 0.79453125 0.9484375 0.2015625 0.071875