1 0.853125 0.2078125 0.29375 0.290625
0 0.46796875 0.11640625 0.2359375 0.2328125
1 0.88125 0.8125 0.096875 0.1421875
1 0.72109375 0.734375 0.103125 0.140625
1 0.62890625 0.70078125 0.1390625 0.225
0 0.77421875 0.78671875 0.16875 0.2109375
0 0.83203125 0.83984375 0.1140625 0.1515625
0 0.565625 0.7265625 0.1140625 0.1546875
0 0.4609375 0.7296875 0.15 0.1625
0 0.6109375 0.84453125 0.0796875 0.1046875
1 0.734375 0.51953125 0.253125 0.2453125
1 0.8828125 0.615625 0.171875 0.225
0 0.8234375 0.609375 0.1375 0.18125
1 0.5546875 0.54609375 0.2578125 0.378125
1 0.875 0.7703125 0.10625 0.1546875
0 0.6859375 0.684375 0.096875 0.128125
0 0.2984375 0.56328125 0.596875 0.7765625