1 0.10390625 0.2234375 0.2078125 0.175
0 0.32421875 0.24375 0.2484375 0.1375
0 0.33125 0.36484375 0.13125 0.0546875
0 0.1734375 0.38671875 0.1140625 0.0484375
0 0.01328125 0.4125 0.0265625 0.021875
1 0.828125 0.04375 0.125 0.0875
0 0.75625 0.071875 0.0578125 0.0671875
1 0.68828125 0.08125 0.1046875 0.1078125
0 0.903125 0.06328125 0.0 0.1234375
0 0.8796875 0.11171875 0.0015625 0.0015625
0 0.640625 0.14765625 0.0390625 0.0578125
0 0.80546875 0.12890625 0.1125 0.040625
1 0.925 0.12109375 0.06875 0.053125
0 0.696875 0.16328125 0.0765625 0.0578125
1 0.72265625 0.01640625 0.1015625 0.0328125
0 0.43984375 0.865625 0.2640625 0.26875
0 0.86328125 0.70234375 0.1046875 0.3578125