0 0.753125 0.09921875 0.03125 0.0421875
0 0.953125 0.13203125 0.021875 0.0625
0 0.890625 0.14765625 0.0234375 0.0421875
0 0.7390625 0.165625 0.0265625 0.0359375
0 0.7828125 0.18203125 0.0203125 0.0359375
0 0.8640625 0.19296875 0.021875 0.0453125
0 0.72109375 0.228125 0.0296875 0.0875
0 0.9203125 0.22578125 0.0390625 0.121875
0 0.82421875 0.24375 0.0359375 0.0703125
0 0.778125 0.28828125 0.0375 0.0703125
0 0.9578125 0.303125 0.0359375 0.075
0 0.25390625 0.23515625 0.4109375 0.3328125
0 0.40546875 0.84140625 0.5828125 0.3171875