0 0.09140625 0.059375 0.0171875 0.0734375
1 0.2703125 0.1421875 0.3234375 0.2765625
1 0.0359375 0.18203125 0.071875 0.3203125
0 0.0875 0.13203125 0.021875 0.075
0 0.08359375 0.1 0.0203125 0.0609375
1 0.10859375 0.22890625 0.028125 0.11875
0 0.08515625 0.28828125 0.034375 0.115625
1 0.23515625 0.303125 0.103125 0.0640625
1 0.07578125 0.05859375 0.034375 0.0734375
1 0.7515625 0.0234375 0.225 0.046875
0 0.725 0.09375 0.053125 0.1203125
0 0.67578125 0.10625 0.040625 0.115625
0 0.3765625 0.59765625 0.35 0.31875
0 0.7921875 0.64609375 0.3234375 0.1828125