0 0.60546875 0.16171875 0.25 0.3234375
0 0.828125 0.1765625 0.20625 0.3453125
1 0.290625 0.03828125 0.075 0.0765625
1 0.146875 0.0375 0.090625 0.075
0 0.2234375 0.03828125 0.0625 0.0765625
1 0.39921875 0.121875 0.0609375 0.146875
0 0.20390625 0.16015625 0.340625 0.1703125
1 0.36328125 0.2578125 0.0890625 0.128125
0 0.134375 0.2671875 0.1 0.0609375
1 0.25625 0.28125 0.0484375 0.078125
1 0.121875 0.33828125 0.2171875 0.078125
1 0.29453125 0.36328125 0.128125 0.084375
0 0.6546875 0.56875 0.23125 0.1875
0 0.80234375 0.69140625 0.0703125 0.109375
0 0.78046875 0.81015625 0.0375 0.1375
0 0.52734375 0.8078125 0.1046875 0.115625
0 0.6453125 0.825 0.0578125 0.171875
0 0.69765625 0.83046875 0.0328125 0.1078125
0 0.0921875 0.628125 0.184375 0.440625