0 0.56328125 0.17890625 0.18125 0.1484375
0 0.2265625 0.06875 0.11875 0.115625
0 0.7 0.321875 0.23125 0.2265625
0 0.37578125 0.17109375 0.2125 0.1890625
0 0.1546875 0.23515625 0.184375 0.18125
0 0.453125 0.4015625 0.265625 0.296875
0 0.61796875 0.521875 0.1796875 0.184375
1 0.29296875 0.36875 0.1265625 0.153125
0 0.225 0.41953125 0.084375 0.075
0 0.64296875 0.05234375 0.1765625 0.1046875
0 0.79921875 0.15703125 0.190625 0.1734375
0 0.865625 0.50703125 0.26875 0.6078125
0 0.7484375 0.56328125 0.2390625 0.30625
0 0.16796875 0.7578125 0.078125 0.0859375
1 0.32265625 0.86171875 0.3640625 0.2765625
1 0.0765625 0.7078125 0.153125 0.271875