0 0.9265625 0.228125 0.146875 0.34375
0 0.278125 0.046875 0.08125 0.09375
1 0.59609375 0.08984375 0.28125 0.09375
0 0.390625 0.128125 0.140625 0.2140625
0 0.5421875 0.21875 0.1015625 0.09375
0 0.7109375 0.26328125 0.0625 0.053125
1 0.55390625 0.0453125 0.4734375 0.090625
1 0.1640625 0.02109375 0.1875 0.0421875
0 0.9703125 0.57734375 0.059375 0.1484375
0 0.94921875 0.734375 0.0671875 0.1875
0 0.915625 0.9171875 0.0484375 0.0796875
0 0.92578125 0.56015625 0.0765625 0.1671875
1 0.30234375 0.4296875 0.259375 0.3125
0 0.4375 0.56171875 0.115625 0.1234375
1 0.56796875 0.5828125 0.20625 0.1953125
0 0.14921875 0.53203125 0.2015625 0.2234375
0 0.19375 0.6203125 0.0015625 0.003125
0 0.66015625 0.70390625 0.078125 0.1015625
0 0.3375 0.65703125 0.2203125 0.08125
1 0.08515625 0.62890625 0.1703125 0.1078125
0 0.54921875 0.72578125 0.15 0.1078125
1 0.1140625 0.340625 0.2109375 0.19375
1 0.5078125 0.4046875 0.209375 0.1921875