0 0.753125 0.16171875 0.2140625 0.1515625
0 0.48203125 0.2734375 0.0640625 0.04375
0 0.5625 0.25078125 0.053125 0.040625
1 0.5234375 0.07734375 0.278125 0.1546875
0 0.234375 0.2953125 0.46875 0.534375
0 0.628125 0.41875 0.1125 0.1453125
0 0.7171875 0.34375 0.146875 0.146875
0 0.53125 0.45390625 0.121875 0.19375
0 0.2203125 0.64765625 0.2578125 0.25625
0 0.3890625 0.7203125 0.0984375 0.1296875
0 0.41875 0.846875 0.08125 0.1484375
0 0.21015625 0.92734375 0.128125 0.1453125
0 0.3140625 0.90546875 0.1125 0.1890625
0 0.359375 0.89375 0.0671875 0.11875