0 0.8625 0.259375 0.1390625 0.134375
1 0.93046875 0.33125 0.0828125 0.071875
0 0.9703125 0.3796875 0.059375 0.115625
1 0.87734375 0.1625 0.175 0.1375
1 0.95390625 0.25625 0.0921875 0.203125
0 0.490625 0.1109375 0.1140625 0.153125
0 0.33125 0.09765625 0.053125 0.06875
0 0.390625 0.1265625 0.084375 0.0984375
0 0.41328125 0.1859375 0.059375 0.1171875
1 0.55546875 0.03515625 0.0828125 0.0703125
0 0.43828125 0.059375 0.2109375 0.11875
0 0.28515625 0.0203125 0.1109375 0.040625
0 0.63359375 0.7671875 0.5578125 0.465625
1 0.1890625 0.5515625 0.359375 0.2796875
1 0.109375 0.65390625 0.1 0.1421875
0 0.2359375 0.72265625 0.134375 0.1375
0 0.23125 0.8234375 0.0578125 0.0828125
0 0.0796875 0.7625 0.159375 0.20625