0 0.0203125 0.40390625 0.040625 0.1046875
1 0.1203125 0.46015625 0.0984375 0.0875
0 0.0453125 0.14765625 0.090625 0.0671875
0 0.184375 0.12890625 0.078125 0.1046875
1 0.1078125 0.17421875 0.134375 0.125
0 0.04765625 0.2953125 0.0953125 0.221875
0 0.190625 0.2609375 0.0859375 0.13125
1 0.01796875 0.38984375 0.0359375 0.3484375
0 0.14453125 0.33125 0.0859375 0.1640625
0 0.440625 0.1421875 0.296875 0.284375
0 0.35234375 0.88515625 0.23125 0.196875
1 0.19609375 0.58203125 0.275 0.1609375
1 0.37109375 0.57734375 0.1453125 0.259375
1 0.1421875 0.71484375 0.09375 0.14375
0 0.2703125 0.69609375 0.2484375 0.2359375
0 0.68671875 0.6859375 0.2984375 0.2796875