1 0.15625 0.1671875 0.165625 0.1734375
1 0.503125 0.2796875 0.4859375 0.2328125
0 0.225 0.24921875 0.0734375 0.078125
0 0.33984375 0.31015625 0.04375 0.0375
0 0.25703125 0.34375 0.0890625 0.0796875
0 0.090625 0.2984375 0.0765625 0.04375
0 0.31640625 0.3703125 0.075 0.05625
0 0.809375 0.346875 0.2015625 0.234375
0 0.4703125 0.746875 0.146875 0.196875
0 0.3234375 0.7875 0.209375 0.365625
1 0.2375 0.7296875 0.2234375 0.4296875
0 0.45 0.9109375 0.1625 0.178125
1 0.45703125 0.5375 0.428125 0.190625
0 0.6984375 0.74375 0.24375 0.3703125