0 0.35234375 0.15234375 0.1796875 0.2375
0 0.12265625 0.12109375 0.0578125 0.071875
0 0.23984375 0.16484375 0.18125 0.3171875
0 0.1203125 0.22265625 0.1171875 0.096875
0 0.45078125 0.440625 0.1515625 0.2203125
0 0.07890625 0.36015625 0.1578125 0.2140625
0 0.23984375 0.44765625 0.315625 0.3
0 0.42890625 0.040625 0.1515625 0.08125
0 0.87421875 0.30546875 0.2203125 0.4
0 0.9171875 0.50078125 0.1171875 0.1453125
0 0.76328125 0.575 0.071875 0.1453125
0 0.8703125 0.62109375 0.05 0.1078125
0 0.71640625 0.58359375 0.0375 0.071875
0 0.909375 0.659375 0.0453125 0.1015625
1 0.94453125 0.29296875 0.1109375 0.2859375
0 0.25703125 0.80703125 0.1296875 0.08125
0 0.05234375 0.7390625 0.0640625 0.0625
0 0.11875 0.81796875 0.10625 0.125
0 0.02109375 0.80703125 0.0421875 0.0703125
1 0.16953125 0.7125 0.3390625 0.184375
1 0.40078125 0.834375 0.190625 0.153125
1 0.6078125 0.7984375 0.1640625 0.1375
0 0.5328125 0.8984375 0.078125 0.109375
1 0.4828125 0.8984375 0.0953125 0.2
1 0.825 0.9765625 0.0875 0.046875
0 0.77109375 0.96796875 0.1328125 0.0640625