0 0.9859375 0.05546875 0.028125 0.0484375
0 0.9265625 0.05390625 0.0328125 0.0515625
0 0.6921875 0.04140625 0.0265625 0.0453125
0 0.84765625 0.0578125 0.01875 0.0390625
0 0.77109375 0.05859375 0.025 0.0453125
0 0.8140625 0.0859375 0.028125 0.0359375
0 0.8921875 0.1015625 0.0234375 0.0421875
0 0.66796875 0.09453125 0.0296875 0.0515625
0 0.74375 0.12421875 0.0421875 0.1015625
0 0.94609375 0.1453125 0.0421875 0.1078125
0 0.85078125 0.15 0.03125 0.059375
0 0.69140625 0.1671875 0.025 0.05
0 0.8046875 0.1859375 0.03125 0.0796875
0 0.975 0.2234375 0.0359375 0.065625
1 0.2265625 0.02265625 0.3625 0.0453125
0 0.5421875 0.796875 0.05625 0.05625
1 0.56640625 0.4609375 0.2546875 0.2125
0 0.109375 0.73125 0.21875 0.49375