0 0.15546875 0.278125 0.0765625 0.215625
1 0.346875 0.24609375 0.0984375 0.2078125
0 0.2171875 0.27109375 0.0984375 0.140625
0 0.2796875 0.29765625 0.0453125 0.065625
0 0.309375 0.29296875 0.0359375 0.10625
0 0.325 0.3703125 0.025 0.0546875
0 0.14765625 0.4203125 0.0234375 0.0453125
0 0.19609375 0.4203125 0.0265625 0.0640625
0 0.1046875 0.12109375 0.0953125 0.1046875
1 0.21875 0.12421875 0.15625 0.1671875
1 0.82578125 0.03828125 0.1359375 0.0765625
1 0.91328125 0.10703125 0.0859375 0.2140625
1 0.58046875 0.13828125 0.4390625 0.2765625
0 0.8515625 0.14609375 0.1421875 0.1859375
1 0.56953125 0.2828125 0.2453125 0.1015625
0 0.51171875 0.403125 0.10625 0.165625
0 0.71171875 0.396875 0.1265625 0.16875
0 0.853125 0.384375 0.125 0.1640625
1 0.3046875 0.784375 0.078125 0.134375
0 0.3765625 0.80078125 0.0859375 0.0828125
0 0.4109375 0.9546875 0.0234375 0.0375
1 0.15703125 0.77890625 0.2578125 0.2265625
0 0.81171875 0.8765625 0.065625 0.1140625
0 0.94921875 0.8515625 0.0796875 0.1578125
0 0.62578125 0.94609375 0.0515625 0.084375
0 0.790625 0.64765625 0.41875 0.2328125
1 0.56171875 0.77890625 0.1078125 0.1
0 0.59609375 0.84765625 0.0796875 0.071875
1 0.53828125 0.86953125 0.065625 0.09375