0 0.1390625 0.13359375 0.209375 0.2671875
0 0.2890625 0.7359375 0.578125 0.528125
0 0.94296875 0.7515625 0.053125 0.0640625
0 0.79375 0.74453125 0.0484375 0.134375
1 0.64921875 0.78515625 0.0984375 0.3140625
1 0.840625 0.821875 0.0765625 0.109375
0 0.7390625 0.8546875 0.0609375 0.134375
0 0.77578125 0.8921875 0.05625 0.1484375
0 0.815625 0.94296875 0.0328125 0.0796875
0 0.846875 0.953125 0.0296875 0.0828125
1 0.7015625 0.9375 0.10625 0.0875
1 0.9140625 0.48203125 0.171875 0.2109375
0 0.8765625 0.5859375 0.0484375 0.084375
0 0.89453125 0.66875 0.115625 0.121875