0 0.22890625 0.15625 0.1015625 0.2515625
0 0.2953125 0.18359375 0.065625 0.0765625
0 0.021875 0.4234375 0.04375 0.115625
0 0.75703125 0.159375 0.15625 0.11875
0 0.21953125 0.85234375 0.3796875 0.2953125
1 0.7828125 0.6703125 0.3671875 0.190625
1 0.91875 0.759375 0.084375 0.0734375
1 0.65390625 0.79921875 0.06875 0.0890625
0 0.75234375 0.7890625 0.0796875 0.09375
0 0.83984375 0.78203125 0.0 0.103125
0 0.696875 0.81640625 0.0265625 0.059375
0 0.69921875 0.87109375 0.028125 0.034375
0 0.85 0.8609375 0.0421875 0.0703125
0 0.934375 0.85859375 0.078125 0.14375
0 0.74921875 0.89453125 0.059375 0.1015625
0 0.98125 0.871875 0.0375 0.13125
0 0.67109375 0.9375 0.040625 0.0890625
0 0.703125 0.940625 0.021875 0.071875