1 0.2796875 0.0625 0.11875 0.125
1 0.10234375 0.12265625 0.1203125 0.2453125
1 0.2546875 0.27421875 0.1015625 0.3078125
0 0.20859375 0.28203125 0.10625 0.3453125
1 0.13984375 0.31796875 0.2265625 0.6359375
1 0.16328125 0.5203125 0.0640625 0.1546875
0 0.2421875 0.553125 0.0671875 0.178125
0 0.19140625 0.53828125 0.071875 0.2234375
0 0.14765625 0.61796875 0.0359375 0.0515625
0 0.7640625 0.54453125 0.16875 0.2015625
0 0.11484375 0.78359375 0.2296875 0.3234375
1 0.4984375 0.8171875 0.153125 0.2296875
0 0.44765625 0.9546875 0.0828125 0.090625