1 0.74921875 0.12265625 0.1734375 0.0765625
0 0.89453125 0.17734375 0.1421875 0.1453125
0 0.83203125 0.2578125 0.0546875 0.0703125
0 0.7125 0.2484375 0.06875 0.0875
0 0.93828125 0.30078125 0.0421875 0.0515625
0 0.88125 0.07578125 0.1921875 0.0875
1 0.9609375 0.1671875 0.078125 0.23125
0 0.64921875 0.08046875 0.04375 0.040625
1 0.175 0.0328125 0.228125 0.065625
1 0.43671875 0.05546875 0.1578125 0.1109375
0 0.32109375 0.0546875 0.0953125 0.109375
0 0.45703125 0.13203125 0.0484375 0.0625
0 0.37421875 0.13671875 0.0296875 0.0546875
0 0.315625 0.13515625 0.0484375 0.034375
0 0.2140625 0.1421875 0.0625 0.0796875
0 0.81328125 0.8234375 0.3296875 0.2921875
1 0.078125 0.52109375 0.059375 0.0703125
0 0.11640625 0.52734375 0.034375 0.0546875
0 0.028125 0.51875 0.05625 0.075
1 0.075 0.403125 0.15 0.184375