1 0.38984375 0.01484375 0.0921875 0.0296875
0 0.31953125 0.02109375 0.1171875 0.0421875
0 0.42578125 0.01796875 0.0515625 0.0359375
1 0.2234375 0.06171875 0.090625 0.1234375
0 0.42265625 0.12421875 0.0390625 0.0671875
0 0.2453125 0.0921875 0.03125 0.053125
0 0.27578125 0.1515625 0.103125 0.1625
0 0.328125 0.23125 0.0484375 0.1046875
0 0.41015625 0.26796875 0.028125 0.0546875
0 0.19609375 0.19921875 0.0328125 0.0640625
0 0.75625 0.2296875 0.4875 0.265625
0 0.56875 0.36484375 0.296875 0.340625
1 0.64921875 0.08359375 0.2046875 0.146875
0 0.159375 0.8515625 0.265625 0.1859375
0 0.77890625 0.8796875 0.06875 0.05625
1 0.8296875 0.90546875 0.065625 0.0703125
1 0.4046875 0.803125 0.09375 0.090625
0 0.49921875 0.8375 0.14375 0.1125
0 0.5734375 0.86640625 0.04375 0.0515625
1 0.70625 0.946875 0.103125 0.10625
0 0.4703125 0.8890625 0.05625 0.053125
1 0.80625 0.76171875 0.0671875 0.0984375
1 0.58515625 0.73203125 0.4328125 0.296875
1 0.803125 0.8375 0.0953125 0.078125