1 0.1640625 0.24296875 0.265625 0.3078125
0 0.1546875 0.4296875 0.25 0.25625
0 0.69921875 0.071875 0.0625 0.078125
0 0.62265625 0.11171875 0.059375 0.078125
0 0.72734375 0.15625 0.0984375 0.1015625
0 0.6625 0.19921875 0.0671875 0.0859375
0 0.5921875 0.265625 0.0453125 0.0375
1 0.6015625 0.0578125 0.25625 0.115625
0 0.74140625 0.01328125 0.0640625 0.0265625
0 0.6734375 0.7171875 0.321875 0.48125
0 0.453125 0.8921875 0.4125 0.215625
1 0.98671875 0.49765625 0.0265625 0.1515625
0 0.98125 0.5296875 0.0375 0.0625
0 0.921875 0.56875 0.0765625 0.0890625
0 0.846875 0.62578125 0.0625 0.075
0 0.95078125 0.70078125 0.0984375 0.1796875
0 0.8765625 0.75 0.0859375 0.1203125
1 0.915625 0.46015625 0.1640625 0.1578125
1 0.78828125 0.51796875 0.20625 0.2125