0 0.16328125 0.29765625 0.2078125 0.1546875
0 0.2125 0.79609375 0.0328125 0.0640625
0 0.27421875 0.8796875 0.125 0.20625
0 0.134375 0.7 0.0890625 0.1109375
0 0.86171875 0.8328125 0.0703125 0.053125
1 0.921875 0.84921875 0.0625 0.071875
1 0.4375 0.846875 0.090625 0.090625
0 0.54765625 0.8609375 0.1484375 0.103125
0 0.63515625 0.8734375 0.0390625 0.05625
1 0.80078125 0.93671875 0.0921875 0.1265625
0 0.52890625 0.9265625 0.05625 0.0515625
1 0.86328125 0.690625 0.05625 0.109375
1 0.615625 0.71640625 0.459375 0.2515625
1 0.8765625 0.778125 0.0953125 0.0734375