0 0.4171875 0.3953125 0.1 0.2046875
1 0.34296875 0.18984375 0.4421875 0.3796875
0 0.68203125 0.15234375 0.2171875 0.3046875
0 0.8234375 0.23671875 0.1078125 0.14375
0 0.775 0.3859375 0.0734375 0.1453125
0 0.86640625 0.359375 0.053125 0.109375
0 0.7515625 0.4203125 0.0375 0.071875
0 0.9140625 0.36796875 0.046875 0.1015625
1 0.73125 0.090625 0.15625 0.18125
0 0.46484375 0.81953125 0.6203125 0.3609375
1 0.8859375 0.72890625 0.1296875 0.1015625
0 0.815625 0.76171875 0.065625 0.0890625
1 0.96875 0.7046875 0.0625 0.10625
0 0.94765625 0.77578125 0.05625 0.0734375
0 0.98671875 0.78671875 0.0265625 0.0984375
1 0.85859375 0.64140625 0.2828125 0.1984375