0 0.63515625 0.21328125 0.5265625 0.4265625
1 0.18671875 0.25390625 0.340625 0.221875
1 0.1953125 0.34921875 0.1234375 0.0875
0 0.07578125 0.403125 0.1515625 0.1
0 0.328125 0.328125 0.0609375 0.090625
0 0.01171875 0.48671875 0.0234375 0.0640625
0 0.32265625 0.40703125 0.05625 0.115625
1 0.12578125 0.5171875 0.2515625 0.165625
0 0.1390625 0.628125 0.2625 0.1921875
1 0.821875 0.58515625 0.121875 0.146875
1 0.9515625 0.575 0.096875 0.18125
0 0.81875 0.69296875 0.0953125 0.109375
0 0.4359375 0.83359375 0.471875 0.3328125