0 0.91328125 0.5640625 0.1734375 0.26875
0 0.1125 0.71875 0.0578125 0.1828125
0 0.034375 0.7203125 0.06875 0.15
0 0.23671875 0.75234375 0.040625 0.05
1 0.49453125 0.82109375 0.078125 0.071875
1 0.278125 0.815625 0.04375 0.1078125
1 0.234375 0.82578125 0.046875 0.09375
1 0.6625 0.84375 0.1046875 0.1015625
1 0.1359375 0.8390625 0.0984375 0.0625
0 0.75703125 0.86953125 0.09375 0.15
1 0.30859375 0.42109375 0.1625 0.109375
1 0.08984375 0.48515625 0.1171875 0.240625
1 0.1828125 0.56796875 0.09375 0.409375
1 0.61328125 0.58515625 0.3609375 0.421875