0 0.346875 0.28984375 0.165625 0.2125
0 0.89921875 0.34609375 0.2015625 0.3765625
0 0.62109375 0.0453125 0.1390625 0.090625
0 0.08671875 0.52421875 0.0375 0.0515625
1 0.0390625 0.5234375 0.0609375 0.096875
0 0.13359375 0.57265625 0.046875 0.06875
1 0.1640625 0.5890625 0.0359375 0.040625
1 0.09765625 0.57109375 0.090625 0.11875
0 0.01953125 0.53828125 0.0390625 0.1015625
0 0.040625 0.60078125 0.08125 0.1359375
1 0.146875 0.665625 0.06875 0.1125
0 0.115625 0.6625 0.0984375 0.1421875
0 0.075 0.65546875 0.05625 0.065625
0 0.01875 0.690625 0.0375 0.065625
0 0.12109375 0.42109375 0.059375 0.071875
0 0.021875 0.74453125 0.04375 0.0828125
0 0.08828125 0.8015625 0.0765625 0.096875
0 0.0484375 0.7953125 0.0515625 0.06875
0 0.134375 0.4859375 0.08125 0.090625
1 0.08046875 0.49140625 0.0703125 0.10625
0 0.4546875 0.79296875 0.6875 0.4140625