0 0.6953125 0.115625 0.053125 0.103125
1 0.53515625 0.1359375 0.2890625 0.1203125
0 0.38125 0.17890625 0.034375 0.1140625
1 0.89921875 0.1515625 0.153125 0.2609375
0 0.7796875 0.16640625 0.1421875 0.2578125
0 0.58203125 0.22890625 0.1796875 0.1171875
0 0.45390625 0.265625 0.0984375 0.0734375
0 0.584375 0.31640625 0.0359375 0.034375
0 0.72421875 0.31875 0.053125 0.0921875
1 0.815625 0.325 0.0484375 0.0796875
0 0.87265625 0.321875 0.078125 0.0875
0 0.825 0.384375 0.0484375 0.05
1 0.640625 0.046875 0.60625 0.09375
0 0.04375 0.24921875 0.0875 0.3921875
0 0.74140625 0.69296875 0.1421875 0.13125
0 0.89765625 0.70546875 0.1125 0.20625
0 0.8078125 0.78125 0.053125 0.071875
0 0.87578125 0.840625 0.14375 0.078125
1 0.88828125 0.5578125 0.0984375 0.109375
1 0.73125 0.59765625 0.0703125 0.084375
0 0.21796875 0.58828125 0.3828125 0.1078125