0 0.88828125 0.23203125 0.2234375 0.2953125
0 0.77734375 0.26171875 0.0890625 0.1609375
0 0.97578125 0.35859375 0.0484375 0.2640625
0 0.96015625 0.5734375 0.059375 0.1
1 0.93984375 0.6734375 0.0921875 0.1375
1 0.9703125 0.21875 0.059375 0.1875
0 0.38359375 0.09140625 0.1421875 0.1828125
0 0.60390625 0.27109375 0.1234375 0.1625
0 0.14609375 0.1578125 0.153125 0.153125
1 0.484375 0.27578125 0.1921875 0.2390625
0 0.3265625 0.2859375 0.175 0.1359375
1 0.5703125 0.1078125 0.309375 0.215625
1 0.2421875 0.071875 0.275 0.14375
0 0.7421875 0.14609375 0.1375 0.2
0 0.64609375 0.93515625 0.1640625 0.1296875
0 0.065625 0.74921875 0.13125 0.2609375
1 0.3453125 0.896875 0.365625 0.20625
0 0.10390625 0.86875 0.153125 0.1
1 0.2734375 0.77890625 0.334375 0.1671875