1 0.8375 0.365625 0.2609375 0.5140625
1 0.31953125 0.38984375 0.4046875 0.3828125
1 0.96015625 0.51015625 0.0796875 0.2453125
1 0.56796875 0.63515625 0.18125 0.159375
1 0.74375 0.6828125 0.2078125 0.16875
0 0.2421875 0.6578125 0.1765625 0.21875
0 0.39453125 0.72109375 0.1734375 0.21875
0 0.91015625 0.78828125 0.15625 0.334375
0 0.09765625 0.728125 0.1875 0.215625
0 0.5546875 0.7921875 0.1859375 0.1984375
0 0.73828125 0.84296875 0.215625 0.1828125
1 0.2390625 0.8421875 0.153125 0.1625
1 0.3828125 0.8859375 0.16875 0.14375
1 0.08359375 0.8828125 0.1671875 0.1375
1 0.5390625 0.940625 0.175 0.11875
1 0.71953125 0.95859375 0.2015625 0.0828125