0 0.190625 0.153125 0.20625 0.25625
0 0.3890625 0.2296875 0.15625 0.1109375
0 0.18359375 0.34453125 0.0609375 0.1125
0 0.39296875 0.32421875 0.0390625 0.0828125
0 0.1109375 0.3703125 0.034375 0.05625
0 0.48359375 0.33125 0.03125 0.078125
1 0.33828125 0.096875 0.146875 0.175
0 0.81328125 0.190625 0.2109375 0.1359375
0 0.78828125 0.32109375 0.134375 0.1046875
0 0.9125 0.31015625 0.0765625 0.06875
1 0.92578125 0.09921875 0.078125 0.1703125
0 0.3765625 0.85390625 0.690625 0.2921875
0 0.82890625 0.625 0.3421875 0.440625