0 0.3734375 0.19296875 0.46875 0.3859375
1 0.971875 0.31171875 0.05625 0.2828125
1 0.88046875 0.19140625 0.13125 0.1703125
0 0.8234375 0.171875 0.1078125 0.165625
0 0.8703125 0.3640625 0.259375 0.484375
0 0.803125 0.3421875 0.103125 0.184375
0 0.60234375 0.36796875 0.053125 0.0625
0 0.7046875 0.471875 0.1734375 0.171875
1 0.7625 0.1234375 0.13125 0.1375
0 0.23359375 0.65234375 0.4671875 0.6109375
0 0.58984375 0.87421875 0.2953125 0.2515625
0 0.36640625 0.975 0.046875 0.03125
1 0.628125 0.740625 0.2734375 0.165625
1 0.81953125 0.8375 0.221875 0.246875