0 0.3484375 0.2140625 0.4828125 0.265625
0 0.796875 0.1234375 0.01875 0.0921875
0 0.9609375 0.16796875 0.078125 0.3359375
0 0.74375 0.1609375 0.0375 0.08125
0 0.796875 0.31171875 0.0375 0.23125
0 0.7484375 0.3171875 0.0375 0.228125
0 0.840625 0.0671875 0.0515625 0.134375
1 0.94296875 0.73515625 0.1140625 0.228125
0 0.65859375 0.75 0.025 0.140625
0 0.68046875 0.75859375 0.0125 0.1
0 0.721875 0.76015625 0.0296875 0.140625
0 0.62265625 0.7796875 0.015625 0.153125
0 0.8390625 0.79296875 0.134375 0.3421875
1 0.75625 0.83515625 0.028125 0.1640625
1 0.9203125 0.9078125 0.025 0.08125
0 0.98671875 0.91171875 0.0265625 0.1765625
0 0.94765625 0.95078125 0.015625 0.06875