0 0.603125 0.2234375 0.05625 0.125
0 0.67890625 0.234375 0.0796875 0.1046875
0 0.48984375 0.234375 0.0375 0.0359375
1 0.2546875 0.253125 0.0703125 0.0515625
1 0.44765625 0.271875 0.0421875 0.075
1 0.484375 0.2828125 0.04375 0.065625
1 0.10390625 0.2515625 0.096875 0.0734375
1 0.57109375 0.3015625 0.090625 0.046875
0 0.0375 0.259375 0.04375 0.1015625
1 0.45390625 0.0234375 0.1453125 0.046875
1 0.64296875 0.08046875 0.1109375 0.146875
1 0.55234375 0.12734375 0.0921875 0.253125
1 0.178125 0.1171875 0.309375 0.234375
0 0.8734375 0.15078125 0.184375 0.253125
0 0.7765625 0.228125 0.01875 0.0390625
1 0.95625 0.25703125 0.025 0.0484375
1 0.7796875 0.28203125 0.0390625 0.0421875
0 0.846875 0.28828125 0.1015625 0.046875
1 0.92890625 0.31484375 0.075 0.0796875
1 0.83046875 0.32890625 0.1296875 0.0546875
0 0.42265625 0.6359375 0.3046875 0.15625
1 0.75546875 0.54609375 0.15625 0.225
0 0.9078125 0.56171875 0.184375 0.2328125
0 0.81484375 0.82578125 0.3421875 0.3484375