1 0.13203125 0.125 0.2640625 0.18125
0 0.32890625 0.25703125 0.3515625 0.50625
0 0.8046875 0.340625 0.36875 0.2078125
0 0.22578125 0.865625 0.2203125 0.2390625
1 0.90546875 0.50703125 0.15 0.221875
1 0.78828125 0.55703125 0.1609375 0.284375
1 0.6921875 0.57734375 0.115625 0.2859375
1 0.59140625 0.603125 0.175 0.3140625
0 0.8515625 0.69921875 0.059375 0.0390625
0 0.7921875 0.71171875 0.0609375 0.0375
0 0.721875 0.73203125 0.065625 0.0421875
0 0.66796875 0.76328125 0.0515625 0.0421875
0 0.6203125 0.79453125 0.0578125 0.0421875
0 0.5890625 0.83125 0.0578125 0.0390625