1 0.478125 0.18671875 0.159375 0.2875
0 0.34296875 0.24375 0.153125 0.1265625
0 0.771875 0.26796875 0.1890625 0.1796875
1 0.1578125 0.49609375 0.146875 0.2359375
1 0.05703125 0.52421875 0.1140625 0.1703125
1 0.20390625 0.36484375 0.275 0.1203125
1 0.89140625 0.91640625 0.05625 0.084375
0 0.615625 0.8484375 0.121875 0.14375
1 0.5234375 0.86875 0.0578125 0.1265625
1 0.6921875 0.5265625 0.1171875 0.15
0 0.853125 0.59296875 0.29375 0.2453125
0 0.63125 0.62265625 0.0828125 0.109375
1 0.896875 0.7828125 0.0984375 0.1875
0 0.79296875 0.78515625 0.0625 0.165625
0 0.92421875 0.82578125 0.04375 0.109375