0 0.85859375 0.346875 0.2828125 0.459375
1 0.96875 0.33046875 0.0625 0.3015625
0 0.31796875 0.21484375 0.4828125 0.4296875
1 0.52421875 0.703125 0.140625 0.1703125
1 0.725 0.81640625 0.2125 0.2046875
1 0.4328125 0.72421875 0.090625 0.1171875
0 0.81875 0.96171875 0.084375 0.0765625
0 0.6984375 0.93984375 0.0984375 0.1109375
0 0.62578125 0.9328125 0.0984375 0.109375
0 0.3984375 0.846875 0.125 0.1625
0 0.7421875 0.97109375 0.103125 0.0578125
0 0.546875 0.92734375 0.0 0.103125
0 0.46484375 0.90859375 0.1109375 0.1015625
1 0.6625 0.98515625 0.08125 0.0296875
1 0.59609375 0.9796875 0.0859375 0.040625
1 0.43984375 0.9640625 0.1015625 0.071875
0 0.1890625 0.71640625 0.378125 0.3953125