0 0.6953125 0.18828125 0.33125 0.3765625
0 0.11484375 0.31171875 0.2296875 0.4890625
1 0.740625 0.7859375 0.1390625 0.1265625
0 0.64375 0.80625 0.09375 0.10625
1 0.53828125 0.84453125 0.1671875 0.159375
0 0.425 0.884375 0.103125 0.0703125
0 0.5515625 0.9 0.075 0.059375
1 0.646875 0.8875 0.1359375 0.09375
0 0.796875 0.86953125 0.1828125 0.115625
1 0.51796875 0.61328125 0.5375 0.4203125
0 0.228125 0.89765625 0.1234375 0.1546875
0 0.278125 0.9875 0.125 0.025
1 0.23125 0.76875 0.165625 0.134375
1 0.1109375 0.82265625 0.1359375 0.18125