0 0.29609375 0.215625 0.028125 0.0515625
0 0.3734375 0.20625 0.04375 0.0703125
0 0.3765625 0.271875 0.025 0.04375
0 0.41328125 0.27578125 0.0296875 0.0484375
0 0.2875 0.32109375 0.03125 0.040625
0 0.303125 0.371875 0.0203125 0.0390625
0 0.4296875 0.35078125 0.0328125 0.0578125
0 0.3546875 0.36640625 0.0203125 0.0390625
0 0.08828125 0.50703125 0.1765625 0.2953125
0 0.31015625 0.47578125 0.3234375 0.19375
0 0.32265625 0.1578125 0.0375 0.059375
0 0.71875 0.346875 0.4796875 0.3765625
0 0.32734375 0.9421875 0.0890625 0.0984375
0 0.43515625 0.94609375 0.0453125 0.0515625