0 0.6203125 0.065625 0.0265625 0.0546875
0 0.53671875 0.0796875 0.0421875 0.075
0 0.55234375 0.14765625 0.0234375 0.046875
0 0.515625 0.16328125 0.028125 0.0515625
0 0.659375 0.171875 0.03125 0.04375
0 0.65859375 0.2296875 0.0203125 0.040625
0 0.52109375 0.24453125 0.03125 0.0609375
0 0.603125 0.23828125 0.0203125 0.0421875
0 0.915625 0.30390625 0.1625 0.3046875
0 0.68203125 0.3390625 0.340625 0.1875
0 0.57421875 0.021875 0.0359375 0.04375
0 0.234375 0.32734375 0.46875 0.3765625
0 0.80234375 0.8265625 0.090625 0.1015625
0 0.6921875 0.8625 0.046875 0.053125