0 0.17265625 0.2484375 0.040625 0.0578125
0 0.253125 0.22109375 0.059375 0.0796875
0 0.271875 0.28984375 0.0359375 0.05
0 0.3125 0.2859375 0.040625 0.0546875
0 0.18828125 0.3625 0.040625 0.0484375
0 0.215625 0.41328125 0.0296875 0.04375
0 0.34609375 0.36171875 0.046875 0.0640625
0 0.27109375 0.3953125 0.0296875 0.04375
0 0.06953125 0.5921875 0.1390625 0.30625
0 0.246875 0.521875 0.365625 0.26875
0 0.1890625 0.18046875 0.0515625 0.0671875
0 0.65390625 0.29296875 0.5625 0.4875
0 0.3703125 0.978125 0.1125 0.04375
0 0.48671875 0.98203125 0.0578125 0.0359375