0 0.71953125 0.1953125 0.2984375 0.359375
0 0.13984375 0.1609375 0.2296875 0.321875
1 0.55546875 0.74140625 0.128125 0.115625
0 0.46171875 0.7265625 0.084375 0.096875
1 0.35546875 0.725 0.153125 0.14375
0 0.24296875 0.72109375 0.096875 0.0625
0 0.3484375 0.77734375 0.06875 0.0515625
1 0.4375 0.7984375 0.1265625 0.084375
0 0.57578125 0.83359375 0.1703125 0.1015625
1 0.41640625 0.5140625 0.496875 0.3765625
0 0.06328125 0.66640625 0.1109375 0.1421875
0 0.06171875 0.82265625 0.1234375 0.1421875
1 0.109375 0.55390625 0.153125 0.121875
1 0.0234375 0.5625 0.046875 0.159375