0 0.12890625 0.36015625 0.2578125 0.4703125
0 0.6734375 0.22109375 0.496875 0.4421875
1 0.4578125 0.72578125 0.1453125 0.175
1 0.25078125 0.8421875 0.21875 0.2125
1 0.5515625 0.746875 0.09375 0.121875
0 0.278125 0.95625 0.103125 0.0875
0 0.35234375 0.95234375 0.1015625 0.0953125
0 0.5875 0.8734375 0.1296875 0.16875
0 0.23125 0.9859375 0.10625 0.028125
0 0.43359375 0.9515625 0.1046875 0.096875
0 0.51953125 0.93828125 0.115625 0.10625
1 0.540625 0.97890625 0.0 0.0421875
0 0.8046875 0.73984375 0.390625 0.4078125