1 0.2859375 0.028125 0.159375 0.05625
1 0.3859375 0.0609375 0.1125 0.121875
1 0.48671875 0.134375 0.1109375 0.1515625
0 0.44296875 0.128125 0.0546875 0.08125
0 0.29609375 0.08984375 0.071875 0.0953125
0 0.3421875 0.159375 0.103125 0.128125
0 0.87890625 0.3578125 0.2421875 0.43125
0 0.7 0.27265625 0.2375 0.1890625
1 0.13984375 0.39453125 0.18125 0.2265625
1 0.26328125 0.496875 0.2875 0.340625
0 0.07890625 0.56875 0.1578125 0.20625
1 0.25546875 0.6875 0.0734375 0.0765625
0 0.1796875 0.66875 0.059375 0.0828125
0 0.21484375 0.7828125 0.1078125 0.1578125
0 0.64453125 0.63984375 0.7109375 0.5765625