1 0.43046875 0.3796875 0.859375 0.53125
0 0.14765625 0.5625 0.0296875 0.009375
0 0.19921875 0.64296875 0.2109375 0.0296875
0 0.70703125 0.63515625 0.0453125 0.015625
0 0.42421875 0.6453125 0.015625 0.00625
0 0.534375 0.65546875 0.0578125 0.0203125
0 0.84609375 0.6515625 0.0234375 0.015625
0 0.7875 0.66171875 0.0265625 0.0203125
0 0.45234375 0.6703125 0.0640625 0.0328125
0 0.23984375 0.67578125 0.0296875 0.015625
0 0.74453125 0.66875 0.0296875 0.0203125
0 0.67890625 0.67265625 0.0578125 0.0328125
0 0.61640625 0.68125 0.0484375 0.0234375
0 0.12734375 0.70078125 0.015625 0.0125