1 0.5 0.37734375 0 0.7546875
0 0.15078125 0.38828125 0.03125 0.0203125
0 0.165625 0.4859375 0.2125 0.1109375
0 0.65234375 0.6953125 0.05 0.0328125
0 0.37890625 0.584375 0.0171875 0.0125
0 0.4796875 0.64140625 0.0640625 0.0421875
0 0.778125 0.7703125 0.028125 0.025
0 0.71796875 0.75390625 0.0328125 0.0296875
0 0.39453125 0.6203125 0.075 0.05625
0 0.18984375 0.534375 0.034375 0.0265625
0 0.67421875 0.7421875 0.0359375 0.0296875
0 0.61015625 0.71875 0.06875 0.0546875
0 0.546875 0.70078125 0.0546875 0.040625
0 0.07265625 0.5125 0.0203125 0.01875